s1
0
 2013 04 20 14 00 18.472     2013 04 20 14 02 57.616     159.1
 2013 04 20 20 34 35.858     2013 04 20 20 38  8.312     212.5
1
 2013 04 20 22 16 33.699     2013 04 20 22 19 25.925     172.2
2
 2013 04 20 10 47 15.579     2013 04 20 10 50 20.020     184.4
 2013 04 20 19 04 56.931     2013 04 20 19 05  1.287       4.4
3
 2013 04 20 22 21 26.480     2013 04 20 22 24 36.119     189.6
4
 2013 04 20 13 58 24.185     2013 04 20 14 01 57.832     213.6
 2013 04 20 22 13 57.120     2013 04 20 22 17 28.353     211.2
5
 2013 04 20 00 19 29.725     2013 04 20 00 22  9.565     159.8
6
 2013 04 20 13 57 33.674     2013 04 20 14 00 59.828     206.2
 2013 04 20 22 12 26.390     2013 04 20 22 15   .597     154.2
7
8
 2013 04 20 20 36 33.514     2013 04 20 20 39 49.343     195.8
9
 2013 04 20 22 20   .710     2013 04 20 22 22 54.748     174.0
10
 2013 04 20 20 36 54.475     2013 04 20 20 39 38.433     164.0
11
 2013 04 20 12 21 43.607     2013 04 20 12 24 31.708     168.1
 2013 04 20 20 43  9.572     2013 04 20 20 43 11.141       1.6
12
13
14
 2013 04 20 12 23 15.449     2013 04 20 12 23 58.254      42.8
 2013 04 20 22 15 34.431     2013 04 20 22 16  2.868      28.4
15
 2013 04 20 12 17 19.258     2013 04 20 12 20 32.099     192.8
 2013 04 20 22 19 42.170     2013 04 20 22 22 17.679     155.5
16
 2013 04 20 13 58 10.040     2013 04 20 14 01 12.804     182.8
 2013 04 20 22 14   .311     2013 04 20 22 16 50.136     169.8
17
 2013 04 20 10 42 40.155     2013 04 20 10 45 20.912     160.8
 2013 04 20 20 43 41.894     2013 04 20 20 47 20.155     218.3
18
 2013 04 20 12 24  9.944     2013 04 20 12 27  6.159     176.2
 2013 04 20 20 39  8.610     2013 04 20 20 42 25.506     196.9
19
 2013 04 20 12 25 39.049     2013 04 20 12 28 19.574     160.5
 2013 04 20 19 00 27.831     2013 04 20 19 00 30.616       2.8
20
 2013 04 20 09 07 59.173     2013 04 20 09 08 16.734      17.6
 2013 04 20 20 47 56.420     2013 04 20 20 51 22.639     206.2
21
22
 2013 04 20 12 15 39.961     2013 04 20 12 16 34.131      54.2
 2013 04 20 22 20 10.851     2013 04 20 22 23 48.502     217.7
23
 2013 04 20 00 18 51.528     2013 04 20 00 19 49.851      58.3
24
 2013 04 20 19 02 26.186     2013 04 20 19 05 28.369     182.2
25
 2013 04 20 14 01 59.188     2013 04 20 14 04 46.869     167.7
 2013 04 20 20 34 54.155     2013 04 20 20 37 51.538     177.4
26
 2013 04 20 12 21 56.033     2013 04 20 12 24 31.747     155.7
 2013 04 20 20 42 35.288     2013 04 20 20 42 46.559      11.3
27
 2013 04 20 14 00 18.359     2013 04 20 14 00 49.376      31.0
 2013 04 20 22 11 56.704     2013 04 20 22 14 53.697     177.0
28
 2013 04 20 12 17 49.922     2013 04 20 12 18 41.711      51.8
 2013 04 20 22 19 39.347     2013 04 20 22 22 33.788     174.4
29
30
 2013 04 20 13 58 16.587     2013 04 20 13 58 36.664      20.1
 2013 04 20 22 14  6.016     2013 04 20 22 15 12.530      66.5
31
32
 2013 04 20 10 39  1.815     2013 04 20 10 41 42.514     160.7
33
 2013 04 20 12 23 33.856     2013 04 20 12 26 14.114     160.3
 2013 04 20 20 39 18.083     2013 04 20 20 41 52.538     154.5
34
 2013 04 20 10 40 38.618     2013 04 20 10 43 20.113     161.5
35
36
 2013 04 20 14 00 21.659     2013 04 20 14 04 11.945     230.3
 2013 04 20 20 36 29.760     2013 04 20 20 39 25.769     176.0
37
 2013 04 20 10 42 43.074     2013 04 20 10 45 17.000     153.9
 2013 04 20 20 44 15.814     2013 04 20 20 47 37.908     202.1
38
 2013 04 20 14 00 46.687     2013 04 20 14 01 10.890      24.2
 2013 04 20 22 12   .509     2013 04 20 22 14 40.400     159.9
39
 2013 04 20 12 23 49.924     2013 04 20 12 26 49.145     179.2
 2013 04 20 20 39 25.467     2013 04 20 20 42 20.726     175.3
40
 2013 04 20 12 24 10.477     2013 04 20 12 26 52.958     162.5
 2013 04 20 20 38 19.748     2013 04 20 20 41 15.919     176.2
41
 2013 04 20 00 22  1.682     2013 04 20 00 23 14.198      72.5
 2013 04 20 12 12 44.214     2013 04 20 12 15 20.976     156.8
42
 2013 04 20 15 35 25.149     2013 04 20 15 36 15.206      50.1
 2013 04 20 22 11 19.442     2013 04 20 22 13 52.993     153.6
43
44
 2013 04 20 14 04 21.992     2013 04 20 14 04 39.801      17.8
 2013 04 20 15 38 38.650     2013 04 20 15 42  5.822     207.2
 2013 04 20 20 34  1.825     2013 04 20 20 36 36.404     154.6
45
 2013 04 20 12 14  5.569     2013 04 20 12 17 30.761     205.2
46
 2013 04 20 12 23 51.161     2013 04 20 12 26 44.482     173.3
 2013 04 20 20 39 21.515     2013 04 20 20 42 14.008     172.5
47
 2013 04 20 22 21 17.885     2013 04 20 22 21 50.187      32.3
48
 2013 04 20 10 39 11.807     2013 04 20 10 41 53.006     161.2
49
 2013 04 20 22 11 27.744     2013 04 20 22 15 13.745     226.0
50
 2013 04 20 12 27 56.080     2013 04 20 12 30 36.933     160.9
 2013 04 20 17 22 16.945     2013 04 20 17 22 47.719      30.8
 2013 04 20 19 00 26.412     2013 04 20 19 03 49.194     202.8
51
52
53
 2013 04 20 12 15 37.605     2013 04 20 12 18 11.135     153.5
54
 2013 04 20 22 21 52.667     2013 04 20 22 25  2.686     190.0
55
 2013 04 20 10 43 55.093     2013 04 20 10 47 10.737     195.6
 2013 04 20 20 44 40.708     2013 04 20 20 47 34.165     173.5
56
 2013 04 20 09 04 18.173     2013 04 20 09 06 59.518     161.3
 2013 04 20 20 49 10.267     2013 04 20 20 52 44.637     214.4
57
 2013 04 20 14 00 26.573     2013 04 20 14 03 26.415     179.8
 2013 04 20 20 34 27.880     2013 04 20 20 37 30.435     182.6
58
 2013 04 20 12 13 32.153     2013 04 20 12 16 18.446     166.3
59
60
 2013 04 20 12 18 54.410     2013 04 20 12 21 34.316     159.9
 2013 04 20 22 17 59.021     2013 04 20 22 20 36.799     157.8
61
 2013 04 20 20 41 58.384     2013 04 20 20 44 34.650     156.3
62
 2013 04 20 12 22 57.194     2013 04 20 12 25 35.613     158.4
 2013 04 20 20 38 44.227     2013 04 20 20 41 31.840     167.6
63
 2013 04 20 12 24  7.909     2013 04 20 12 26 53.536     165.6
 2013 04 20 20 39  4.274     2013 04 20 20 42  9.170     184.9
64
 2013 04 20 15 37 19.244     2013 04 20 15 40  8.626     169.4
 2013 04 20 20 32 14.595     2013 04 20 20 35 59.879     225.3
 2013 04 20 22 09 54.445     2013 04 20 22 10 17.253      22.8
65
 2013 04 20 12 25  7.888     2013 04 20 12 28 28.846     201.0
 2013 04 20 18 59 10.412     2013 04 20 18 59 14.535       4.1
66
 2013 04 20 12 21  3.616     2013 04 20 12 24 36.919     213.3
67
 2013 04 20 12 23 21.837     2013 04 20 12 25 58.909     157.1
 2013 04 20 20 38 50.341     2013 04 20 20 41 24.067     153.7
68
 2013 04 20 10 43  1.976     2013 04 20 10 43 17.394      15.4
 2013 04 20 22 21 46.554     2013 04 20 22 21 47.520       1.0
69
 2013 04 20 10 45 35.473     2013 04 20 10 48 29.679     174.2
 2013 04 20 20 42  6.961     2013 04 20 20 43  8.942      62.0
70
71
72
 2013 04 20 15 37 15.306     2013 04 20 15 40 17.924     182.6
 2013 04 20 20 32 24.333     2013 04 20 20 33 37.391      73.1
 2013 04 20 22 10  6.877     2013 04 20 22 10 23.849      17.0
73
74
 2013 04 20 20 47 34.582     2013 04 20 20 50 27.805     173.2
75
 2013 04 20 00 16 28.738     2013 04 20 00 18 13.028     104.3
 2013 04 20 13 52 57.890     2013 04 20 13 56 37.563     219.7
76
 2013 04 20 20 48 52.329     2013 04 20 20 51 22.532     150.2
77
78
 2013 04 20 12 15 18.831     2013 04 20 12 17 55.008     156.2
79
80
 2013 04 20 20 41 21.093     2013 04 20 20 43 54.472     153.4
81
 2013 04 20 20 47 34.106     2013 04 20 20 51 13.718     219.6
82
 2013 04 20 12 16 59.951     2013 04 20 12 19 34.670     154.7
 2013 04 20 22 18 46.030     2013 04 20 22 22 19.658     213.6
83
 2013 04 20 09 02 57.397     2013 04 20 09 06 10.416     193.0
 2013 04 20 20 49 46.119     2013 04 20 20 52 16.167     150.0
84
 2013 04 20 10 40 11.850     2013 04 20 10 43 15.831     184.0
85
 2013 04 20 14 00 58.983     2013 04 20 14 03 43.317     164.3
 2013 04 20 20 34 58.231     2013 04 20 20 37 39.858     161.6
86
87
 2013 04 20 12 18 53.628     2013 04 20 12 21 34.028     160.4
 2013 04 20 22 18 31.603     2013 04 20 22 21 22.461     170.9
88
 2013 04 20 10 42  7.867     2013 04 20 10 45  2.357     174.5
89
 2013 04 20 13 59 15.733     2013 04 20 14 02 39.553     203.8
 2013 04 20 22 11 22.976     2013 04 20 22 11 26.451       3.5
90
 2013 04 20 12 13 40.595     2013 04 20 12 16 58.864     198.3
91
 2013 04 20 14 00 59.546     2013 04 20 14 03 35.251     155.7
 2013 04 20 20 35 16.120     2013 04 20 20 38  2.470     166.4
92
 2013 04 20 12 26  7.791     2013 04 20 12 28 46.024     158.2
 2013 04 20 19 00 24.017     2013 04 20 19 03 32.995     189.0
93
 2013 04 20 13 59 42.429     2013 04 20 13 59 51.740       9.3
 2013 04 20 15 37 30.234     2013 04 20 15 37 52.978      22.7
 2013 04 20 20 33 40.122     2013 04 20 20 36 54.915     194.8
94
95
96
 2013 04 20 12 21 53.745     2013 04 20 12 22 22.559      28.8
 2013 04 20 20 37 22.339     2013 04 20 20 40 56.753     214.4
97
 2013 04 20 14 01 17.882     2013 04 20 14 04 44.325     206.4
 2013 04 20 20 36 31.185     2013 04 20 20 39  5.585     154.4
98
 2013 04 20 22 23 18.157     2013 04 20 22 25 48.188     150.0
99
 2013 04 20 12 22 27.609     2013 04 20 12 25 53.634     206.0
 2013 04 20 20 40  5.952     2013 04 20 20 42 46.406     160.5
100
 2013 04 20 12 22 48.174     2013 04 20 12 25 34.403     166.2
 2013 04 20 20 39 29.516     2013 04 20 20 42 14.436     164.9
101
 2013 04 20 10 44  8.121     2013 04 20 10 47 21.494     193.4
 2013 04 20 20 44 28.624     2013 04 20 20 47 33.424     184.8
102
 2013 04 20 12 24  4.785     2013 04 20 12 26 41.754     157.0
 2013 04 20 20 38 35.449     2013 04 20 20 41 25.212     169.8
103
104
 2013 04 20 10 45 40.907     2013 04 20 10 49  7.560     206.7
105
 2013 04 20 22 24 19.696     2013 04 20 22 25  5.183      45.5
106
 2013 04 20 12 26 35.449     2013 04 20 12 29 16.423     161.0
 2013 04 20 19 01 12.203     2013 04 20 19 03 55.505     163.3
107
 2013 04 20 22 22 20.680     2013 04 20 22 24 51.843     151.2
108
109
 2013 04 20 10 46  1.300     2013 04 20 10 46  5.216       3.9
110
 2013 04 20 12 22 24.705     2013 04 20 12 24 59.609     154.9
 2013 04 20 20 38 43.157     2013 04 20 20 42  8.537     205.4
111
 2013 04 20 19 02 21.500     2013 04 20 19 05 43.644     202.1
112
 2013 04 20 12 29 12.587     2013 04 20 12 31 50.887     158.3
 2013 04 20 17 23 53.093     2013 04 20 17 26 38.042     164.9
113
114
 2013 04 20 14 03 14.101     2013 04 20 14 06 27.210     193.1
 2013 04 20 18 58 37.469     2013 04 20 19 01 49.866     192.4
115
 2013 04 20 20 36 59.962     2013 04 20 20 40 30.781     210.8
116
 2013 04 20 22 22  5.970     2013 04 20 22 24 38.904     152.9
117
118
119
 2013 04 20 10 39 29.499     2013 04 20 10 41 13.444     103.9
120
 2013 04 20 12 15 49.161     2013 04 20 12 17  8.566      79.4
 2013 04 20 22 20  8.668     2013 04 20 22 23 39.344     210.7
121
 2013 04 20 10 39 29.246     2013 04 20 10 42 35.606     186.4
122
 2013 04 20 10 43 18.425     2013 04 20 10 46 59.713     221.3
 2013 04 20 20 45 13.267     2013 04 20 20 47 53.963     160.7
123
 2013 04 20 10 46  6.985     2013 04 20 10 49 20.336     193.4
124
 2013 04 20 13 58 46.634     2013 04 20 14 01 29.696     163.1
 2013 04 20 22 12 40.625     2013 04 20 22 15 46.209     185.6
125
 2013 04 20 12 18  5.436     2013 04 20 12 21 20.727     195.3
 2013 04 20 22 17 37.986     2013 04 20 22 20 15.676     157.7
126
 2013 04 20 22 22 54.157     2013 04 20 22 26 27.172     213.0
127
 2013 04 20 14 00  6.060     2013 04 20 14 03  9.350     183.3
 2013 04 20 20 35 28.536     2013 04 20 20 39 13.383     224.8
128
 2013 04 20 12 23  7.291     2013 04 20 12 25 43.346     156.1
 2013 04 20 20 39 11.658     2013 04 20 20 41 49.603     157.9
129
 2013 04 20 12 19  8.330     2013 04 20 12 22 39.157     210.8
 2013 04 20 22 16 52.455     2013 04 20 22 19 43.536     171.1
130
 2013 04 20 12 17 22.975     2013 04 20 12 17 42.216      19.2
131
 2013 04 20 09 05 34.904     2013 04 20 09 06 16.568      41.7
 2013 04 20 20 49 21.066     2013 04 20 20 52  1.543     160.5
132
 2013 04 20 20 37 23.263     2013 04 20 20 40  7.593     164.3
133
 2013 04 20 14 01  8.486     2013 04 20 14 03 44.067     155.6
 2013 04 20 20 35 23.222     2013 04 20 20 38  3.462     160.2
134
 2013 04 20 12 14 49.729     2013 04 20 12 17 29.867     160.1
135
 2013 04 20 00 18 23.978     2013 04 20 00 20 59.307     155.3
136
 2013 04 20 10 39  2.548     2013 04 20 10 41 43.378     160.8
 2013 04 20 22 23 19.816     2013 04 20 22 23 54.631      34.8
137
 2013 04 20 14 00 29.902     2013 04 20 14 03  7.800     157.9
 2013 04 20 20 34 47.793     2013 04 20 20 38  4.991     197.2
138
 2013 04 20 15 36 17.931     2013 04 20 15 38 58.842     160.9
 2013 04 20 22 10 14.823     2013 04 20 22 12 55.814     161.0
139
 2013 04 20 10 41 30.834     2013 04 20 10 41 37.730       6.9
 2013 04 20 20 45 58.660     2013 04 20 20 48 59.356     180.7
140
 2013 04 20 20 46 41.584     2013 04 20 20 49 40.151     178.6
141
 2013 04 20 12 28 26.951     2013 04 20 12 31  8.225     161.3
 2013 04 20 17 23 12.585     2013 04 20 17 26 50.191     217.6
 2013 04 20 19 00 46.520     2013 04 20 19 01  3.309      16.8
142
143
 2013 04 20 22 20 53.176     2013 04 20 22 24 10.662     197.5
144
 2013 04 20 12 21 33.760     2013 04 20 12 24  8.712     155.0
145
 2013 04 20 20 47  3.504     2013 04 20 20 49 49.536     166.0
146
147
148
 2013 04 20 14 01 37.123     2013 04 20 14 04 53.306     196.2
 2013 04 20 15 39 10.751     2013 04 20 15 40 22.948      72.2
 2013 04 20 20 34 29.670     2013 04 20 20 37 22.661     173.0
149
 2013 04 20 10 45 59.981     2013 04 20 10 49 36.086     216.1
150
 2013 04 20 20 37  1.144     2013 04 20 20 39 35.234     154.1
151
 2013 04 20 12 23  3.870     2013 04 20 12 25 46.659     162.8
 2013 04 20 20 38 37.932     2013 04 20 20 41 19.739     161.8
152
 2013 04 20 00 20 19.599     2013 04 20 00 22 58.109     158.5
153
 2013 04 20 10 44 25.801     2013 04 20 10 47   .156     154.4
 2013 04 20 20 43 54.284     2013 04 20 20 46 37.162     162.9
154
 2013 04 20 20 47  5.703     2013 04 20 20 49 40.152     154.4
155
 2013 04 20 00 18  8.155     2013 04 20 00 20 38.529     150.4
156
 2013 04 20 00 18 26.079     2013 04 20 00 21 32.348     186.3
157
 2013 04 20 15 36 47.823     2013 04 20 15 39 33.663     165.8
 2013 04 20 20 31  6.945     2013 04 20 20 32  6.404      59.5
 2013 04 20 22 09 14.788     2013 04 20 22 12 36.681     201.9
158
 2013 04 20 13 57 33.950     2013 04 20 14 00 57.639     203.7
 2013 04 20 22 12 28.184     2013 04 20 22 15  2.549     154.4
159
 2013 04 20 12 26 54.362     2013 04 20 12 29 36.740     162.4
 2013 04 20 19 01 21.377     2013 04 20 19 03 55.758     154.4
160
161
 2013 04 20 14 01 11.031     2013 04 20 14 04 56.897     225.9
 2013 04 20 15 39  6.164     2013 04 20 15 42 37.298     211.1
 2013 04 20 20 34 12.222     2013 04 20 20 36 57.770     165.5
162
163
 2013 04 20 00 21 21.745     2013 04 20 00 23 53.339     151.6
 2013 04 20 12 14 31.019     2013 04 20 12 15 35.230      64.2
164
 2013 04 20 10 44 31.333     2013 04 20 10 47 14.689     163.4
 2013 04 20 20 44   .645     2013 04 20 20 47   .247     179.6
165
 2013 04 20 00 20 13.548     2013 04 20 00 23  5.737     172.2
166
167
 2013 04 20 14 02 39.889     2013 04 20 14 06 23.985     224.1
 2013 04 20 18 58 27.239     2013 04 20 18 59 12.500      45.3
168
 2013 04 20 13 57 43.155     2013 04 20 14 00 52.873     189.7
 2013 04 20 22 14 17.621     2013 04 20 22 16 52.541     154.9
169
170
 2013 04 20 10 49 28.007     2013 04 20 10 52 16.048     168.0
 2013 04 20 19 03 52.402     2013 04 20 19 06 36.566     164.2
171
 2013 04 20 14 03 24.905     2013 04 20 14 03 34.949      10.0
 2013 04 20 15 37 20.567     2013 04 20 15 38  7.340      46.8
 2013 04 20 20 33 24.587     2013 04 20 20 36 53.685     209.1
172
 2013 04 20 15 37 53.031     2013 04 20 15 41 30.596     217.6
 2013 04 20 20 33 38.695     2013 04 20 20 36 34.732     176.0
173
 2013 04 20 12 22 33.341     2013 04 20 12 25 56.615     203.3
 2013 04 20 20 37 54.991     2013 04 20 20 40 52.071     177.1
174
 2013 04 20 12 20 24.090     2013 04 20 12 21 11.450      47.4
175
 2013 04 20 12 14 47.724     2013 04 20 12 17 49.430     181.7
176
 2013 04 20 10 45  7.260     2013 04 20 10 48  5.655     178.4
 2013 04 20 20 42 32.332     2013 04 20 20 45 46.319     194.0
177
 2013 04 20 22 15 13.524     2013 04 20 22 18 44.672     211.1
178
 2013 04 20 12 23 33.114     2013 04 20 12 26  9.513     156.4
 2013 04 20 20 38 50.937     2013 04 20 20 41 23.895     153.0
179
 2013 04 20 12 18 52.161     2013 04 20 12 21 47.417     175.3
 2013 04 20 22 17 39.840     2013 04 20 22 20 16.104     156.3
180
 2013 04 20 14 02 38.439     2013 04 20 14 05 14.347     155.9
 2013 04 20 18 57  7.063     2013 04 20 19 00 57.526     230.5
 2013 04 20 20 35  4.361     2013 04 20 20 38 41.837     217.5
181
 2013 04 20 22 20 54.560     2013 04 20 22 23 27.694     153.1
182
 2013 04 20 12 23 33.479     2013 04 20 12 26 22.307     168.8
 2013 04 20 20 39 28.058     2013 04 20 20 42  4.945     156.9
183
 2013 04 20 12 15 14.645     2013 04 20 12 18 34.246     199.6
184
 2013 04 20 22 16  7.301     2013 04 20 22 18 47.137     159.8
185
 2013 04 20 12 26 49.085     2013 04 20 12 29 49.418     180.3
 2013 04 20 19 00 19.946     2013 04 20 19 02 54.790     154.8
186
 2013 04 20 12 25 38.436     2013 04 20 12 28 22.121     163.7
 2013 04 20 18 59 52.052     2013 04 20 19 03 38.420     226.4
187
 2013 04 20 22 23 25.427     2013 04 20 22 25 56.737     151.3
188
 2013 04 20 10 40 37.120     2013 04 20 10 41 47.104      70.0
 2013 04 20 22 23 19.122     2013 04 20 22 26  1.548     162.4
189
 2013 04 20 00 20 12.268     2013 04 20 00 22 42.302     150.0
190
 2013 04 20 10 39 20.498     2013 04 20 10 42 20.121     179.6
191
 2013 04 20 13 58 10.783     2013 04 20 14 00 55.280     164.5
 2013 04 20 22 13 47.536     2013 04 20 22 16 28.004     160.5
192
 2013 04 20 10 45 33.272     2013 04 20 10 48 11.711     158.4
 2013 04 20 20 42 31.061     2013 04 20 20 43 37.125      66.1
193
 2013 04 20 12 13  4.849     2013 04 20 12 15 39.847     155.0
194
195
 2013 04 20 14 03 59.380     2013 04 20 14 06 44.268     164.9
 2013 04 20 18 58 45.577     2013 04 20 19 01 22.261     156.7
196
 2013 04 20 14 01 43.007     2013 04 20 14 05 18.876     215.9
 2013 04 20 20 36 32.245     2013 04 20 20 39 24.672     172.4
197
 2013 04 20 22 20 46.963     2013 04 20 22 23 11.656     144.7
198
 2013 04 20 12 25 25.466     2013 04 20 12 28 25.806     180.3
 2013 04 20 18 59 31.635     2013 04 20 19 00 38.865      67.2
199
 2013 04 20 10 42 37.880     2013 04 20 10 45 28.316     170.4
 2013 04 20 20 44 52.390     2013 04 20 20 47 54.624     182.2
200
 2013 04 20 12 27 26.892     2013 04 20 12 30  8.286     161.4
 2013 04 20 19 01 18.737     2013 04 20 19 04  3.216     164.5
201
202
 2013 04 20 10 42 12.876     2013 04 20 10 42 14.152       1.3
 2013 04 20 22 22 56.249     2013 04 20 22 25 45.560     169.3
203
 2013 04 20 12 13 10.710     2013 04 20 12 15 59.783     169.1
204
 2013 04 20 22 14 59.505     2013 04 20 22 18 41.641     222.1
205
 2013 04 20 00 21 36.608     2013 04 20 00 21 50.631      14.0
 2013 04 20 12 13  2.877     2013 04 20 12 15 36.567     153.7
206
 2013 04 20 20 46 34.492     2013 04 20 20 49  7.672     153.2
207
 2013 04 20 10 38 17.644     2013 04 20 10 41 10.093     172.4
 2013 04 20 22 23 54.857     2013 04 20 22 26 54.144     179.3
208
 2013 04 20 12 21 18.289     2013 04 20 12 24 35.845     197.6
209
 2013 04 20 12 16 32.555     2013 04 20 12 19 51.093     198.5
210
 2013 04 20 20 51 15.594     2013 04 20 20 51 36.905      21.3
211
 2013 04 20 14 00 15.644     2013 04 20 14 00 22.151       6.5
 2013 04 20 22 11 36.369     2013 04 20 22 15 15.746     219.4
212
 2013 04 20 00 19 11.672     2013 04 20 00 21 48.257     156.6
213
214
215
216
 2013 04 20 12 25   .597     2013 04 20 12 27 51.354     170.8
217
218
 2013 04 20 22 23 21.127     2013 04 20 22 26 23.862     182.7
219
 2013 04 20 12 21 43.449     2013 04 20 12 24 55.791     192.3
 2013 04 20 20 39 34.447     2013 04 20 20 43 17.435     223.0
220
221
222
 2013 04 20 12 28 45.401     2013 04 20 12 32  2.128     196.7
 2013 04 20 17 24 12.274     2013 04 20 17 27 24.929     192.7
223
 2013 04 20 12 20 15.192     2013 04 20 12 22 51.911     156.7
224
225
226
 2013 04 20 12 21 15.862     2013 04 20 12 24 44.722     208.9
227
228
229
230
 2013 04 20 00 19 34.938     2013 04 20 00 22  4.995     150.1
231
 2013 04 20 00 21 17.789     2013 04 20 00 23 49.032     151.2
232
 2013 04 20 00 19 47.524     2013 04 20 00 22 42.652     175.1
233
234
 2013 04 20 22 15 42.737     2013 04 20 22 18 20.457     157.7
235
 2013 04 20 15 36 44.748     2013 04 20 15 39 35.997     171.2
 2013 04 20 22 10 17.755     2013 04 20 22 13 28.758     191.0
236
 2013 04 20 20 47  1.743     2013 04 20 20 49 32.063     150.3
237
 2013 04 20 13 54 48.798     2013 04 20 13 58   .892     192.1
238
 2013 04 20 10 39 55.221     2013 04 20 10 42 34.844     159.6
239
 2013 04 20 10 40 55.322     2013 04 20 10 40 59.654       4.3
 2013 04 20 22 23 39.117     2013 04 20 22 26 17.085     158.0
240
 2013 04 20 14 02 20.035     2013 04 20 14 04 59.227     159.2
 2013 04 20 19 00 37.181     2013 04 20 19 00 47.078       9.9
 2013 04 20 20 35   .557     2013 04 20 20 38 16.014     195.5
241
 2013 04 20 12 25 23.309     2013 04 20 12 26 14.346      51.0
 2013 04 20 14 03  7.951     2013 04 20 14 03 23.404      15.5
 2013 04 20 18 59 19.935     2013 04 20 19 02 27.387     187.5
242
 2013 04 20 12 26 56.496     2013 04 20 12 30 27.953     211.5
 2013 04 20 14 04 41.749     2013 04 20 14 08 23.359     221.6
 2013 04 20 18 59 52.222     2013 04 20 19 02 41.884     169.7
243
 2013 04 20 12 16 20.265     2013 04 20 12 18 53.901     153.6
244
 2013 04 20 12 17 22.342     2013 04 20 12 20 18.078     175.7
 2013 04 20 22 19 27.180     2013 04 20 22 22  9.937     162.8
245
 2013 04 20 15 37 24.127     2013 04 20 15 40 36.021     191.9
 2013 04 20 20 32 44.200     2013 04 20 20 36 20.648     216.4
246
247
 2013 04 20 13 59 41.570     2013 04 20 14 02 23.234     161.7
248
 2013 04 20 22 11  1.358     2013 04 20 22 12 17.497      76.1
249
250
 2013 04 20 12 22 33.743     2013 04 20 12 26 11.477     217.7
 2013 04 20 20 37 46.946     2013 04 20 20 40 38.088     171.1
251
 2013 04 20 10 47  5.383     2013 04 20 10 49 39.846     154.5
252
 2013 04 20 10 48 34.780     2013 04 20 10 49 13.289      38.5
 2013 04 20 19 03 13.053     2013 04 20 19 05 46.311     153.3
253
 2013 04 20 12 25 18.527     2013 04 20 12 28 30.702     192.2
254
 2013 04 20 12 28 25.001     2013 04 20 12 31  2.467     157.5
 2013 04 20 17 22 52.884     2013 04 20 17 26 15.809     202.9
 2013 04 20 19 00 17.321     2013 04 20 19 00 34.797      17.5
255
 2013 04 20 10 40 32.835     2013 04 20 10 41 32.293      59.5
256
 2013 04 20 12 25 31.904     2013 04 20 12 29  8.173     216.3
 2013 04 20 19 01 31.405     2013 04 20 19 05  4.303     212.9
257
 2013 04 20 12 28 45.641     2013 04 20 12 31 57.133     191.5
 2013 04 20 17 24  7.491     2013 04 20 17 27 20.692     193.2
258
 2013 04 20 15 37  5.704     2013 04 20 15 40 28.021     202.3
 2013 04 20 20 36  7.228     2013 04 20 20 36 34.324      27.1
 2013 04 20 22 10 23.425     2013 04 20 22 10 50.540      27.1
259
 2013 04 20 14 03 46.988     2013 04 20 14 06 30.209     163.2
 2013 04 20 18 58 34.710     2013 04 20 19 01 16.943     162.2
260
 2013 04 20 12 21 41.677     2013 04 20 12 21 43.185       1.5
 2013 04 20 20 37 13.494     2013 04 20 20 37 36.895      23.4
261
 2013 04 20 12 27 42.021     2013 04 20 12 29 18.474      96.5
 2013 04 20 19 01 57.628     2013 04 20 19 05 34.758     217.1
262
 2013 04 20 12 25 43.600     2013 04 20 12 28 20.561     157.0
 2013 04 20 19 00  5.552     2013 04 20 19 03 51.850     226.3
263
264
 2013 04 20 10 52 26.212     2013 04 20 10 53  7.816      41.6
 2013 04 20 19 02 53.034     2013 04 20 19 05 42.205     169.2
265
 2013 04 20 12 27 32.586     2013 04 20 12 28  5.675      33.1
 2013 04 20 20 36 57.985     2013 04 20 20 40 20.344     202.4
266
 2013 04 20 22 15 32.349     2013 04 20 22 18 10.635     158.3
267
 2013 04 20 10 43 23.568     2013 04 20 10 45 57.279     153.7
 2013 04 20 20 44 15.660     2013 04 20 20 46 58.387     162.7
268
 2013 04 20 22 23  2.916     2013 04 20 22 26 33.629     210.7
269
 2013 04 20 12 15 20.642     2013 04 20 12 18 25.924     185.3
270
 2013 04 20 22 20 43.007     2013 04 20 22 23 16.362     153.4
271
 2013 04 20 12 25 18.922     2013 04 20 12 28 10.780     171.9
272
 2013 04 20 00 17   .873     2013 04 20 00 19 54.222     173.3
 2013 04 20 13 52 26.877     2013 04 20 13 55 52.709     205.8
273
 2013 04 20 20 41 30.546     2013 04 20 20 44 10.943     160.4
274
 2013 04 20 20 46  4.155     2013 04 20 20 48 39.899     155.7
275
276
 2013 04 20 12 22 28.610     2013 04 20 12 22 46.843      18.2
 2013 04 20 20 40 31.944     2013 04 20 20 43  4.252     152.3
277
 2013 04 20 10 40 54.337     2013 04 20 10 44 12.291     198.0
278
 2013 04 20 22 14 39.523     2013 04 20 22 18 14.412     214.9
279
 2013 04 20 10 38  7.353     2013 04 20 10 40 45.337     158.0
 2013 04 20 22 24 45.864     2013 04 20 22 28  1.833     196.0
280
 2013 04 20 22 15 20.763     2013 04 20 22 18 17.354     176.6
281
 2013 04 20 10 44 19.210     2013 04 20 10 47  5.359     166.1
 2013 04 20 20 44 12.804     2013 04 20 20 47  3.685     170.9
282
 2013 04 20 13 59 55.593     2013 04 20 14 02 53.688     178.1
 2013 04 20 20 39  4.885     2013 04 20 20 39 17.965      13.1
283
 2013 04 20 12 24 12.385     2013 04 20 12 24 49.851      37.5
284
 2013 04 20 12 26 29.805     2013 04 20 12 29 37.236     187.4
 2013 04 20 19 01 42.770     2013 04 20 19 04 23.188     160.4
285
 2013 04 20 12 27 21.958     2013 04 20 12 30 23.804     181.8
 2013 04 20 14 04 43.891     2013 04 20 14 04 43.263       -.6
 2013 04 20 19 00 11.854     2013 04 20 19 03  8.993     177.1
286
 2013 04 20 12 24 46.126     2013 04 20 12 27 29.193     163.1
 2013 04 20 20 38 28.010     2013 04 20 20 39  8.711      40.7
287
288
 2013 04 20 10 43 50.886     2013 04 20 10 46 30.316     159.4
 2013 04 20 20 44 26.343     2013 04 20 20 46 57.706     151.4
289
290
 2013 04 20 12 17   .575     2013 04 20 12 19 48.234     167.7
 2013 04 20 22 19 15.627     2013 04 20 22 22 26.832     191.2
291
 2013 04 20 12 23 16.135     2013 04 20 12 26 33.751     197.6
 2013 04 20 20 38  3.971     2013 04 20 20 40 37.091     153.1
292
 2013 04 20 12 22 55.239     2013 04 20 12 23  9.948      14.7
 2013 04 20 20 40 21.359     2013 04 20 20 43  6.379     165.0
293
 2013 04 20 12 14 41.631     2013 04 20 12 17 17.802     156.2
294
 2013 04 20 22 15 37.584     2013 04 20 22 18 59.928     202.3
295
 2013 04 20 20 47 48.855     2013 04 20 20 51 22.658     213.8
296
 2013 04 20 12 18 27.408     2013 04 20 12 21 43.437     196.0
 2013 04 20 22 17 31.663     2013 04 20 22 20  2.985     151.3
297
 2013 04 20 10 44 35.310     2013 04 20 10 47 28.618     173.3
 2013 04 20 20 43 59.972     2013 04 20 20 47 15.567     195.6
298
 2013 04 20 12 26 59.679     2013 04 20 12 29 36.848     157.2
 2013 04 20 19 01 10.942     2013 04 20 19 03 44.934     154.0
299
 2013 04 20 12 25  2.648     2013 04 20 12 25 54.466      51.8
 2013 04 20 20 37 20.963     2013 04 20 20 40 48.156     207.2
300
 2013 04 20 00 19 34.562     2013 04 20 00 23  3.895     209.3
301
 2013 04 20 12 28 35.684     2013 04 20 12 31 19.061     163.4
 2013 04 20 17 23 25.605     2013 04 20 17 26 51.898     206.3
302
 2013 04 20 12 28 30.954     2013 04 20 12 31 49.670     198.7
 2013 04 20 17 23 58.242     2013 04 20 17 27 29.426     211.2
303
304
 2013 04 20 10 42 27.939     2013 04 20 10 45 11.566     163.6
 2013 04 20 20 46 51.028     2013 04 20 20 47 29.714      38.7
305
 2013 04 20 12 26 28.487     2013 04 20 12 26 56.725      28.2
 2013 04 20 19 02 26.822     2013 04 20 19 05   .369     153.5
306
 2013 04 20 20 40 43.103     2013 04 20 20 43 46.105     183.0
307
308
 2013 04 20 10 45 58.756     2013 04 20 10 48 34.587     155.8
309
 2013 04 20 15 37 45.403     2013 04 20 15 41  1.558     196.2
 2013 04 20 20 33 11.739     2013 04 20 20 36 19.708     188.0
310
 2013 04 20 22 21 41.307     2013 04 20 22 24 11.575     150.3
311
 2013 04 20 12 17 27.061     2013 04 20 12 20 39.405     192.3
 2013 04 20 22 17 38.897     2013 04 20 22 20 50.992     192.1
312
 2013 04 20 22 22 31.127     2013 04 20 22 25 15.758     164.6
313
 2013 04 20 00 18 36.965     2013 04 20 00 22 14.042     217.1
314
 2013 04 20 12 18 40.603     2013 04 20 12 21 34.497     173.9
 2013 04 20 22 18 49.272     2013 04 20 22 21 41.259     172.0
315
316
 2013 04 20 12 23  4.830     2013 04 20 12 26 20.705     195.9
 2013 04 20 20 39 56.601     2013 04 20 20 42 29.647     153.0
317
 2013 04 20 22 22 13.516     2013 04 20 22 25 35.898     202.4
318
 2013 04 20 10 40 30.801     2013 04 20 10 43 41.413     190.6
319
 2013 04 20 10 38 58.194     2013 04 20 10 39 26.912      28.7
320
 2013 04 20 15 35 32.541     2013 04 20 15 39 14.335     221.8
 2013 04 20 22 11  8.591     2013 04 20 22 13 42.208     153.6
321
 2013 04 20 13 58 33.291     2013 04 20 14 01 25.092     171.8
 2013 04 20 22 12 37.405     2013 04 20 22 15 30.963     173.6
322
 2013 04 20 20 46 39.095     2013 04 20 20 48 46.312     127.2
323
 2013 04 20 20 42 10.159     2013 04 20 20 44 48.986     158.8
324
 2013 04 20 10 49 10.108     2013 04 20 10 51 54.285     164.2
 2013 04 20 19 04 53.683     2013 04 20 19 07 31.162     157.5
325
 2013 04 20 13 57 36.988     2013 04 20 14 00 12.210     155.2
 2013 04 20 22 13 35.626     2013 04 20 22 16 13.278     157.7
326
 2013 04 20 10 48 30.200     2013 04 20 10 52 14.759     224.6
 2013 04 20 19 03 18.191     2013 04 20 19 05 52.575     154.4
327
 2013 04 20 13 55 33.643     2013 04 20 13 58 42.953     189.3
328
 2013 04 20 10 36 40.952     2013 04 20 10 40 22.022     221.1
 2013 04 20 22 24  4.110     2013 04 20 22 26 48.550     164.4
329
 2013 04 20 10 41 41.594     2013 04 20 10 45  7.155     205.6
 2013 04 20 20 45 20.617     2013 04 20 20 48 53.136     212.5
330
 2013 04 20 10 43 25.151     2013 04 20 10 46  7.373     162.2
 2013 04 20 20 43 46.925     2013 04 20 20 46 34.261     167.3
331
 2013 04 20 14 01  5.389     2013 04 20 14 04 30.960     205.6
 2013 04 20 20 36 29.032     2013 04 20 20 39  3.261     154.2
332
 2013 04 20 20 40 41.621     2013 04 20 20 41 34.188      52.6
333
334
 2013 04 20 20 42  4.168     2013 04 20 20 45  5.410     181.2
335
 2013 04 20 00 19 11.494     2013 04 20 00 19 13.171       1.7
336
 2013 04 20 14 03  2.341     2013 04 20 14 06 39.839     217.5
 2013 04 20 18 58 47.438     2013 04 20 19 02  9.683     202.2
337
338
 2013 04 20 20 47 19.347     2013 04 20 20 50 18.586     179.2
339
 2013 04 20 20 46  3.378     2013 04 20 20 48 34.430     151.1
340
 2013 04 20 22 21  8.844     2013 04 20 22 24 44.150     215.3
341
 2013 04 20 12 23 59.439     2013 04 20 12 26 40.320     160.9
 2013 04 20 20 39  5.796     2013 04 20 20 41 57.541     171.7
342
 2013 04 20 10 47 26.411     2013 04 20 10 51  4.042     217.6
 2013 04 20 19 03   .551     2013 04 20 19 06 42.586     222.0
343
 2013 04 20 00 19 52.360     2013 04 20 00 20 25.073      32.7
344
 2013 04 20 15 38 10.294     2013 04 20 15 40 56.290     166.0
 2013 04 20 20 33  2.849     2013 04 20 20 35 48.536     165.7
345
 2013 04 20 20 41 24.975     2013 04 20 20 43 57.059     152.1
346
347
 2013 04 20 12 19  5.929     2013 04 20 12 22 49.622     223.7
 2013 04 20 22 16 42.795     2013 04 20 22 19 34.117     171.3
348
 2013 04 20 10 44 54.718     2013 04 20 10 47 45.001     170.3
 2013 04 20 20 43 39.067     2013 04 20 20 47 16.082     217.0
349
 2013 04 20 12 17 28.542     2013 04 20 12 20 11.072     162.5
 2013 04 20 22 18 11.841     2013 04 20 22 21 23.976     192.1
350
 2013 04 20 12 15  5.978     2013 04 20 12 18 27.776     201.8
351
 2013 04 20 12 30  7.250     2013 04 20 12 30 17.993      10.7
 2013 04 20 14 04 17.115     2013 04 20 14 07 40.023     202.9
 2013 04 20 18 59 33.028     2013 04 20 19 02  8.258     155.2
352
353
 2013 04 20 20 40 50.779     2013 04 20 20 43 43.027     172.2
354
 2013 04 20 12 22  3.777     2013 04 20 12 25 46.684     222.9
 2013 04 20 20 37 31.627     2013 04 20 20 40 56.443     204.8
355
 2013 04 20 22 22 27.744     2013 04 20 22 25 11.177     163.4
356
 2013 04 20 12 14 49.446     2013 04 20 12 15 20.032      30.6
357
 2013 04 20 09 07 18.798     2013 04 20 09 08 17.603      58.8
 2013 04 20 20 47 52.459     2013 04 20 20 51 32.712     220.3
358
 2013 04 20 10 53 31.595     2013 04 20 10 53 50.875      19.3
 2013 04 20 19 02 18.032     2013 04 20 19 05 56.043     218.0
359
 2013 04 20 13 57 29.691     2013 04 20 14 00  5.308     155.6
 2013 04 20 22 13 21.644     2013 04 20 22 16  5.421     163.8
360
 2013 04 20 12 24 27.599     2013 04 20 12 27 24.642     177.0
 2013 04 20 20 38 52.982     2013 04 20 20 42 36.498     223.5
361
 2013 04 20 10 49  7.776     2013 04 20 10 52 38.363     210.6
 2013 04 20 19 03 18.655     2013 04 20 19 05 59.284     160.6
362
 2013 04 20 10 44 54.813     2013 04 20 10 47 32.940     158.1
 2013 04 20 20 43 11.466     2013 04 20 20 46 12.856     181.4
363
 2013 04 20 14 01 25.800     2013 04 20 14 02  3.633      37.8
 2013 04 20 20 36 50.334     2013 04 20 20 39 37.175     166.8
364
 2013 04 20 13 56 10.860     2013 04 20 13 58 45.401     154.5
365
 2013 04 20 12 25  3.289     2013 04 20 12 28 11.640     188.4
366
367
 2013 04 20 10 47 21.091     2013 04 20 10 50   .205     159.1
368
 2013 04 20 12 16  1.126     2013 04 20 12 18 34.551     153.4
369
 2013 04 20 10 39  8.915     2013 04 20 10 41 43.358     154.4
370
 2013 04 20 12 14 40.615     2013 04 20 12 17 49.229     188.6
371
 2013 04 20 22 14 39.981     2013 04 20 22 14 49.311       9.3
372
 2013 04 20 10 39 32.668     2013 04 20 10 43 16.752     224.1
373
374
 2013 04 20 12 26  6.043     2013 04 20 12 29 45.424     219.4
 2013 04 20 14 03 48.076     2013 04 20 14 04 35.864      47.8
 2013 04 20 18 59 47.460     2013 04 20 19 02 24.593     157.1
375
 2013 04 20 00 17 31.674     2013 04 20 00 20 38.830     187.2
376
 2013 04 20 20 46 30.359     2013 04 20 20 49 57.503     207.1
377
 2013 04 20 19 02 30.848     2013 04 20 19 05  9.752     158.9
378
 2013 04 20 12 16 37.211     2013 04 20 12 18  4.148      86.9
 2013 04 20 22 20 12.933     2013 04 20 22 22 54.458     161.5
379
 2013 04 20 10 46 23.727     2013 04 20 10 49 24.209     180.5
380
 2013 04 20 13 57 19.276     2013 04 20 14 00 19.260     180.0
 2013 04 20 22 12 44.635     2013 04 20 22 15 32.342     167.7
381
 2013 04 20 20 41 58.056     2013 04 20 20 44 35.694     157.6
382
 2013 04 20 10 47 27.933     2013 04 20 10 50  3.339     155.4
 2013 04 20 19 08  9.568     2013 04 20 19 08 18.060       8.5
383
 2013 04 20 10 44  2.752     2013 04 20 10 44 50.616      47.9
384
 2013 04 20 13 59 29.921     2013 04 20 14 02 42.367     192.4
385
 2013 04 20 13 55  1.738     2013 04 20 13 57 45.079     163.3
386
387
 2013 04 20 22 23 20.728     2013 04 20 22 26   .732     160.0
388
389
 2013 04 20 10 43 37.341     2013 04 20 10 46 15.078     157.7
 2013 04 20 20 44 28.942     2013 04 20 20 47   .866     151.9
390
 2013 04 20 14 01 49.912     2013 04 20 14 04 26.081     156.2
 2013 04 20 20 35 33.989     2013 04 20 20 38 14.537     160.5
391
 2013 04 20 10 45 32.323     2013 04 20 10 48 11.078     158.8
 2013 04 20 20 42 31.565     2013 04 20 20 43 46.522      75.0
392
 2013 04 20 13 54 50.071     2013 04 20 13 57 24.598     154.5
393
 2013 04 20 10 47 42.446     2013 04 20 10 50 24.044     161.6
 2013 04 20 19 04 37.999     2013 04 20 19 08 12.438     214.4
394
 2013 04 20 13 59 55.746     2013 04 20 14 02 33.036     157.3
395
 2013 04 20 12 18 15.449     2013 04 20 12 21 51.160     215.7
 2013 04 20 22 17 19.006     2013 04 20 22 19 51.497     152.5
396
 2013 04 20 14 00   .484     2013 04 20 14 03 44.839     224.4
 2013 04 20 20 36  7.911     2013 04 20 20 39 34.692     206.8
397
 2013 04 20 10 38 29.099     2013 04 20 10 41  6.535     157.4
 2013 04 20 22 24 21.435     2013 04 20 22 26 19.862     118.4
398
 2013 04 20 12 14 49.281     2013 04 20 12 14 55.629       6.3
399
 2013 04 20 12 13 30.184     2013 04 20 12 16  3.391     153.2
400
 2013 04 20 10 44 52.041     2013 04 20 10 47 35.944     163.9
 2013 04 20 20 43 40.409     2013 04 20 20 47  4.909     204.5
401
 2013 04 20 22 15   .346     2013 04 20 22 15 37.361      37.0
402
 2013 04 20 22 20 52.881     2013 04 20 22 23 49.442     176.6
403
404
405
 2013 04 20 12 22 16.054     2013 04 20 12 26  5.001     228.9
 2013 04 20 20 40 21.476     2013 04 20 20 43   .152     158.7
406
 2013 04 20 12 15 24.370     2013 04 20 12 18 30.823     186.5
407
 2013 04 20 14 03 52.659     2013 04 20 14 04 35.055      42.4
 2013 04 20 15 38 35.320     2013 04 20 15 42  8.656     213.3
 2013 04 20 20 34  5.309     2013 04 20 20 36 39.833     154.5
408
 2013 04 20 13 57 35.493     2013 04 20 14 00 10.335     154.8
 2013 04 20 22 13 31.020     2013 04 20 22 16 10.074     159.1
409
 2013 04 20 10 50 12.556     2013 04 20 10 53 36.481     203.9
 2013 04 20 19 02 34.384     2013 04 20 19 03 19.272      44.9
410
 2013 04 20 12 17 24.743     2013 04 20 12 20 44.502     199.8
 2013 04 20 22 19 45.261     2013 04 20 22 22 16.903     151.6
411
 2013 04 20 13 57 20.505     2013 04 20 14 00 44.763     204.3
 2013 04 20 22 14 32.319     2013 04 20 22 17  4.659     152.3
412
 2013 04 20 20 48 38.152     2013 04 20 20 51 53.356     195.2
413
 2013 04 20 15 36 58.032     2013 04 20 15 39 35.651     157.6
 2013 04 20 20 31 21.597     2013 04 20 20 31 58.571      37.0
 2013 04 20 22 09 27.495     2013 04 20 22 12 55.354     207.9
414
 2013 04 20 14 02 14.694     2013 04 20 14 02 59.527      44.8
 2013 04 20 20 36 24.753     2013 04 20 20 37 55.493      90.7
415
 2013 04 20 10 50 19.730     2013 04 20 10 53 40.492     200.8
 2013 04 20 19 02 30.671     2013 04 20 19 02 40.113       9.4
416
 2013 04 20 10 47 15.503     2013 04 20 10 50   .182     164.7
417
 2013 04 20 14 01 22.468     2013 04 20 14 04 54.800     212.3
 2013 04 20 20 36 34.928     2013 04 20 20 39 11.536     156.6
418
 2013 04 20 12 24 59.076     2013 04 20 12 28 44.269     225.2
419
 2013 04 20 14 00 33.400     2013 04 20 14 03 34.002     180.6
 2013 04 20 20 35 48.546     2013 04 20 20 38 55.016     186.5
420
 2013 04 20 20 37  7.621     2013 04 20 20 39 43.067     155.4
421
 2013 04 20 19 02 25.086     2013 04 20 19 05 31.211     186.1
422
 2013 04 20 13 56 28.041     2013 04 20 13 59 21.514     173.5
 2013 04 20 22 15 45.760     2013 04 20 22 16 23.565      37.8
423
 2013 04 20 20 47 29.764     2013 04 20 20 50   .089     150.3
424
 2013 04 20 10 45 44.472     2013 04 20 10 48 20.380     155.9
425
 2013 04 20 12 14 48.350     2013 04 20 12 17 26.602     158.3
426
 2013 04 20 13 54 48.733     2013 04 20 13 57 40.468     171.7
427
428
 2013 04 20 00 20 44.644     2013 04 20 00 23 44.462     179.8
429
 2013 04 20 13 56 34.636     2013 04 20 13 59 50.388     195.8
 2013 04 20 22 12 14.305     2013 04 20 22 15 50.090     215.8
430
 2013 04 20 15 37 55.352     2013 04 20 15 40 50.402     175.1
 2013 04 20 20 33   .367     2013 04 20 20 35 59.542     179.2
431
432
 2013 04 20 00 14 34.706     2013 04 20 00 14 58.289      23.6
 2013 04 20 13 54 21.439     2013 04 20 13 56 59.545     158.1
433
 2013 04 20 10 45 42.550     2013 04 20 10 49 17.403     214.9
434
435
 2013 04 20 20 45 10.832     2013 04 20 20 45 16.261       5.4
436
 2013 04 20 10 39 27.505     2013 04 20 10 43  3.394     215.9
437
438
 2013 04 20 12 25 17.134     2013 04 20 12 27 53.407     156.3
439
 2013 04 20 00 21 37.623     2013 04 20 00 21 56.715      19.1
 2013 04 20 12 13  1.893     2013 04 20 12 15 35.506     153.6
440
 2013 04 20 14 02 13.166     2013 04 20 14 05  4.528     171.4
 2013 04 20 20 35 51.768     2013 04 20 20 38 58.172     186.4
441
442
443
 2013 04 20 22 11 51.586     2013 04 20 22 14 24.990     153.4
444
 2013 04 20 12 23 18.963     2013 04 20 12 26   .344     161.4
 2013 04 20 20 39 23.524     2013 04 20 20 41 56.221     152.7
445
 2013 04 20 12 24 16.934     2013 04 20 12 26 53.914     157.0
 2013 04 20 20 38 46.794     2013 04 20 20 41 54.001     187.2
446
 2013 04 20 00 18 26.340     2013 04 20 00 21 21.414     175.1
447
 2013 04 20 12 21  1.884     2013 04 20 12 24 26.004     204.1
448
 2013 04 20 15 38  8.748     2013 04 20 15 40 47.503     158.8
 2013 04 20 20 32 50.069     2013 04 20 20 35 35.142     165.1
449
 2013 04 20 12 23 25.631     2013 04 20 12 26 10.140     164.5
 2013 04 20 20 39 26.388     2013 04 20 20 41 59.553     153.2
450
 2013 04 20 15 38  9.689     2013 04 20 15 41 37.845     208.2
 2013 04 20 20 33 44.856     2013 04 20 20 36 28.634     163.8
451
 2013 04 20 10 41 55.750     2013 04 20 10 45 22.812     207.1
452
 2013 04 20 20 48 25.287     2013 04 20 20 50 57.955     152.7
453
 2013 04 20 10 43 25.669     2013 04 20 10 46 38.901     193.2
 2013 04 20 20 45  1.641     2013 04 20 20 47 34.671     153.0
454
 2013 04 20 12 18 16.510     2013 04 20 12 20 50.627     154.1
 2013 04 20 22 18 33.004     2013 04 20 22 21  5.094     152.1
455
 2013 04 20 10 44 56.533     2013 04 20 10 48 32.097     215.6
 2013 04 20 20 42  5.457     2013 04 20 20 45 13.778     188.3
456
 2013 04 20 12 15  1.613     2013 04 20 12 16 40.389      98.8
457
 2013 04 20 20 51 48.810     2013 04 20 20 51 55.927       7.1
458
 2013 04 20 15 36 51.826     2013 04 20 15 39 37.574     165.7
 2013 04 20 20 31 11.788     2013 04 20 20 34 58.812     227.0
 2013 04 20 22 09 12.606     2013 04 20 22 12 40.192     207.6
459
 2013 04 20 09 03 29.081     2013 04 20 09 07 10.625     221.5
 2013 04 20 20 48 58.595     2013 04 20 20 51 42.325     163.7
460
 2013 04 20 15 36 42.124     2013 04 20 15 37  8.834      26.7
 2013 04 20 22 10 54.230     2013 04 20 22 12  7.426      73.2
461
 2013 04 20 10 46 31.796     2013 04 20 10 49 30.806     179.0
462
 2013 04 20 10 47  1.351     2013 04 20 10 49 35.803     154.5
463
 2013 04 20 19 02 53.382     2013 04 20 19 05 36.600     163.2
464
 2013 04 20 10 45 12.685     2013 04 20 10 48 12.581     179.9
 2013 04 20 20 42 25.156     2013 04 20 20 45 45.966     200.8
465
466
 2013 04 20 12 22 12.100     2013 04 20 12 22 27.500      15.4
 2013 04 20 20 40 34.329     2013 04 20 20 43  8.824     154.5
467
 2013 04 20 10 38 20.904     2013 04 20 10 40  7.517     106.6
468
 2013 04 20 12 15 19.886     2013 04 20 12 18   .721     160.8
469
 2013 04 20 22 22 55.607     2013 04 20 22 25 26.710     151.1
470
 2013 04 20 12 15 21.758     2013 04 20 12 18 16.398     174.6
471
 2013 04 20 10 39 42.171     2013 04 20 10 42 15.665     153.5
472
 2013 04 20 12 22 34.235     2013 04 20 12 25 18.965     164.7
 2013 04 20 20 38 25.439     2013 04 20 20 41 36.794     191.4
473
 2013 04 20 14 03 37.458     2013 04 20 14 06 37.058     179.6
 2013 04 20 18 58 46.552     2013 04 20 19 01 36.234     169.7
474
 2013 04 20 20 48 31.713     2013 04 20 20 51  2.679     151.0
475
 2013 04 20 12 16 45.136     2013 04 20 12 20 29.721     224.6
 2013 04 20 22 20  7.926     2013 04 20 22 22 47.805     159.9
476
 2013 04 20 12 24 47.373     2013 04 20 12 24 54.083       6.7
 2013 04 20 18 58 47.989     2013 04 20 18 59  5.845      17.9
477
 2013 04 20 22 19 14.914     2013 04 20 22 21 38.484     143.6
478
479
 2013 04 20 10 47 22.819     2013 04 20 10 47 28.640       5.8
 2013 04 20 19 02 51.408     2013 04 20 19 06 28.422     217.0
480
 2013 04 20 22 15 10.174     2013 04 20 22 18 37.489     207.3
481
 2013 04 20 12 17 56.655     2013 04 20 12 21  9.086     192.4
 2013 04 20 22 19 27.471     2013 04 20 22 22  1.354     153.9
482
 2013 04 20 10 48 28.800     2013 04 20 10 51 26.987     178.2
 2013 04 20 19 03 51.594     2013 04 20 19 06 35.369     163.8
483
 2013 04 20 20 48 32.556     2013 04 20 20 51  3.204     150.6
484
 2013 04 20 22 16 23.160     2013 04 20 22 19 10.950     167.8
485
 2013 04 20 12 25 55.613     2013 04 20 12 28 51.845     176.2
 2013 04 20 18 59 59.522     2013 04 20 19 03  8.477     189.0
486
487
 2013 04 20 13 59 49.434     2013 04 20 13 59 57.202       7.8
488
 2013 04 20 15 38  2.689     2013 04 20 15 41 12.007     189.3
 2013 04 20 20 33 21.761     2013 04 20 20 36 13.047     171.3
489
 2013 04 20 13 54 25.662     2013 04 20 13 54 50.041      24.4
490
 2013 04 20 12 26 23.122     2013 04 20 12 26 27.842       4.7
 2013 04 20 19 02 30.671     2013 04 20 19 05  4.147     153.5
491
 2013 04 20 00 18  1.306     2013 04 20 00 20 31.793     150.5
 2013 04 20 13 51  9.033     2013 04 20 13 51 21.505      12.5
492
 2013 04 20 13 57 37.558     2013 04 20 14 00 14.366     156.8
 2013 04 20 22 13 42.351     2013 04 20 22 16 18.715     156.4
493
 2013 04 20 12 20 40.421     2013 04 20 12 24  1.890     201.5
494
 2013 04 20 10 39 27.721     2013 04 20 10 42 14.363     166.6
495
 2013 04 20 10 41 37.992     2013 04 20 10 45   .937     202.9
496
 2013 04 20 10 49 22.065     2013 04 20 10 52 14.524     172.5
 2013 04 20 19 03 49.791     2013 04 20 19 06 30.689     160.9
497
 2013 04 20 20 40 52.810     2013 04 20 20 43 29.900     157.1
498
 2013 04 20 13 58 43.566     2013 04 20 13 59 45.326      61.8
499
 2013 04 20 14 00  6.498     2013 04 20 14 03 14.694     188.2
 2013 04 20 20 35 34.826     2013 04 20 20 39 15.762     220.9
500
 2013 04 20 10 38 31.738     2013 04 20 10 41 21.259     169.5
 2013 04 20 22 23 43.815     2013 04 20 22 26 58.322     194.5
501
 2013 04 20 10 40 37.216     2013 04 20 10 43 12.921     155.7
502
 2013 04 20 13 56 14.407     2013 04 20 13 58 52.969     158.6
503
 2013 04 20 13 57 48.614     2013 04 20 14 00 36.081     167.5
 2013 04 20 22 13   .379     2013 04 20 22 15 34.032     153.7
504
 2013 04 20 12 29  6.434     2013 04 20 12 31 50.451     164.0
 2013 04 20 17 23 57.646     2013 04 20 17 26 49.321     171.7
505
 2013 04 20 20 47 52.461     2013 04 20 20 51 21.894     209.4
506
 2013 04 20 15 38  9.686     2013 04 20 15 41  3.430     173.7
 2013 04 20 20 33 11.714     2013 04 20 20 35 58.198     166.5
507
 2013 04 20 00 19 11.245     2013 04 20 00 21 41.419     150.2
508
 2013 04 20 12 28 17.042     2013 04 20 12 29 22.672      65.6
 2013 04 20 17 24 17.122     2013 04 20 17 27 58.019     220.9
509
 2013 04 20 13 56 32.711     2013 04 20 13 59 13.780     161.1
 2013 04 20 22 13 29.401     2013 04 20 22 17 13.195     223.8
510
 2013 04 20 12 23 11.829     2013 04 20 12 26 13.710     181.9
 2013 04 20 20 39 45.652     2013 04 20 20 42 18.423     152.8
511
 2013 04 20 12 14  8.251     2013 04 20 12 16 44.767     156.5
512
513
514
 2013 04 20 12 23 35.262     2013 04 20 12 27  5.545     210.3
 2013 04 20 20 39 46.059     2013 04 20 20 42 46.881     180.8
515
516
 2013 04 20 12 28 41.079     2013 04 20 12 31 44.306     183.2
 2013 04 20 17 23 54.332     2013 04 20 17 27 14.327     200.0
517
518
 2013 04 20 14 03 16.386     2013 04 20 14 05 57.886     161.5
 2013 04 20 18 58  4.522     2013 04 20 19 01 14.031     189.5
519
 2013 04 20 20 44 53.857     2013 04 20 20 46 46.807     113.0
520
 2013 04 20 12 21 45.754     2013 04 20 12 24 41.901     176.1
521
522
 2013 04 20 15 35  1.806     2013 04 20 15 35 13.239      11.4
 2013 04 20 22 11 20.258     2013 04 20 22 13 59.058     158.8
523
524
 2013 04 20 10 43 29.758     2013 04 20 10 43 51.458      21.7
 2013 04 20 20 45  3.783     2013 04 20 20 48 13.369     189.6
525
 2013 04 20 10 40 45.513     2013 04 20 10 44  2.133     196.6
526
 2013 04 20 00 20 14.575     2013 04 20 00 22 56.771     162.2
527
528
 2013 04 20 10 47 18.916     2013 04 20 10 50 11.989     173.1
529
 2013 04 20 14 03  4.162     2013 04 20 14 06 23.927     199.8
 2013 04 20 18 58 33.052     2013 04 20 19 01 56.916     203.9
530
 2013 04 20 12 26  8.942     2013 04 20 12 29 28.807     199.9
 2013 04 20 19 01 43.690     2013 04 20 19 04 37.187     173.5
531
 2013 04 20 13 58 14.833     2013 04 20 14 01 36.506     201.7
 2013 04 20 22 12 16.588     2013 04 20 22 15  2.936     166.3
532
533
 2013 04 20 10 49  4.660     2013 04 20 10 51 39.644     155.0
 2013 04 20 19 04 35.144     2013 04 20 19 07  8.106     153.0
534
 2013 04 20 12 26 27.751     2013 04 20 12 27 54.235      86.5
 2013 04 20 19 02 19.734     2013 04 20 19 04 53.473     153.7
535
 2013 04 20 10 45 21.051     2013 04 20 10 47 56.401     155.4
 2013 04 20 20 42 51.243     2013 04 20 20 46 27.290     216.0
536
 2013 04 20 10 47 50.208     2013 04 20 10 51  8.372     198.2
 2013 04 20 19 05 29.042     2013 04 20 19 08 21.540     172.5
537
538
 2013 04 20 12 18  3.964     2013 04 20 12 21 33.868     209.9
 2013 04 20 22 19 26.175     2013 04 20 22 22 13.202     167.0
539
 2013 04 20 12 13 37.666     2013 04 20 12 16 11.412     153.7
540
 2013 04 20 12 27 55.191     2013 04 20 12 30 37.192     162.0
 2013 04 20 17 22 15.604     2013 04 20 17 22 53.874      38.3
 2013 04 20 19 00 24.424     2013 04 20 19 03 47.134     202.7
541
 2013 04 20 12 28 21.049     2013 04 20 12 31   .470     159.4
 2013 04 20 17 22 46.847     2013 04 20 17 26 10.321     203.5
 2013 04 20 19 00 13.860     2013 04 20 19 00 45.807      31.9
542
 2013 04 20 14 04 37.841     2013 04 20 14 05  4.088      26.2
 2013 04 20 15 39  7.812     2013 04 20 15 42 24.627     196.8
 2013 04 20 18 59 26.156     2013 04 20 18 59 29.578       3.4
 2013 04 20 20 34  1.180     2013 04 20 20 36 46.366     165.2
543
 2013 04 20 20 45 26.159     2013 04 20 20 47 31.342     125.2
544
 2013 04 20 12 14 55.097     2013 04 20 12 16  1.188      66.1
545
 2013 04 20 10 42 41.177     2013 04 20 10 43 15.504      34.3
 2013 04 20 20 42 40.933     2013 04 20 20 46  6.938     206.0
546
 2013 04 20 12 15 56.898     2013 04 20 12 18 47.405     170.5
547
 2013 04 20 12 25 25.800     2013 04 20 12 28  7.302     161.5
548
549
 2013 04 20 00 20 25.858     2013 04 20 00 23 21.722     175.9
550
 2013 04 20 12 15 26.929     2013 04 20 12 15 47.053      20.1
 2013 04 20 22 20 16.085     2013 04 20 22 20 25.348       9.3
551
 2013 04 20 22 15  8.584     2013 04 20 22 17 53.532     164.9
552
 2013 04 20 12 17 25.501     2013 04 20 12 20 29.647     184.1
 2013 04 20 22 19 34.513     2013 04 20 22 22 10.691     156.2
553
 2013 04 20 13 58 17.600     2013 04 20 14 00 53.520     155.9
 2013 04 20 22 13 15.152     2013 04 20 22 15 53.657     158.5
554
 2013 04 20 10 48 10.300     2013 04 20 10 51 10.628     180.3
 2013 04 20 19 05 16.657     2013 04 20 19 08  1.593     164.9
555
 2013 04 20 00 19 20.966     2013 04 20 00 19 42.532      21.6
556
557
 2013 04 20 14 02  9.997     2013 04 20 14 05 27.581     197.6
 2013 04 20 20 36 10.888     2013 04 20 20 39 26.364     195.5
558
 2013 04 20 10 46 32.980     2013 04 20 10 49 58.973     206.0
559
 2013 04 20 20 48 18.411     2013 04 20 20 50 50.625     152.2
560
 2013 04 20 12 26 10.773     2013 04 20 12 28 58.518     167.7
 2013 04 20 19 00 15.673     2013 04 20 19 03 13.107     177.4
561
 2013 04 20 12 15 51.281     2013 04 20 12 18 29.318     158.0
562
 2013 04 20 12 19 52.854     2013 04 20 12 22 28.067     155.2
 2013 04 20 22 17 26.009     2013 04 20 22 18 18.547      52.5
563
 2013 04 20 12 14 51.633     2013 04 20 12 18 13.568     201.9
564
 2013 04 20 12 16 24.047     2013 04 20 12 16 36.377      12.3
 2013 04 20 22 20 25.538     2013 04 20 22 23  5.979     160.4
565
 2013 04 20 12 21 58.611     2013 04 20 12 25 39.275     220.7
 2013 04 20 20 37 29.713     2013 04 20 20 41  3.376     213.7
566
 2013 04 20 12 17  1.682     2013 04 20 12 17 18.723      17.0
 2013 04 20 22 20 14.202     2013 04 20 22 22 45.232     151.0
567
 2013 04 20 12 21 36.164     2013 04 20 12 25  5.463     209.3
568
 2013 04 20 20 41 10.822     2013 04 20 20 44 30.749     199.9
569
570
 2013 04 20 13 59 48.681     2013 04 20 14 02 24.466     155.8
571
 2013 04 20 10 44 20.014     2013 04 20 10 47 44.205     204.2
 2013 04 20 20 42 45.803     2013 04 20 20 45 22.008     156.2
572
 2013 04 20 20 37  1.305     2013 04 20 20 40  2.247     180.9
573
 2013 04 20 00 20  1.491     2013 04 20 00 23 23.835     202.3
574
575
 2013 04 20 13 55 13.715     2013 04 20 13 58 16.998     183.3
576
 2013 04 20 15 36 37.804     2013 04 20 15 39 13.975     156.2
 2013 04 20 22 09 55.652     2013 04 20 22 12 53.538     177.9
577
578
 2013 04 20 14 03 53.700     2013 04 20 14 04  3.774      10.1
 2013 04 20 15 37 55.179     2013 04 20 15 41 39.519     224.3
 2013 04 20 20 33 46.520     2013 04 20 20 36 39.307     172.8
579
 2013 04 20 10 42 47.558     2013 04 20 10 42 56.305       8.7
 2013 04 20 22 22 12.134     2013 04 20 22 25 49.323     217.2
580
 2013 04 20 00 20  7.379     2013 04 20 00 23   .198     172.8
581
582
 2013 04 20 10 44  5.152     2013 04 20 10 46 43.279     158.1
 2013 04 20 20 44 16.605     2013 04 20 20 46 51.650     155.0
583
 2013 04 20 12 23 33.006     2013 04 20 12 26 28.607     175.6
 2013 04 20 20 38 20.792     2013 04 20 20 40 54.636     153.8
584
 2013 04 20 20 40 25.174     2013 04 20 20 40 30.505       5.3
585
 2013 04 20 10 45 50.582     2013 04 20 10 49 15.447     204.9
586
 2013 04 20 14 03 16.984     2013 04 20 14 05 57.561     160.6
 2013 04 20 18 58  3.679     2013 04 20 19 01 12.065     188.4
587
 2013 04 20 14 00 27.018     2013 04 20 14 03 20.977     174.0
 2013 04 20 20 34 31.139     2013 04 20 20 37 37.620     186.5
588
589
 2013 04 20 10 40 33.830     2013 04 20 10 44 16.024     222.2
590
 2013 04 20 20 40 34.242     2013 04 20 20 43 24.293     170.1
591
 2013 04 20 10 43 27.170     2013 04 20 10 46 27.183     180.0
 2013 04 20 20 44 54.575     2013 04 20 20 47 25.519     150.9
592
 2013 04 20 22 18 50.332     2013 04 20 22 18 52.024       1.7
593
 2013 04 20 12 26 26.385     2013 04 20 12 29  2.317     155.9
 2013 04 20 19 00 43.657     2013 04 20 19 03 34.270     170.6
594
 2013 04 20 13 54 35.504     2013 04 20 13 57 39.506     184.0
595
 2013 04 20 20 50 54.916     2013 04 20 20 51 51.093      56.2
596
 2013 04 20 13 58 53.596     2013 04 20 14 01 29.807     156.2
 2013 04 20 22 13  5.583     2013 04 20 22 16 22.907     197.3
597
 2013 04 20 10 42 32.064     2013 04 20 10 45  5.609     153.5
 2013 04 20 20 44  7.613     2013 04 20 20 47 47.309     219.7
598
 2013 04 20 12 14  9.181     2013 04 20 12 17 29.805     200.6
599
 2013 04 20 12 15  6.709     2013 04 20 12 18 30.795     204.1
600
 2013 04 20 12 20 32.458     2013 04 20 12 21 27.641      55.2
 2013 04 20 22 17  6.990     2013 04 20 22 20  5.646     178.7
601
 2013 04 20 12 21 20.916     2013 04 20 12 24 16.433     175.5
602
 2013 04 20 20 41  2.443     2013 04 20 20 44 23.837     201.4
603
604
 2013 04 20 22 21 58.481     2013 04 20 22 24 31.417     152.9
605
 2013 04 20 22 21 30.224     2013 04 20 22 24  5.175     155.0
606
 2013 04 20 12 25 49.738     2013 04 20 12 28 39.006     169.3
 2013 04 20 19 00 52.819     2013 04 20 19 04 27.549     214.7
607
 2013 04 20 10 45 27.532     2013 04 20 10 48 12.833     165.3
608
 2013 04 20 13 58 51.576     2013 04 20 14 01 38.506     166.9
 2013 04 20 22 12 30.519     2013 04 20 22 15 43.537     193.0
609
610
 2013 04 20 12 14  7.281     2013 04 20 12 16 51.231     163.9
611
 2013 04 20 12 27 43.666     2013 04 20 12 30 40.397     176.7
 2013 04 20 14 05  5.121     2013 04 20 14 05 16.954      11.8
 2013 04 20 17 22  2.006     2013 04 20 17 25 49.703     227.7
 2013 04 20 19 00  7.540     2013 04 20 19 03 27.705     200.2
612
 2013 04 20 09 04 51.982     2013 04 20 09 07 39.358     167.4
613
 2013 04 20 22 11 51.740     2013 04 20 22 14 26.772     155.0
614
 2013 04 20 20 44 34.294     2013 04 20 20 45 23.236      48.9
615
 2013 04 20 14 01 27.103     2013 04 20 14 04 49.014     201.9
 2013 04 20 15 39  4.061     2013 04 20 15 40 44.898     100.8
 2013 04 20 20 34 27.614     2013 04 20 20 37 14.641     167.0
616
 2013 04 20 13 56 50.253     2013 04 20 14 00 17.447     207.2
 2013 04 20 22 14 33.916     2013 04 20 22 17 17.654     163.7
617
 2013 04 20 12 21 16.544     2013 04 20 12 23 58.546     162.0
618
 2013 04 20 12 23 30.862     2013 04 20 12 26 23.423     172.6
 2013 04 20 20 39 32.256     2013 04 20 20 42  9.120     156.9
619
 2013 04 20 10 49  1.705     2013 04 20 10 52 35.276     213.6
 2013 04 20 19 03 18.893     2013 04 20 19 05 56.709     157.8
620
 2013 04 20 12 19  6.272     2013 04 20 12 22 41.066     214.8
 2013 04 20 22 18 22.225     2013 04 20 22 18 21.597       -.6
621
 2013 04 20 22 18 50.586     2013 04 20 22 19 25.250      34.7
622
 2013 04 20 13 57 33.000     2013 04 20 14 01  5.656     212.7
 2013 04 20 22 14 32.739     2013 04 20 22 17  9.458     156.7
623
 2013 04 20 12 27 41.159     2013 04 20 12 30 17.289     156.1
 2013 04 20 19 00 59.760     2013 04 20 19 03 56.842     177.1
624
 2013 04 20 00 17 42.500     2013 04 20 00 20 33.227     170.7
625
 2013 04 20 12 26 28.081     2013 04 20 12 29 20.436     172.4
 2013 04 20 19 01 25.342     2013 04 20 19 04 11.332     166.0
626
 2013 04 20 09 02 56.181     2013 04 20 09 03 11.117      14.9
 2013 04 20 20 49 16.089     2013 04 20 20 51 46.370     150.3
627
 2013 04 20 12 14 56.747     2013 04 20 12 18 27.701     211.0
628
 2013 04 20 10 43 33.673     2013 04 20 10 46 11.181     157.5
 2013 04 20 20 44 29.514     2013 04 20 20 47  2.501     153.0
629
 2013 04 20 10 45 17.710     2013 04 20 10 48 17.213     179.5
630
 2013 04 20 15 38 26.304     2013 04 20 15 41 28.411     182.1
 2013 04 20 20 33 32.671     2013 04 20 20 36  9.775     157.1
631
632
633
 2013 04 20 20 36 45.487     2013 04 20 20 40 29.025     223.5
634
 2013 04 20 13 56 26.501     2013 04 20 13 59  7.194     160.7
 2013 04 20 22 16 23.399     2013 04 20 22 17 19.037      55.6
635
 2013 04 20 13 55 31.400     2013 04 20 13 55 33.206       1.8
 2013 04 20 22 14 42.519     2013 04 20 22 18 27.170     224.7
636
 2013 04 20 15 38 59.137     2013 04 20 15 42  5.100     186.0
 2013 04 20 20 33 50.254     2013 04 20 20 36 29.601     159.3
637
 2013 04 20 10 53 30.399     2013 04 20 10 53 33.305       2.9
 2013 04 20 19 02 32.916     2013 04 20 19 05 41.945     189.0
638
 2013 04 20 10 47  3.715     2013 04 20 10 50 19.612     195.9
639
 2013 04 20 22 15  4.025     2013 04 20 22 18 20.865     196.8
640
641
 2013 04 20 12 26 51.775     2013 04 20 12 29 58.251     186.5
 2013 04 20 19 01 48.042     2013 04 20 19 04 21.783     153.7
642
 2013 04 20 12 16 47.025     2013 04 20 12 17 55.333      68.3
643
644
 2013 04 20 12 25 32.199     2013 04 20 12 28 10.744     158.5
 2013 04 20 19 04 24.521     2013 04 20 19 04 26.417       1.9
645
 2013 04 20 12 25 12.054     2013 04 20 12 26 28.330      76.3
 2013 04 20 19 01 32.133     2013 04 20 19 01 57.684      25.6
646
 2013 04 20 20 46 41.493     2013 04 20 20 46 48.840       7.3
647
 2013 04 20 12 17 35.467     2013 04 20 12 18 43.287      67.8
648
 2013 04 20 10 37  8.918     2013 04 20 10 40 53.071     224.2
 2013 04 20 22 23 54.521     2013 04 20 22 26 25.527     151.0
649
 2013 04 20 12 19 12.376     2013 04 20 12 22   .544     168.2
 2013 04 20 22 17 33.398     2013 04 20 22 20 23.279     169.9
650
 2013 04 20 10 45 32.919     2013 04 20 10 48 14.793     161.9
 2013 04 20 20 42 25.865     2013 04 20 20 43 43.466      77.6
651
 2013 04 20 10 43   .771     2013 04 20 10 45 53.201     172.4
 2013 04 20 20 43 30.492     2013 04 20 20 46 43.077     192.6
652
 2013 04 20 12 14  5.337     2013 04 20 12 14 13.413       8.1
653
 2013 04 20 00 18 16.997     2013 04 20 00 21 29.799     192.8
654
 2013 04 20 20 46 19.739     2013 04 20 20 48 50.161     150.4
655
 2013 04 20 10 42 45.308     2013 04 20 10 46  7.127     201.8
 2013 04 20 20 45 21.443     2013 04 20 20 47 56.261     154.8
656
 2013 04 20 13 53 19.499     2013 04 20 13 57  6.826     227.3
657
 2013 04 20 10 44 35.705     2013 04 20 10 47  9.671     154.0
 2013 04 20 20 43 40.957     2013 04 20 20 46 28.750     167.8
658
 2013 04 20 13 55 30.785     2013 04 20 13 58  5.914     155.1
659
 2013 04 20 12 23 36.017     2013 04 20 12 26 13.388     157.4
 2013 04 20 20 39 11.873     2013 04 20 20 41 46.233     154.4
660
 2013 04 20 12 17 37.966     2013 04 20 12 20 47.863     189.9
 2013 04 20 22 17 42.684     2013 04 20 22 20 43.047     180.4
661
 2013 04 20 12 23  9.425     2013 04 20 12 25 44.412     155.0
 2013 04 20 20 39  5.525     2013 04 20 20 41 43.245     157.7
662
 2013 04 20 10 48 53.345     2013 04 20 10 49 13.056      19.7
 2013 04 20 20 41 26.915     2013 04 20 20 44 55.273     208.4
663
664
 2013 04 20 20 41  5.556     2013 04 20 20 41 15.549      10.0
665
 2013 04 20 09 07 40.822     2013 04 20 09 08 39.230      58.4
666
 2013 04 20 13 56 58.645     2013 04 20 14 00 17.905     199.3
 2013 04 20 22 12 24.274     2013 04 20 22 15 25.957     181.7
667
 2013 04 20 22 24 16.742     2013 04 20 22 25 20.703      64.0
668
 2013 04 20 15 36  2.826     2013 04 20 15 38 48.416     165.6
 2013 04 20 22 10 23.311     2013 04 20 22 12 58.178     154.9
669
 2013 04 20 12 23 55.335     2013 04 20 12 27 21.105     205.8
 2013 04 20 20 37 39.295     2013 04 20 20 40 34.976     175.7
670
 2013 04 20 22 19 46.811     2013 04 20 22 23  5.008     198.2
671
 2013 04 20 19 02 41.738     2013 04 20 19 05 21.705     160.0
672
 2013 04 20 12 24  2.839     2013 04 20 12 26 53.559     170.7
 2013 04 20 20 39 11.595     2013 04 20 20 42 14.788     183.2
673
 2013 04 20 13 54 55.055     2013 04 20 13 58  2.877     187.8
674
 2013 04 20 10 46 25.594     2013 04 20 10 49 55.056     209.5
675
 2013 04 20 22 16  3.591     2013 04 20 22 19 22.518     198.9
676
 2013 04 20 13 56 47.918     2013 04 20 13 59 22.743     154.8
 2013 04 20 22 13  8.892     2013 04 20 22 16 41.181     212.3
677
 2013 04 20 22 20 50.046     2013 04 20 22 23 21.848     151.8
678
 2013 04 20 22 20 53.551     2013 04 20 22 21 58.560      65.0
679
 2013 04 20 00 18  5.882     2013 04 20 00 20 36.248     150.4
 2013 04 20 13 51  1.200     2013 04 20 13 51  3.994       2.8
680
 2013 04 20 12 23 49.369     2013 04 20 12 26 26.317     156.9
 2013 04 20 20 39  5.086     2013 04 20 20 41 45.758     160.7
681
 2013 04 20 10 45  7.307     2013 04 20 10 48 17.436     190.1
 2013 04 20 20 42 19.711     2013 04 20 20 45 35.383     195.7
682
 2013 04 20 12 21 19.026     2013 04 20 12 24 13.788     174.8
683
 2013 04 20 12 22  1.671     2013 04 20 12 24 38.324     156.7
 2013 04 20 20 41 51.115     2013 04 20 20 42 42.810      51.7
684
685
 2013 04 20 00 20 10.029     2013 04 20 00 22 47.500     157.5
686
 2013 04 20 13 54 25.921     2013 04 20 13 54 35.383       9.5
687
 2013 04 20 12 13 24.487     2013 04 20 12 16 11.135     166.6
688
 2013 04 20 12 20  7.204     2013 04 20 12 22 52.058     164.9
689
 2013 04 20 12 24 47.806     2013 04 20 12 24 59.884      12.1
690
 2013 04 20 13 59  4.296     2013 04 20 14 01 55.559     171.3
 2013 04 20 22 13 10.291     2013 04 20 22 14 21.670      71.4
691
 2013 04 20 10 41 42.639     2013 04 20 10 45   .509     197.9
692
 2013 04 20 22 16 36.843     2013 04 20 22 19 34.801     178.0
693
694
 2013 04 20 10 43 47.242     2013 04 20 10 46 27.685     160.4
 2013 04 20 20 44 29.399     2013 04 20 20 47   .462     151.1
695
 2013 04 20 22 15 14.978     2013 04 20 22 17 49.772     154.8
696
 2013 04 20 12 17 53.507     2013 04 20 12 20 29.953     156.4
 2013 04 20 22 18 56.618     2013 04 20 22 21 33.675     157.1
697
 2013 04 20 20 46  6.227     2013 04 20 20 49  7.027     180.8
698
699
 2013 04 20 22 20 36.410     2013 04 20 22 23 26.699     170.3
700
 2013 04 20 20 46 45.685     2013 04 20 20 47 49.909      64.2
701
 2013 04 20 12 28  6.337     2013 04 20 12 30 46.879     160.5
 2013 04 20 17 22 29.419     2013 04 20 17 26 10.969     221.5
 2013 04 20 19 00 20.909     2013 04 20 19 03 58.671     217.8
702
 2013 04 20 10 39  4.502     2013 04 20 10 42  3.043     178.5
703
 2013 04 20 22 25 11.314     2013 04 20 22 25 12.729       1.4
704
 2013 04 20 22 14 58.465     2013 04 20 22 15 18.479      20.0
705
 2013 04 20 12 15 43.227     2013 04 20 12 18 17.499     154.3
706
 2013 04 20 22 21 24.096     2013 04 20 22 23 54.593     150.5
707
 2013 04 20 10 42 55.138     2013 04 20 10 46 40.741     225.6
 2013 04 20 20 42 45.605     2013 04 20 20 45 55.121     189.5
708
 2013 04 20 12 19 33.993     2013 04 20 12 20 42.105      68.1
 2013 04 20 22 20  1.082     2013 04 20 22 20 52.424      51.3
709
 2013 04 20 13 58 19.280     2013 04 20 14 00 57.500     158.2
 2013 04 20 22 13  7.410     2013 04 20 22 15 46.881     159.5
710
 2013 04 20 13 59 21.988     2013 04 20 14 02 22.114     180.1
 2013 04 20 22 11 44.420     2013 04 20 22 11 58.680      14.3
711
 2013 04 20 10 54 12.030     2013 04 20 10 54 14.420       2.4
 2013 04 20 12 27 54.058     2013 04 20 12 27 56.621       2.6
712
 2013 04 20 10 48 17.168     2013 04 20 10 51 10.515     173.3
 2013 04 20 19 03 52.754     2013 04 20 19 06 48.487     175.7
713
 2013 04 20 13 55 13.798     2013 04 20 13 58 29.421     195.6
714
 2013 04 20 20 45 36.281     2013 04 20 20 45 42.689       6.4
715
716
 2013 04 20 10 38 33.263     2013 04 20 10 41 11.834     158.6
 2013 04 20 22 23 56.399     2013 04 20 22 27 16.576     200.2
717
 2013 04 20 10 38   .986     2013 04 20 10 40 34.435     153.4
 2013 04 20 22 24 40.316     2013 04 20 22 27 33.242     172.9
718
 2013 04 20 12 17 54.996     2013 04 20 12 18  9.542      14.5
 2013 04 20 22 17 11.613     2013 04 20 22 19 51.394     159.8
719
 2013 04 20 13 54 34.006     2013 04 20 13 57 12.574     158.6
720
 2013 04 20 13 57  4.699     2013 04 20 14 00 34.275     209.6
 2013 04 20 22 12 20.348     2013 04 20 22 15 11.607     171.3
721
722
 2013 04 20 14 01 31.679     2013 04 20 14 04  9.695     158.0
 2013 04 20 20 35 17.046     2013 04 20 20 37 51.681     154.6
723
 2013 04 20 00 19 35.607     2013 04 20 00 22 33.011     177.4
724
725
 2013 04 20 20 47 43.741     2013 04 20 20 50 21.180     157.4
726
727
 2013 04 20 14 03 31.784     2013 04 20 14 06 16.325     164.5
 2013 04 20 18 58 23.923     2013 04 20 19 01 18.080     174.2
728
 2013 04 20 13 59 18.747     2013 04 20 14 02 38.428     199.7
729
 2013 04 20 10 38 16.302     2013 04 20 10 41 52.854     216.6
 2013 04 20 22 23 13.278     2013 04 20 22 26 12.688     179.4
730
 2013 04 20 10 44 32.266     2013 04 20 10 47 23.666     171.4
 2013 04 20 20 43 10.937     2013 04 20 20 45 51.564     160.6
731
 2013 04 20 12 17 38.496     2013 04 20 12 20 54.039     195.5
 2013 04 20 22 17 37.947     2013 04 20 22 20 36.899     179.0
732
 2013 04 20 10 43 30.946     2013 04 20 10 46  5.768     154.8
 2013 04 20 20 44 22.731     2013 04 20 20 46 58.703     156.0
733
 2013 04 20 20 45 32.698     2013 04 20 20 48 24.952     172.3
734
 2013 04 20 13 56  8.021     2013 04 20 13 59 43.497     215.5
 2013 04 20 22 14 25.453     2013 04 20 22 17 51.328     205.9
735
 2013 04 20 12 25 14.252     2013 04 20 12 27 56.680     162.4
736
 2013 04 20 20 41 18.289     2013 04 20 20 44 25.681     187.4
737
 2013 04 20 22 15 42.247     2013 04 20 22 18 17.677     155.4
738
 2013 04 20 10 47 36.738     2013 04 20 10 50 42.997     186.3
 2013 04 20 19 03 22.814     2013 04 20 19 07  7.039     224.2
739
 2013 04 20 10 38 18.548     2013 04 20 10 41 49.640     211.1
 2013 04 20 22 23 15.989     2013 04 20 22 26 17.044     181.1
740
 2013 04 20 12 16 34.546     2013 04 20 12 20 15.610     221.1
 2013 04 20 22 20  5.888     2013 04 20 22 22 55.861     170.0
741
 2013 04 20 22 20 16.314     2013 04 20 22 23 21.159     184.8
742
 2013 04 20 12 24 39.141     2013 04 20 12 27 14.635     155.5
 2013 04 20 20 38 22.554     2013 04 20 20 41 57.654     215.1
743
 2013 04 20 12 22 45.887     2013 04 20 12 25 57.233     191.3
 2013 04 20 20 39 55.776     2013 04 20 20 42 31.419     155.6
744
 2013 04 20 00 21 37.362     2013 04 20 00 24 59.664     202.3
 2013 04 20 12 12 45.760     2013 04 20 12 15 26.284     160.5
745
746
 2013 04 20 22 20 26.157     2013 04 20 22 22 58.951     152.8
747
 2013 04 20 10 39 45.355     2013 04 20 10 43 25.342     220.0
748
 2013 04 20 12 14 17.374     2013 04 20 12 16 53.139     155.8
749
 2013 04 20 00 21 26.652     2013 04 20 00 25  6.538     219.9
 2013 04 20 12 12 58.510     2013 04 20 12 15 36.616     158.1
750
 2013 04 20 13 54 45.697     2013 04 20 13 57 20.012     154.3
751
752
 2013 04 20 12 19 57.776     2013 04 20 12 23  3.946     186.2
 2013 04 20 22 16 27.815     2013 04 20 22 18 17.607     109.8
753
754
 2013 04 20 12 13 14.743     2013 04 20 12 15 47.986     153.2
755
 2013 04 20 10 49 30.971     2013 04 20 10 52 38.723     187.8
 2013 04 20 19 03 27.264     2013 04 20 19 06 19.774     172.5
756
 2013 04 20 12 21 44.742     2013 04 20 12 22 47.041      62.3
 2013 04 20 22 16 43.896     2013 04 20 22 19 25.846     162.0
757
 2013 04 20 10 41 47.583     2013 04 20 10 44 22.209     154.6
758
 2013 04 20 22 19 13.705     2013 04 20 22 20 19.371      65.7
759
 2013 04 20 13 58  3.432     2013 04 20 14 00 44.945     161.5
 2013 04 20 22 13  6.627     2013 04 20 22 15 40.062     153.4
760
 2013 04 20 14 01 24.371     2013 04 20 14 03  3.731      99.4
 2013 04 20 20 36 46.177     2013 04 20 20 39 28.757     162.6
761
762
 2013 04 20 10 38 33.369     2013 04 20 10 42 17.221     223.9
 2013 04 20 22 22 49.192     2013 04 20 22 26  7.636     198.4
763
 2013 04 20 12 15 50.512     2013 04 20 12 18 25.577     155.1
764
765
 2013 04 20 19 02 35.153     2013 04 20 19 05  9.965     154.8
766
 2013 04 20 10 47 30.173     2013 04 20 10 50 14.936     164.8
 2013 04 20 19 07 31.011     2013 04 20 19 07 42.609      11.6
767
 2013 04 20 10 38 58.953     2013 04 20 10 42 22.984     204.0
768
 2013 04 20 20 40 19.957     2013 04 20 20 41 36.334      76.4
769
 2013 04 20 13 59 58.333     2013 04 20 14 02 58.013     179.7
 2013 04 20 20 34  4.335     2013 04 20 20 37 46.992     222.7
770
 2013 04 20 22 16 27.947     2013 04 20 22 20   .223     212.3
771
 2013 04 20 10 39 40.306     2013 04 20 10 40 20.040      39.7
772
773
 2013 04 20 10 42  6.300     2013 04 20 10 43 29.667      83.4
 2013 04 20 20 45 45.506     2013 04 20 20 48 28.883     163.4
774
 2013 04 20 22 15 13.524     2013 04 20 22 18 23.357     189.8
775
 2013 04 20 15 37  5.423     2013 04 20 15 40 29.569     204.1
 2013 04 20 20 36  8.555     2013 04 20 20 36 35.713      27.2
 2013 04 20 22 10 24.379     2013 04 20 22 10 48.618      24.2
776
 2013 04 20 10 45 56.623     2013 04 20 10 49  1.853     185.2
777
778
 2013 04 20 10 42 28.857     2013 04 20 10 45 16.898     168.0
 2013 04 20 20 46 40.650     2013 04 20 20 47 22.828      42.2
779
 2013 04 20 13 58 58.842     2013 04 20 13 59 59.180      60.3
780
 2013 04 20 22 23  1.693     2013 04 20 22 25 41.379     159.7
781
 2013 04 20 20 46 39.471     2013 04 20 20 49 16.103     156.6
782
 2013 04 20 12 27 14.113     2013 04 20 12 30 22.961     188.8
 2013 04 20 14 04 41.585     2013 04 20 14 05  6.944      25.4
 2013 04 20 19 00  7.314     2013 04 20 19 03   .793     173.5
783
 2013 04 20 13 57 26.672     2013 04 20 14 00 32.134     185.5
 2013 04 20 22 14 18.579     2013 04 20 22 16 51.535     153.0
784
 2013 04 20 20 47 52.160     2013 04 20 20 50 56.348     184.2
785
 2013 04 20 12 24 14.891     2013 04 20 12 28  4.031     229.1
 2013 04 20 20 37   .515     2013 04 20 20 40 32.542     212.0
786
 2013 04 20 10 47 18.959     2013 04 20 10 50  7.632     168.7
 2013 04 20 19 08 20.652     2013 04 20 19 08 40.093      19.4
787
 2013 04 20 12 13 33.520     2013 04 20 12 16 13.879     160.4
788
 2013 04 20 12 19 24.773     2013 04 20 12 22 56.636     211.9
 2013 04 20 22 16 36.551     2013 04 20 22 19 44.453     187.9
789
 2013 04 20 12 20 13.829     2013 04 20 12 23 39.079     205.2
790
 2013 04 20 12 21  3.572     2013 04 20 12 21 39.280      35.7
 2013 04 20 20 43 12.117     2013 04 20 20 43 59.393      47.3
791
 2013 04 20 22 21 13.163     2013 04 20 22 24 21.443     188.3
792
 2013 04 20 13 57 25.389     2013 04 20 14 00  1.777     156.4
 2013 04 20 22 13 17.575     2013 04 20 22 16  5.006     167.4
793
 2013 04 20 09 04  4.393     2013 04 20 09 06 42.821     158.4
 2013 04 20 20 49 29.714     2013 04 20 20 52 48.937     199.2
794
 2013 04 20 10 46 34.468     2013 04 20 10 47 14.580      40.1
 2013 04 20 20 42 37.200     2013 04 20 20 45 24.934     167.7
795
 2013 04 20 12 24 38.654     2013 04 20 12 28  9.210     210.6
796
 2013 04 20 20 41 50.699     2013 04 20 20 45  7.513     196.8
797
 2013 04 20 00 21 53.971     2013 04 20 00 24 43.668     169.7
 2013 04 20 12 12 16.524     2013 04 20 12 15  7.209     170.7
798
 2013 04 20 22 15 40.537     2013 04 20 22 18 40.274     179.7
799
 2013 04 20 12 18 53.873     2013 04 20 12 21 47.007     173.1
 2013 04 20 22 18 37.023     2013 04 20 22 21 41.632     184.6
800
 2013 04 20 13 55 33.341     2013 04 20 13 58 24.854     171.5
801
 2013 04 20 15 35 44.043     2013 04 20 15 39 10.539     206.5
 2013 04 20 22 10 59.070     2013 04 20 22 13 33.155     154.1
802
 2013 04 20 10 45  7.215     2013 04 20 10 48 23.201     196.0
 2013 04 20 20 42 13.837     2013 04 20 20 45 30.478     196.6
803
804
 2013 04 20 14 00 41.665     2013 04 20 14 03 33.134     171.5
 2013 04 20 20 34 42.687     2013 04 20 20 37 34.657     172.0
805
 2013 04 20 09 04 40.979     2013 04 20 09 08  1.406     200.4
 2013 04 20 20 48  2.268     2013 04 20 20 48 22.081      19.8
806
807
 2013 04 20 10 44 55.402     2013 04 20 10 48 22.031     206.6
808
 2013 04 20 15 37 54.196     2013 04 20 15 40 30.416     156.2
 2013 04 20 20 32 30.384     2013 04 20 20 35 24.652     174.3
809
 2013 04 20 14 00 37.392     2013 04 20 14 03 31.635     174.2
 2013 04 20 20 35 43.694     2013 04 20 20 38 48.270     184.6
810
 2013 04 20 10 48 17.140     2013 04 20 10 51 35.654     198.5
 2013 04 20 19 05 33.436     2013 04 20 19 08  7.608     154.2
811
 2013 04 20 00 17 30.619     2013 04 20 00 20  9.384     158.8
 2013 04 20 13 51 52.089     2013 04 20 13 55 37.770     225.7
812
 2013 04 20 13 59 21.600     2013 04 20 14 02 57.792     216.2
 2013 04 20 20 37 21.062     2013 04 20 20 37 30.153       9.1
813
 2013 04 20 12 18  2.566     2013 04 20 12 21  3.417     180.9
 2013 04 20 22 17 51.693     2013 04 20 22 20 32.119     160.4
814
 2013 04 20 10 39 35.463     2013 04 20 10 42 56.618     201.2
815
 2013 04 20 22 11 34.665     2013 04 20 22 14 20.260     165.6
816
 2013 04 20 13 59 30.160     2013 04 20 14 02  5.500     155.3
817
 2013 04 20 12 17 34.773     2013 04 20 12 20 12.285     157.5
 2013 04 20 22 19   .579     2013 04 20 22 21 49.395     168.8
818
 2013 04 20 10 44 40.324     2013 04 20 10 47 59.739     199.4
 2013 04 20 20 43 54.469     2013 04 20 20 44 44.546      50.1
819
 2013 04 20 12 25 40.020     2013 04 20 12 29  3.700     203.7
 2013 04 20 19 01 25.512     2013 04 20 19 04 54.115     208.6
820
 2013 04 20 20 41  6.094     2013 04 20 20 44 23.214     197.1
821
 2013 04 20 00 21 29.378     2013 04 20 00 25  7.837     218.5
 2013 04 20 12 12 56.998     2013 04 20 12 15 34.476     157.5
822
 2013 04 20 22 20 40.923     2013 04 20 22 23 21.116     160.2
823
 2013 04 20 10 48  5.888     2013 04 20 10 51  3.142     177.3
 2013 04 20 19 05 12.122     2013 04 20 19 08  2.774     170.7
824
 2013 04 20 12 13 36.026     2013 04 20 12 16 21.210     165.2
825
 2013 04 20 00 17 15.372     2013 04 20 00 19 50.790     155.4
 2013 04 20 13 52  6.715     2013 04 20 13 55 26.478     199.8
826
 2013 04 20 00 20 41.029     2013 04 20 00 23 53.085     192.1
827
 2013 04 20 12 15 10.672     2013 04 20 12 17 44.132     153.5
828
 2013 04 20 10 42 19.015     2013 04 20 10 42 32.684      13.7
 2013 04 20 22 22 37.512     2013 04 20 22 25 48.579     191.1
829
 2013 04 20 12 27 23.814     2013 04 20 12 30 20.846     177.0
 2013 04 20 19 00 16.750     2013 04 20 19 03 12.666     175.9
830
 2013 04 20 22 11 35.555     2013 04 20 22 14 19.167     163.6
831
 2013 04 20 12 16 21.207     2013 04 20 12 18 56.925     155.7
832
 2013 04 20 12 13 18.901     2013 04 20 12 16  1.096     162.2
833
 2013 04 20 20 46  9.635     2013 04 20 20 49  2.466     172.8
834
 2013 04 20 10 43  9.805     2013 04 20 10 45 53.181     163.4
 2013 04 20 20 43 43.975     2013 04 20 20 46 45.984     182.0
835
 2013 04 20 20 41   .789     2013 04 20 20 44 14.349     193.6
836
 2013 04 20 22 15 45.099     2013 04 20 22 18 18.145     153.0
837
 2013 04 20 12 27  7.014     2013 04 20 12 29 50.974     164.0
 2013 04 20 19 00 37.928     2013 04 20 19 03 14.876     156.9
838
 2013 04 20 15 36 44.939     2013 04 20 15 40 32.639     227.7
 2013 04 20 22 10 47.015     2013 04 20 22 14 31.542     224.5
839
 2013 04 20 12 26 28.417     2013 04 20 12 29 19.229     170.8
 2013 04 20 19 00 23.091     2013 04 20 19 03  3.642     160.6
840
 2013 04 20 12 13 51.765     2013 04 20 12 17 18.912     207.1
841
 2013 04 20 12 14 24.871     2013 04 20 12 18  5.742     220.9
842
843
 2013 04 20 13 58 48.851     2013 04 20 14 01 40.565     171.7
 2013 04 20 22 12 25.940     2013 04 20 22 15 37.269     191.3
844
 2013 04 20 10 45 21.964     2013 04 20 10 48  4.588     162.6
 2013 04 20 20 43  6.740     2013 04 20 20 43 18.954      12.2
845
 2013 04 20 12 15 20.489     2013 04 20 12 18 19.107     178.6
846
 2013 04 20 14 00  8.981     2013 04 20 14 02 47.105     158.1
 2013 04 20 20 34 52.039     2013 04 20 20 35  8.038      16.0
847
848
 2013 04 20 20 40 38.511     2013 04 20 20 43 11.010     152.5
849
 2013 04 20 22 15  8.693     2013 04 20 22 18 20.641     191.9
850
 2013 04 20 12 22 36.388     2013 04 20 12 26  3.013     206.6
 2013 04 20 20 37 54.048     2013 04 20 20 40 46.716     172.7
851
 2013 04 20 10 43 15.907     2013 04 20 10 46  1.748     165.8
 2013 04 20 20 44 45.873     2013 04 20 20 47 21.791     155.9
852
 2013 04 20 19 02  4.093     2013 04 20 19 03 36.934      92.8
853
 2013 04 20 10 43 45.888     2013 04 20 10 46 48.041     182.2
 2013 04 20 20 44 44.871     2013 04 20 20 47 22.622     157.8
854
 2013 04 20 13 58  6.819     2013 04 20 14 01 37.112     210.3
 2013 04 20 22 14 11.266     2013 04 20 22 17 16.309     185.0
855
 2013 04 20 20 37  9.373     2013 04 20 20 39 53.381     164.0
856
 2013 04 20 12 13  9.267     2013 04 20 12 15  1.235     112.0
857
858
 2013 04 20 12 22 20.736     2013 04 20 12 26   .638     219.9
 2013 04 20 20 40 15.591     2013 04 20 20 42 54.846     159.3
859
 2013 04 20 13 57 48.454     2013 04 20 13 59 35.831     107.4
 2013 04 20 22 14 28.997     2013 04 20 22 17 27.663     178.7
860
 2013 04 20 13 56 51.986     2013 04 20 13 57 37.512      45.5
 2013 04 20 22 12  5.130     2013 04 20 22 15  1.011     175.9
861
 2013 04 20 10 45 36.409     2013 04 20 10 49  3.325     206.9
862
 2013 04 20 12 25 52.350     2013 04 20 12 28 28.175     155.8
 2013 04 20 19 00 26.419     2013 04 20 19 04  2.632     216.2
863
 2013 04 20 13 55 52.086     2013 04 20 13 58 28.818     156.7
864
865
 2013 04 20 10 38 44.871     2013 04 20 10 41 37.618     172.7
 2013 04 20 22 23 25.892     2013 04 20 22 26 55.500     209.6
866
 2013 04 20 20 40 57.838     2013 04 20 20 43 35.237     157.4
867
 2013 04 20 12 27 50.179     2013 04 20 12 30 35.778     165.6
 2013 04 20 17 22  9.118     2013 04 20 17 22 42.997      33.9
 2013 04 20 19 00 20.457     2013 04 20 19 03 39.639     199.2
868
869
 2013 04 20 14 02  9.330     2013 04 20 14 04 50.535     161.2
 2013 04 20 20 35 41.371     2013 04 20 20 38 39.429     178.1
870
 2013 04 20 10 47 43.029     2013 04 20 10 50 46.962     183.9
 2013 04 20 19 05 11.293     2013 04 20 19 08 22.658     191.4
871
 2013 04 20 20 49 34.914     2013 04 20 20 50 15.817      40.9
872
 2013 04 20 13 59 30.033     2013 04 20 14 03 20.223     230.2
 2013 04 20 20 33 30.116     2013 04 20 20 37  9.476     219.4
873
 2013 04 20 09 08 47.001     2013 04 20 09 09  2.515      15.5
874
 2013 04 20 13 58 14.174     2013 04 20 14 01 33.025     198.9
 2013 04 20 22 12 19.667     2013 04 20 22 15  4.630     165.0
875
 2013 04 20 14 00  5.760     2013 04 20 14 02 50.217     164.5
 2013 04 20 20 35  1.836     2013 04 20 20 35  3.482       1.6
876
 2013 04 20 10 46 57.850     2013 04 20 10 50 23.602     205.8
877
 2013 04 20 10 46 35.099     2013 04 20 10 49 46.139     191.0
878
 2013 04 20 00 19 11.574     2013 04 20 00 21 41.739     150.2
879
 2013 04 20 10 41 39.840     2013 04 20 10 44 15.048     155.2
880
 2013 04 20 12 26  7.676     2013 04 20 12 29 50.121     222.4
 2013 04 20 14 03 52.893     2013 04 20 14 05 14.932      82.0
 2013 04 20 18 59 46.548     2013 04 20 19 02 22.481     155.9
881
 2013 04 20 10 44 39.453     2013 04 20 10 47 28.136     168.7
 2013 04 20 20 43  8.865     2013 04 20 20 45 54.580     165.7
882
 2013 04 20 13 59 54.788     2013 04 20 14 02 35.527     160.7
 2013 04 20 20 38 19.311     2013 04 20 20 38 21.014       1.7
883
 2013 04 20 10 39 13.869     2013 04 20 10 42 48.082     214.2
884
885
 2013 04 20 13 59  2.775     2013 04 20 14 01 57.451     174.7
 2013 04 20 22 13 13.121     2013 04 20 22 14 16.584      63.5
886
 2013 04 20 00 20 16.052     2013 04 20 00 23 52.240     216.2
 2013 04 20 12 12 57.090     2013 04 20 12 13  8.107      11.0
887
 2013 04 20 14 02 36.211     2013 04 20 14 05 26.878     170.7
 2013 04 20 15 39 56.487     2013 04 20 15 40 17.753      21.3
 2013 04 20 18 56 57.922     2013 04 20 19 00 19.923     202.0
 2013 04 20 20 34 28.676     2013 04 20 20 35 47.088      78.4
888
 2013 04 20 22 11 20.539     2013 04 20 22 14 34.460     193.9
889
 2013 04 20 15 37 30.250     2013 04 20 15 40 34.696     184.4
 2013 04 20 20 32 43.802     2013 04 20 20 36 12.741     208.9
890
 2013 04 20 20 41 35.606     2013 04 20 20 44 10.627     155.0
891
892
 2013 04 20 20 46 20.752     2013 04 20 20 49 12.914     172.2
893
 2013 04 20 10 48 38.279     2013 04 20 10 51 13.228     154.9
 2013 04 20 19 04 31.067     2013 04 20 19 07 11.337     160.3
894
 2013 04 20 12 22 59.642     2013 04 20 12 23 51.107      51.5
 2013 04 20 20 40 16.337     2013 04 20 20 42 59.981     163.6
895
 2013 04 20 12 16 37.226     2013 04 20 12 16 46.159       8.9
 2013 04 20 22 20 24.112     2013 04 20 22 22 57.406     153.3
896
 2013 04 20 12 21 20.218     2013 04 20 12 24 11.380     171.2
897
898
 2013 04 20 20 46 21.533     2013 04 20 20 47 22.745      61.2
899
 2013 04 20 10 40 13.536     2013 04 20 10 41 10.042      56.5
 2013 04 20 22 23 42.748     2013 04 20 22 26 12.863     150.1
900
901
 2013 04 20 12 26 11.644     2013 04 20 12 29 15.955     184.3
 2013 04 20 19 00  6.106     2013 04 20 19 02 52.680     166.6
902
 2013 04 20 10 47 22.234     2013 04 20 10 49 57.165     154.9
903
 2013 04 20 10 51 21.536     2013 04 20 10 52 10.141      48.6
 2013 04 20 19 03  8.410     2013 04 20 19 05 48.878     160.5
904
 2013 04 20 10 48 50.337     2013 04 20 10 51 25.246     154.9
 2013 04 20 19 04 32.985     2013 04 20 19 07  7.382     154.4
905
 2013 04 20 12 23 20.002     2013 04 20 12 26  7.005     167.0
 2013 04 20 20 38 33.107     2013 04 20 20 41  6.921     153.8
906
 2013 04 20 20 37 17.495     2013 04 20 20 40 22.016     184.5
907
 2013 04 20 10 40 51.726     2013 04 20 10 43 35.909     164.2
908
 2013 04 20 13 58  8.096     2013 04 20 14 01  9.516     181.4
 2013 04 20 22 12 39.982     2013 04 20 22 15 17.051     157.1
909
 2013 04 20 10 43 25.504     2013 04 20 10 46   .325     154.8
 2013 04 20 20 44  4.418     2013 04 20 20 46 48.733     164.3
910
 2013 04 20 00 19  1.450     2013 04 20 00 21 37.105     155.7
911
 2013 04 20 10 37 47.129     2013 04 20 10 41  1.968     194.8
 2013 04 20 22 23 58.435     2013 04 20 22 26 34.744     156.3
912
913
 2013 04 20 22 22 20.645     2013 04 20 22 25 17.941     177.3
914
915
 2013 04 20 22 15 37.129     2013 04 20 22 18 16.175     159.0
916
 2013 04 20 12 27 20.917     2013 04 20 12 30 40.324     199.4
 2013 04 20 14 05   .155     2013 04 20 14 08 44.397     224.2
 2013 04 20 17 21 39.350     2013 04 20 17 25 29.682     230.3
 2013 04 20 18 59 53.521     2013 04 20 19 03  1.882     188.4
917
 2013 04 20 12 24 17.158     2013 04 20 12 27 28.328     191.2
 2013 04 20 20 39  6.496     2013 04 20 20 42 48.112     221.6
918
 2013 04 20 10 47 27.263     2013 04 20 10 50 40.443     193.2
 2013 04 20 19 06 16.545     2013 04 20 19 07  8.292      51.7
919
920
 2013 04 20 10 49 59.817     2013 04 20 10 53 29.843     210.0
 2013 04 20 19 02 40.166     2013 04 20 19 06 20.386     220.2
921
 2013 04 20 12 18 37.541     2013 04 20 12 21 23.603     166.1
 2013 04 20 22 17 59.302     2013 04 20 22 20 30.893     151.6
922
 2013 04 20 12 24  9.142     2013 04 20 12 27 25.142     196.0
 2013 04 20 20 37 38.989     2013 04 20 20 40 46.134     187.1
923
 2013 04 20 20 40 38.042     2013 04 20 20 43 29.830     171.8
924
 2013 04 20 12 20 15.935     2013 04 20 12 22 58.829     162.9
925
 2013 04 20 22 20 44.998     2013 04 20 22 23 54.307     189.3
926
 2013 04 20 10 44 38.166     2013 04 20 10 47 25.821     167.7
 2013 04 20 20 43 55.816     2013 04 20 20 47  8.116     192.3
927
928
929
 2013 04 20 10 39 54.179     2013 04 20 10 42 33.640     159.5
930
 2013 04 20 22 15 51.000     2013 04 20 22 18 28.529     157.5
931
 2013 04 20 12 18 41.278     2013 04 20 12 21 38.481     177.2
 2013 04 20 22 18 49.563     2013 04 20 22 21 45.101     175.5
932
 2013 04 20 12 28 31.505     2013 04 20 12 31 21.498     170.0
 2013 04 20 17 23 29.169     2013 04 20 17 27  2.523     213.4
933
 2013 04 20 00 22 19.292     2013 04 20 00 25 19.642     180.3
 2013 04 20 12 12 18.778     2013 04 20 12 14 52.265     153.5
934
 2013 04 20 12 27 40.579     2013 04 20 12 30 34.998     174.4
 2013 04 20 19 01 28.729     2013 04 20 19 04 30.901     182.2
935
 2013 04 20 14 00 35.404     2013 04 20 14 03 17.241     161.8
 2013 04 20 20 34 46.534     2013 04 20 20 37 52.582     186.0
936
 2013 04 20 12 21 57.273     2013 04 20 12 24 32.699     155.4
 2013 04 20 20 42 28.753     2013 04 20 20 42 44.423      15.7
937
 2013 04 20 20 48  5.001     2013 04 20 20 50 35.763     150.8
938
 2013 04 20 10 47 33.298     2013 04 20 10 50 11.519     158.2
 2013 04 20 19 07 17.698     2013 04 20 19 08 17.853      60.2
939
 2013 04 20 22 16  8.700     2013 04 20 22 19 32.547     203.8
940
 2013 04 20 12 27 46.345     2013 04 20 12 30 22.131     155.8
 2013 04 20 19 00 51.604     2013 04 20 19 03 55.228     183.6
941
 2013 04 20 22 11 16.081     2013 04 20 22 11 30.677      14.6
942
 2013 04 20 22 22 11.343     2013 04 20 22 25 14.613     183.3
943
944
 2013 04 20 20 48 13.823     2013 04 20 20 50 48.775     155.0
945
 2013 04 20 14 02 36.736     2013 04 20 14 05 28.311     171.6
 2013 04 20 15 39 58.196     2013 04 20 15 40 28.906      30.7
 2013 04 20 18 56 58.451     2013 04 20 19 00 18.531     200.1
 2013 04 20 20 34 26.899     2013 04 20 20 35 32.173      65.3
946
 2013 04 20 10 47 40.988     2013 04 20 10 50 18.947     158.0
 2013 04 20 19 03 54.182     2013 04 20 19 04 10.845      16.7
947
 2013 04 20 22 11 42.705     2013 04 20 22 14 18.428     155.7
948
 2013 04 20 00 20 16.364     2013 04 20 00 22 52.448     156.1
949
 2013 04 20 10 39 44.142     2013 04 20 10 42 50.664     186.5
950
 2013 04 20 00 16 56.920     2013 04 20 00 17 12.835      15.9
951
 2013 04 20 10 38 35.577     2013 04 20 10 41 20.512     164.9
 2013 04 20 22 23 45.193     2013 04 20 22 27  5.191     200.0
952
 2013 04 20 00 17 35.318     2013 04 20 00 20 11.591     156.3
 2013 04 20 13 51 45.799     2013 04 20 13 53 45.997     120.2
953
 2013 04 20 20 46 41.592     2013 04 20 20 49 13.488     151.9
954
 2013 04 20 12 18 36.483     2013 04 20 12 22  6.622     210.1
 2013 04 20 22 18 55.842     2013 04 20 22 22 17.566     201.7
955
 2013 04 20 10 40 16.431     2013 04 20 10 40 36.718      20.3
 2013 04 20 22 23 45.910     2013 04 20 22 26 36.263     170.4
956
 2013 04 20 10 44 15.613     2013 04 20 10 44 25.767      10.2
957
 2013 04 20 20 41 34.878     2013 04 20 20 44 11.895     157.0
958
 2013 04 20 20 46 38.467     2013 04 20 20 49 12.074     153.6
959
 2013 04 20 00 19 35.407     2013 04 20 00 22 35.286     179.9
960
 2013 04 20 00 17  7.778     2013 04 20 00 18 17.849      70.1
961
 2013 04 20 12 25 19.012     2013 04 20 12 28 58.793     219.8
 2013 04 20 18 59 18.330     2013 04 20 19 02 41.293     203.0
962
 2013 04 20 13 55 59.462     2013 04 20 13 58 39.219     159.8
963
964
 2013 04 20 12 20 53.351     2013 04 20 12 24 21.063     207.7
965
 2013 04 20 10 46 53.647     2013 04 20 10 49 57.175     183.5
966
 2013 04 20 14 01 53.118     2013 04 20 14 05 10.848     197.7
 2013 04 20 15 39 31.620     2013 04 20 15 43 15.862     224.2
 2013 04 20 18 56 11.885     2013 04 20 18 59 58.134     226.2
 2013 04 20 20 34 20.980     2013 04 20 20 37 33.477     192.5
967
 2013 04 20 10 42  2.972     2013 04 20 10 45 11.896     188.9
968
 2013 04 20 12 28 14.129     2013 04 20 12 30 52.195     158.1
 2013 04 20 17 22 51.907     2013 04 20 17 23 34.254      42.3
 2013 04 20 19 00 48.995     2013 04 20 19 04 31.014     222.0
969
 2013 04 20 10 38 58.288     2013 04 20 10 42  5.575     187.3
 2013 04 20 22 22 55.490     2013 04 20 22 24 16.883      81.4
970
 2013 04 20 10 44 11.908     2013 04 20 10 47 58.962     227.1
 2013 04 20 20 42 30.973     2013 04 20 20 45  5.768     154.8
971
 2013 04 20 12 25 43.134     2013 04 20 12 28 35.448     172.3
 2013 04 20 19 00 51.123     2013 04 20 19 04 34.613     223.5
972
 2013 04 20 14 01 24.173     2013 04 20 14 04 56.974     212.8
 2013 04 20 15 39 10.519     2013 04 20 15 42 50.568     220.0
 2013 04 20 20 34 19.024     2013 04 20 20 37  9.161     170.1
973
974
 2013 04 20 10 48 48.787     2013 04 20 10 52  3.873     195.1
 2013 04 20 19 03 38.045     2013 04 20 19 06 11.145     153.1
975
 2013 04 20 12 23  5.814     2013 04 20 12 25 54.945     169.1
 2013 04 20 20 39 34.891     2013 04 20 20 42  8.863     154.0
976
 2013 04 20 12 27 44.824     2013 04 20 12 30 39.121     174.3
 2013 04 20 17 22  3.098     2013 04 20 17 25 52.746     229.6
 2013 04 20 19 00 10.175     2013 04 20 19 03 29.811     199.6
977
978
 2013 04 20 22 15 30.846     2013 04 20 22 18 23.446     172.6
979
 2013 04 20 10 47 28.319     2013 04 20 10 50  6.330     158.0
980
 2013 04 20 14 01  8.590     2013 04 20 14 04 45.367     216.8
 2013 04 20 15 38 55.381     2013 04 20 15 42 38.926     223.5
 2013 04 20 20 34 19.671     2013 04 20 20 36 59.893     160.2
981
 2013 04 20 20 40 39.086     2013 04 20 20 43 17.564     158.5
982
983
 2013 04 20 00 19 16.015     2013 04 20 00 21 55.841     159.8
984
 2013 04 20 00 20 51.150     2013 04 20 00 23 24.505     153.4
985
 2013 04 20 22 16 32.631     2013 04 20 22 19 38.443     185.8
986
 2013 04 20 13 58 40.233     2013 04 20 14 01 32.799     172.6
 2013 04 20 22 12 31.495     2013 04 20 22 15 32.734     181.2
987
 2013 04 20 12 23 24.633     2013 04 20 12 26 35.979     191.3
 2013 04 20 20 39 46.394     2013 04 20 20 42 26.734     160.3
988
 2013 04 20 12 21 48.433     2013 04 20 12 24 50.786     182.4
989
 2013 04 20 10 47 15.671     2013 04 20 10 50  9.902     174.2
990
 2013 04 20 20 41 16.785     2013 04 20 20 43 51.823     155.0
991
 2013 04 20 14 02 20.406     2013 04 20 14 06  3.422     223.0
 2013 04 20 20 36 15.272     2013 04 20 20 40  2.095     226.8
992
 2013 04 20 10 42 45.091     2013 04 20 10 45 24.914     159.8
 2013 04 20 20 43 45.094     2013 04 20 20 47 16.262     211.2
993
 2013 04 20 12 13 20.043     2013 04 20 12 15 53.177     153.1
994
 2013 04 20 13 55 40.897     2013 04 20 13 58 15.811     154.9
995
 2013 04 20 13 56 47.564     2013 04 20 14 00 30.345     222.8
 2013 04 20 22 14 45.469     2013 04 20 22 17 24.319     158.8
996
 2013 04 20 13 56 25.147     2013 04 20 13 59   .242     155.1
 2013 04 20 22 16 58.432     2013 04 20 22 17 11.328      12.9
997
 2013 04 20 09 04 54.710     2013 04 20 09 07 55.968     181.3
998
 2013 04 20 20 46 45.879     2013 04 20 20 50  6.205     200.3
999
 2013 04 20 12 28  2.541     2013 04 20 12 30 38.527     156.0
 2013 04 20 17 26 30.759     2013 04 20 17 26 39.309       8.6
 2013 04 20 19 00 47.370     2013 04 20 19 04 11.890     204.5
