s3
0
 2013 04 20 13 47 10.644     2013 04 20 13 50 12.880     182.2
 2013 04 20 20 26 10.678     2013 04 20 20 26 35.036      24.4
1
 2013 04 20 22 04 33.150     2013 04 20 22 08 17.998     224.8
2
 2013 04 20 10 33 57.092     2013 04 20 10 36 33.655     156.6
3
 2013 04 20 22 13 33.550     2013 04 20 22 13 38.366       4.8
4
 2013 04 20 13 45 43.907     2013 04 20 13 48 38.727     174.8
 2013 04 20 22 02 43.124     2013 04 20 22 05 39.593     176.5
5
 2013 04 20 00 03 26.076     2013 04 20 00 03 37.236      11.2
 2013 04 20 23 44 25.392     2013 04 20 23 44 33.531       8.1
6
 2013 04 20 22 00 41.754     2013 04 20 22 03 38.012     176.3
7
 2013 04 20 22 09 59.682     2013 04 20 22 13 16.763     197.1
8
 2013 04 20 13 47 14.846     2013 04 20 13 50 49.017     214.2
 2013 04 20 20 24 19.900     2013 04 20 20 24 48.217      28.3
9
 2013 04 20 12 04 42.698     2013 04 20 12 08  2.610     199.9
 2013 04 20 22 08 36.992     2013 04 20 22 11 14.144     157.2
10
 2013 04 20 13 47 41.885     2013 04 20 13 51 20.395     218.5
 2013 04 20 20 24 47.949     2013 04 20 20 28  3.222     195.3
11
 2013 04 20 12 08 34.193     2013 04 20 12 11 10.446     156.3
12
 2013 04 20 10 32  4.190     2013 04 20 10 32 38.890      34.7
13
 2013 04 20 13 42  1.124     2013 04 20 13 45 42.317     221.2
14
 2013 04 20 22 04 26.769     2013 04 20 22 07 39.721     193.0
15
 2013 04 20 12 04 21.187     2013 04 20 12 06 57.191     156.0
 2013 04 20 22 07 46.366     2013 04 20 22 11  7.034     200.7
16
 2013 04 20 13 45 23.366     2013 04 20 13 48  1.689     158.3
 2013 04 20 22 02 33.903     2013 04 20 22 05 11.960     158.1
17
 2013 04 20 10 28 41.930     2013 04 20 10 32 15.561     213.6
18
 2013 04 20 12 11  4.417     2013 04 20 12 13 41.245     156.8
 2013 04 20 20 27 34.849     2013 04 20 20 30 22.911     168.1
19
 2013 04 20 12 12 26.084     2013 04 20 12 15  4.075     158.0
20
 2013 04 20 20 36 28.825     2013 04 20 20 39 13.597     164.8
21
22
 2013 04 20 12 02 54.495     2013 04 20 12 05 48.666     174.2
23
 2013 04 20 00 03 58.842     2013 04 20 00 06 46.091     167.2
 2013 04 20 23 44 58.474     2013 04 20 23 47 45.564     167.1
24
 2013 04 20 12 12 31.757     2013 04 20 12 14 18.002     106.2
 2013 04 20 18 49 57.323     2013 04 20 18 53 40.829     223.5
25
 2013 04 20 13 48 51.467     2013 04 20 13 52  3.849     192.4
 2013 04 20 15 26 32.904     2013 04 20 15 26 33.769        .9
 2013 04 20 20 23 12.579     2013 04 20 20 25 56.601     164.0
26
 2013 04 20 12 08 35.591     2013 04 20 12 11 22.920     167.3
27
 2013 04 20 22 00  2.120     2013 04 20 22 03 38.803     216.7
28
 2013 04 20 12 05  3.235     2013 04 20 12 08   .718     177.5
 2013 04 20 22 08 15.789     2013 04 20 22 10 52.985     157.2
29
30
 2013 04 20 13 45 40.048     2013 04 20 13 48 59.911     199.9
 2013 04 20 22 02 55.748     2013 04 20 22 06  5.711     190.0
31
32
 2013 04 20 10 25 26.749     2013 04 20 10 28 11.597     164.8
 2013 04 20 22 12 44.017     2013 04 20 22 16 14.264     210.2
33
 2013 04 20 12 10 19.771     2013 04 20 12 12 58.949     159.2
 2013 04 20 20 27 23.914     2013 04 20 20 30  7.515     163.6
34
 2013 04 20 10 27  4.856     2013 04 20 10 29 48.231     163.4
35
 2013 04 20 22 08 33.880     2013 04 20 22 11 51.927     198.0
36
 2013 04 20 13 47 40.368     2013 04 20 13 50 53.371     193.0
 2013 04 20 20 24 20.209     2013 04 20 20 27 52.613     212.4
37
 2013 04 20 10 28 58.628     2013 04 20 10 31 57.029     178.4
38
 2013 04 20 22 00 11.809     2013 04 20 22 03 21.010     189.2
39
 2013 04 20 12 10 45.546     2013 04 20 12 13 22.778     157.2
 2013 04 20 20 27 44.895     2013 04 20 20 30 23.871     159.0
40
 2013 04 20 12 10 40.925     2013 04 20 12 13 56.464     195.5
 2013 04 20 20 26 39.249     2013 04 20 20 29 19.206     160.0
41
 2013 04 20 00 07  8.618     2013 04 20 00 09 53.563     164.9
 2013 04 20 11 59 21.117     2013 04 20 12 02 11.228     170.1
42
 2013 04 20 15 22 59.648     2013 04 20 15 26 23.463     203.8
 2013 04 20 21 59 39.441     2013 04 20 22 02 26.424     167.0
43
 2013 04 20 20 28 46.353     2013 04 20 20 32 10.136     203.8
44
 2013 04 20 15 26  5.706     2013 04 20 15 29 14.000     188.3
 2013 04 20 20 22  8.071     2013 04 20 20 24 50.758     162.7
45
 2013 04 20 12 01 12.378     2013 04 20 12 03 50.474     158.1
46
 2013 04 20 12 10 44.547     2013 04 20 12 13 20.763     156.2
 2013 04 20 20 27 39.760     2013 04 20 20 30 18.187     158.4
47
 2013 04 20 22 10 13.200     2013 04 20 22 13 16.838     183.6
48
 2013 04 20 10 25  9.476     2013 04 20 10 28 49.797     220.3
 2013 04 20 22 12  5.981     2013 04 20 22 15 16.778     190.8
49
50
 2013 04 20 12 14 34.231     2013 04 20 12 17 34.232     180.0
 2013 04 20 18 48 33.984     2013 04 20 18 51 33.507     179.5
51
 2013 04 20 13 42 34.255     2013 04 20 13 45 59.793     205.5
52
53
 2013 04 20 12 02  8.100     2013 04 20 12 05  8.816     180.7
54
 2013 04 20 22 14  2.937     2013 04 20 22 14  5.447       2.5
55
 2013 04 20 10 30 41.389     2013 04 20 10 33 18.315     156.9
 2013 04 20 20 32 59.997     2013 04 20 20 35 37.200     157.2
56
 2013 04 20 08 49 58.029     2013 04 20 08 53 40.598     222.6
 2013 04 20 20 37 45.117     2013 04 20 20 40 33.438     168.3
57
 2013 04 20 13 47 13.570     2013 04 20 13 50 48.998     215.4
 2013 04 20 20 22 20.983     2013 04 20 20 25 54.192     213.2
58
 2013 04 20 00 06 26.487     2013 04 20 00 10 10.681     224.2
 2013 04 20 12 00 19.149     2013 04 20 12 02 58.606     159.5
59
 2013 04 20 12 11 16.720     2013 04 20 12 14 49.995     213.3
 2013 04 20 20 27 55.981     2013 04 20 20 31 46.502     230.5
60
 2013 04 20 12 05 16.680     2013 04 20 12 08 42.660     206.0
 2013 04 20 22 06 24.669     2013 04 20 22 09  5.842     161.2
61
 2013 04 20 20 30  5.919     2013 04 20 20 32 48.287     162.4
62
 2013 04 20 12 09 27.670     2013 04 20 12 12 37.921     190.3
 2013 04 20 20 26 33.108     2013 04 20 20 30   .935     207.8
63
 2013 04 20 12 10 57.638     2013 04 20 12 13 34.202     156.6
 2013 04 20 20 27 27.058     2013 04 20 20 30  9.512     162.5
64
 2013 04 20 15 24 43.291     2013 04 20 15 27 22.300     159.0
 2013 04 20 20 24 12.533     2013 04 20 20 24 21.558       9.0
 2013 04 20 21 58 40.678     2013 04 20 22 02 10.675     210.0
65
 2013 04 20 12 15 11.122     2013 04 20 12 15 40.258      29.1
 2013 04 20 20 25 12.853     2013 04 20 20 26 33.054      80.2
66
67
 2013 04 20 12 09 54.256     2013 04 20 12 12 59.263     185.0
 2013 04 20 20 26 48.024     2013 04 20 20 29 45.978     178.0
68
 2013 04 20 22 10 43.854     2013 04 20 22 13 54.729     190.9
69
 2013 04 20 10 31 36.646     2013 04 20 10 32 12.320      35.7
 2013 04 20 20 30 42.589     2013 04 20 20 33 46.790     184.2
70
 2013 04 20 12 01  6.405     2013 04 20 12 01 14.262       7.9
71
 2013 04 20 22 08 23.831     2013 04 20 22 12 13.929     230.1
72
 2013 04 20 15 24 42.052     2013 04 20 15 27 27.783     165.7
 2013 04 20 21 58 53.596     2013 04 20 22 02 24.323     210.7
73
 2013 04 20 20 34 39.070     2013 04 20 20 36  7.441      88.4
74
 2013 04 20 20 35 54.040     2013 04 20 20 38 31.203     157.2
75
 2013 04 20 00 01 33.355     2013 04 20 00 04 19.772     166.4
 2013 04 20 13 40 23.433     2013 04 20 13 43 11.559     168.1
 2013 04 20 23 42 32.981     2013 04 20 23 45 19.250     166.3
76
 2013 04 20 20 36 49.337     2013 04 20 20 39 48.187     178.9
77
 2013 04 20 00 03 26.074     2013 04 20 00 06 51.633     205.6
 2013 04 20 23 44 25.794     2013 04 20 23 47 51.021     205.2
78
 2013 04 20 12 01 55.644     2013 04 20 12 04 46.034     170.4
79
 2013 04 20 12 01  4.014     2013 04 20 12 04 30.569     206.6
80
 2013 04 20 20 29 24.933     2013 04 20 20 32 11.372     166.4
81
 2013 04 20 20 36  9.879     2013 04 20 20 39  1.363     171.5
82
 2013 04 20 12 03 34.770     2013 04 20 12 06 28.426     173.7
83
 2013 04 20 20 37 42.713     2013 04 20 20 40 42.759     180.0
84
 2013 04 20 10 26 53.402     2013 04 20 10 29 28.003     154.6
85
 2013 04 20 13 47 50.195     2013 04 20 13 51   .554     190.4
 2013 04 20 20 22 56.086     2013 04 20 20 26   .632     184.5
86
87
 2013 04 20 12 05 37.281     2013 04 20 12 08 19.209     161.9
 2013 04 20 22 07  6.100     2013 04 20 22 09 43.362     157.3
88
 2013 04 20 10 31 15.533     2013 04 20 10 32  3.759      48.2
89
 2013 04 20 13 49 51.603     2013 04 20 13 50  7.957      16.4
 2013 04 20 22 00 11.944     2013 04 20 22 03 42.313     210.4
90
 2013 04 20 00 05  9.225     2013 04 20 00 08 19.754     190.5
91
 2013 04 20 13 47 56.430     2013 04 20 13 50 45.097     168.7
 2013 04 20 20 23 11.643     2013 04 20 20 26 25.053     193.4
92
 2013 04 20 12 12 44.197     2013 04 20 12 15 43.885     179.7
 2013 04 20 18 47 58.124     2013 04 20 18 51 42.035     223.9
93
 2013 04 20 15 25   .650     2013 04 20 15 28 38.580     217.9
 2013 04 20 20 21 32.943     2013 04 20 20 25 18.184     225.2
94
 2013 04 20 20 29 19.725     2013 04 20 20 32 45.512     205.8
95
 2013 04 20 13 41 40.659     2013 04 20 13 45  1.183     200.5
96
97
 2013 04 20 13 48 33.036     2013 04 20 13 51 30.728     177.7
 2013 04 20 20 24 37.332     2013 04 20 20 27 20.184     162.9
98
 2013 04 20 22 11 31.024     2013 04 20 22 14 31.187     180.2
99
 2013 04 20 12 09 31.119     2013 04 20 12 12 17.564     166.4
 2013 04 20 20 27 55.790     2013 04 20 20 31 15.235     199.4
100
 2013 04 20 12 09 37.929     2013 04 20 12 12 14.505     156.6
 2013 04 20 20 27 18.184     2013 04 20 20 30 44.006     205.8
101
 2013 04 20 10 30 53.560     2013 04 20 10 33 30.053     156.5
 2013 04 20 20 32 52.991     2013 04 20 20 35 31.708     158.7
102
 2013 04 20 12 10 38.623     2013 04 20 12 13 41.012     182.4
 2013 04 20 20 26 52.353     2013 04 20 20 29 30.657     158.3
103
104
 2013 04 20 10 32 29.824     2013 04 20 10 35 12.391     162.6
105
 2013 04 20 12 01 35.969     2013 04 20 12 01 50.606      14.6
106
 2013 04 20 12 13 23.088     2013 04 20 12 16   .594     157.5
 2013 04 20 18 48 51.198     2013 04 20 18 52  1.645     190.4
107
 2013 04 20 22 10 37.592     2013 04 20 22 13 30.440     172.8
108
 2013 04 20 10 25 30.231     2013 04 20 10 26 30.925      60.7
109
 2013 04 20 10 32 57.870     2013 04 20 10 36 10.382     192.5
110
 2013 04 20 12 08 58.993     2013 04 20 12 11 57.053     178.1
 2013 04 20 20 30 42.207     2013 04 20 20 30 43.840       1.6
111
 2013 04 20 12 12 11.648     2013 04 20 12 12 48.447      36.8
 2013 04 20 18 53 26.207     2013 04 20 18 53 58.408      32.2
112
 2013 04 20 12 15 59.284     2013 04 20 12 18 37.313     158.0
 2013 04 20 17 11 19.809     2013 04 20 17 14 23.285     183.5
113
 2013 04 20 00 07 18.287     2013 04 20 00 07 25.692       7.4
 2013 04 20 11 59 50.505     2013 04 20 12 02 57.599     187.1
114
 2013 04 20 13 50 25.219     2013 04 20 13 53 18.821     173.6
 2013 04 20 18 46 14.998     2013 04 20 18 49 55.305     220.3
115
 2013 04 20 20 29  1.953     2013 04 20 20 29  2.904       1.0
116
 2013 04 20 22 10 26.063     2013 04 20 22 13 14.336     168.3
117
118
 2013 04 20 22 08 29.091     2013 04 20 22 11 53.831     204.7
119
 2013 04 20 10 26 26.635     2013 04 20 10 29 13.791     167.2
120
 2013 04 20 12 03  2.617     2013 04 20 12 05 53.963     171.3
121
 2013 04 20 10 26 11.947     2013 04 20 10 28 46.538     154.6
122
 2013 04 20 10 30 12.225     2013 04 20 10 32 58.839     166.6
 2013 04 20 20 33 24.495     2013 04 20 20 36  4.646     160.2
123
 2013 04 20 10 32 51.886     2013 04 20 10 35 29.850     158.0
124
 2013 04 20 13 45 34.078     2013 04 20 13 48 49.470     195.4
 2013 04 20 22 01 19.610     2013 04 20 22 04  3.687     164.1
125
 2013 04 20 22 05 42.557     2013 04 20 22 09  3.808     201.3
126
127
 2013 04 20 13 47 18.570     2013 04 20 13 49 59.543     161.0
128
 2013 04 20 12 09 48.214     2013 04 20 12 12 33.664     165.4
 2013 04 20 20 27  4.466     2013 04 20 20 30 15.676     191.2
129
 2013 04 20 22 05 26.939     2013 04 20 22 08  4.390     157.5
130
 2013 04 20 00 04 31.074     2013 04 20 00 07 41.500     190.4
 2013 04 20 23 45 30.772     2013 04 20 23 48 40.910     190.1
131
 2013 04 20 20 37  3.218     2013 04 20 20 40 41.873     218.7
132
 2013 04 20 20 25 15.740     2013 04 20 20 28 33.334     197.6
133
 2013 04 20 13 48  6.482     2013 04 20 13 50 52.617     166.1
 2013 04 20 20 23 21.025     2013 04 20 20 26 24.426     183.4
134
 2013 04 20 12 01  6.496     2013 04 20 12 04 41.371     214.9
135
 2013 04 20 00 02 24.671     2013 04 20 00 06  6.475     221.8
 2013 04 20 13 38  2.207     2013 04 20 13 41 22.732     200.5
 2013 04 20 23 43 24.003     2013 04 20 23 47  6.228     222.2
136
 2013 04 20 10 25   .345     2013 04 20 10 28 39.959     219.6
 2013 04 20 22 12 15.507     2013 04 20 22 15 17.577     182.1
137
 2013 04 20 13 47 23.232     2013 04 20 13 50 21.754     178.5
 2013 04 20 20 22 37.761     2013 04 20 20 26 30.970     233.2
138
 2013 04 20 15 23 38.978     2013 04 20 15 26 16.218     157.2
 2013 04 20 21 58 43.675     2013 04 20 22 01 22.045     158.4
139
 2013 04 20 10 28 31.619     2013 04 20 10 31 34.561     182.9
 2013 04 20 20 37  3.666     2013 04 20 20 37 42.915      39.2
140
 2013 04 20 10 27 48.462     2013 04 20 10 28 59.503      71.0
 2013 04 20 20 37 37.787     2013 04 20 20 38 24.056      46.3
141
 2013 04 20 12 15 15.089     2013 04 20 12 17 52.435     157.3
 2013 04 20 17 10 32.467     2013 04 20 17 10 41.501       9.0
 2013 04 20 18 49   .311     2013 04 20 18 52 30.952     210.6
142
143
 2013 04 20 12 02 31.315     2013 04 20 12 06  9.010     217.7
144
 2013 04 20 12 08  6.102     2013 04 20 12 11  7.767     181.7
145
 2013 04 20 20 34 43.531     2013 04 20 20 38 30.238     226.7
146
147
148
 2013 04 20 13 48 25.430     2013 04 20 13 52 16.357     230.9
 2013 04 20 15 26 37.296     2013 04 20 15 30 13.657     216.4
 2013 04 20 20 22 46.602     2013 04 20 20 25 28.964     162.4
149
 2013 04 20 10 32 50.867     2013 04 20 10 35 38.614     167.7
150
 2013 04 20 13 48 15.158     2013 04 20 13 51 52.241     217.1
 2013 04 20 20 25  6.641     2013 04 20 20 27 50.390     163.7
151
 2013 04 20 12 09 32.011     2013 04 20 12 12 51.886     199.9
 2013 04 20 20 26 29.417     2013 04 20 20 29 46.715     197.3
152
 2013 04 20 00 04 48.485     2013 04 20 00 07 39.474     171.0
153
 2013 04 20 10 30 43.468     2013 04 20 10 33 38.819     175.4
 2013 04 20 20 32  7.209     2013 04 20 20 34 46.048     158.8
154
 2013 04 20 20 34 52.368     2013 04 20 20 38 14.696     202.3
155
 2013 04 20 00 02 19.023     2013 04 20 00 05 36.134     197.1
 2013 04 20 13 38 31.540     2013 04 20 13 41 40.856     189.3
 2013 04 20 23 43 18.388     2013 04 20 23 46 35.857     197.5
156
 2013 04 20 00 03 15.939     2013 04 20 00 05 53.071     157.1
 2013 04 20 23 44 15.463     2013 04 20 23 46 52.646     157.2
157
 2013 04 20 15 23 57.995     2013 04 20 15 27  5.792     187.8
 2013 04 20 17 01 39.880     2013 04 20 17 02   .722      20.8
 2013 04 20 21 57 54.689     2013 04 20 22 00 54.819     180.1
158
 2013 04 20 22 00 43.262     2013 04 20 22 03 40.207     176.9
159
 2013 04 20 12 13 42.862     2013 04 20 12 16 19.961     157.1
 2013 04 20 18 49  6.620     2013 04 20 18 51 57.165     170.5
160
 2013 04 20 13 46 10.355     2013 04 20 13 49 50.118     219.8
 2013 04 20 22 02 30.806     2013 04 20 22 02 49.437      18.6
161
 2013 04 20 15 26 32.520     2013 04 20 15 29 45.996     193.5
 2013 04 20 20 22 26.505     2013 04 20 20 25  6.112     159.6
162
 2013 04 20 13 45 43.922     2013 04 20 13 49 21.086     217.2
 2013 04 20 22 02 55.766     2013 04 20 22 06 24.859     209.1
163
 2013 04 20 00 05 40.289     2013 04 20 00 08 45.259     185.0
164
 2013 04 20 10 31   .866     2013 04 20 10 33 40.635     159.8
 2013 04 20 20 32 22.764     2013 04 20 20 35   .608     157.8
165
 2013 04 20 00 08 17.647     2013 04 20 00 08 23.904       6.3
166
 2013 04 20 10 32 34.318     2013 04 20 10 34  4.115      89.8
167
 2013 04 20 13 49 54.094     2013 04 20 13 53 10.579     196.5
 2013 04 20 20 24 34.674     2013 04 20 20 28 17.071     222.4
168
 2013 04 20 13 44 58.687     2013 04 20 13 47 39.032     160.3
 2013 04 20 22 02 40.782     2013 04 20 22 05 23.492     162.7
169
170
 2013 04 20 10 35 38.941     2013 04 20 10 39  6.406     207.5
 2013 04 20 18 51 49.851     2013 04 20 18 54 27.894     158.0
171
 2013 04 20 15 24 51.227     2013 04 20 15 28 23.351     212.1
 2013 04 20 20 21 16.166     2013 04 20 20 21 45.703      29.5
 2013 04 20 21 59 16.168     2013 04 20 21 59 25.440       9.3
172
 2013 04 20 15 25 21.906     2013 04 20 15 28 36.253     194.3
 2013 04 20 20 21 34.753     2013 04 20 20 24 56.039     201.3
173
 2013 04 20 20 25 42.484     2013 04 20 20 29 21.846     219.4
174
 2013 04 20 12 07 35.244     2013 04 20 12 10 38.658     183.4
175
 2013 04 20 12 05   .932     2013 04 20 12 05  9.738       8.8
176
 2013 04 20 10 34  8.835     2013 04 20 10 35  5.383      56.5
 2013 04 20 20 30 59.397     2013 04 20 20 33 42.233     162.8
177
 2013 04 20 13 42 43.298     2013 04 20 13 44  6.036      82.7
178
 2013 04 20 12 10  6.642     2013 04 20 12 13  8.706     182.1
 2013 04 20 20 26 53.497     2013 04 20 20 29 41.662     168.2
179
 2013 04 20 12 05  8.116     2013 04 20 12 05  8.867        .8
 2013 04 20 22 06  4.045     2013 04 20 22 08 46.431     162.4
180
 2013 04 20 13 49 37.444     2013 04 20 13 52 22.596     165.2
 2013 04 20 20 23 30.728     2013 04 20 20 26 41.111     190.4
181
 2013 04 20 12 03 22.214     2013 04 20 12 07  3.266     221.1
 2013 04 20 22 09   .204     2013 04 20 22 12 16.296     196.1
182
 2013 04 20 12 10 24.805     2013 04 20 12 13   .896     156.1
 2013 04 20 20 27 36.688     2013 04 20 20 30 17.490     160.8
183
 2013 04 20 12 02 19.360     2013 04 20 12 04 56.172     156.8
184
 2013 04 20 22 04 12.393     2013 04 20 22 07 34.241     201.8
185
 2013 04 20 12 13 21.000     2013 04 20 12 16 54.495     213.5
 2013 04 20 13 51 12.917     2013 04 20 13 51 28.111      15.2
 2013 04 20 18 48 10.428     2013 04 20 18 50 52.004     161.6
186
 2013 04 20 12 12 11.276     2013 04 20 12 15 24.133     192.9
187
 2013 04 20 22 11 32.633     2013 04 20 22 14 45.284     192.7
188
 2013 04 20 22 11 48.707     2013 04 20 22 14 28.310     159.6
189
 2013 04 20 00 04 21.874     2013 04 20 00 07 42.156     200.3
 2013 04 20 23 45 21.227     2013 04 20 23 48 41.897     200.7
190
 2013 04 20 10 29 15.023     2013 04 20 10 29 24.468       9.4
 2013 04 20 22 11 35.483     2013 04 20 22 14 52.217     196.7
191
 2013 04 20 13 45 16.426     2013 04 20 13 47 53.180     156.8
 2013 04 20 22 02 15.826     2013 04 20 22 04 54.461     158.6
192
 2013 04 20 10 31 41.299     2013 04 20 10 35  1.692     200.4
 2013 04 20 20 31  6.799     2013 04 20 20 34  9.727     182.9
193
 2013 04 20 00 06 48.959     2013 04 20 00 09 45.485     176.5
 2013 04 20 11 59 38.869     2013 04 20 12 02 33.082     174.2
194
 2013 04 20 12 10 35.559     2013 04 20 12 10 58.212      22.7
 2013 04 20 20 28 35.858     2013 04 20 20 31 58.351     202.5
195
 2013 04 20 13 51  5.249     2013 04 20 13 53 43.683     158.4
 2013 04 20 18 46 32.187     2013 04 20 18 49 22.074     169.9
196
 2013 04 20 13 48 58.390     2013 04 20 13 52  4.597     186.2
 2013 04 20 20 24 49.804     2013 04 20 20 27 29.959     160.2
197
 2013 04 20 22 09 38.910     2013 04 20 22 12 32.832     173.9
198
 2013 04 20 12 11 54.171     2013 04 20 12 15 33.323     219.2
 2013 04 20 20 25 20.242     2013 04 20 20 25 31.119      10.9
199
 2013 04 20 10 29 11.980     2013 04 20 10 31 48.756     156.8
 2013 04 20 20 35 58.335     2013 04 20 20 36 37.102      38.8
200
 2013 04 20 12 14 14.965     2013 04 20 12 16 52.244     157.3
 2013 04 20 18 49 16.293     2013 04 20 18 51 54.808     158.5
201
202
 2013 04 20 22 11 30.299     2013 04 20 22 14  7.826     157.5
203
 2013 04 20 00 06 50.273     2013 04 20 00 10 12.463     202.2
 2013 04 20 11 59 59.781     2013 04 20 12 02 37.785     158.0
204
 2013 04 20 13 42 46.225     2013 04 20 13 46 25.462     219.2
205
 2013 04 20 00 06 47.789     2013 04 20 00 09 39.971     172.2
 2013 04 20 11 59 33.621     2013 04 20 12 02 33.100     179.5
206
 2013 04 20 10 28 45.298     2013 04 20 10 29  3.666      18.4
 2013 04 20 20 34 37.853     2013 04 20 20 37 26.178     168.3
207
 2013 04 20 10 27 30.923     2013 04 20 10 28 12.384      41.5
 2013 04 20 22 12 34.226     2013 04 20 22 15 11.570     157.3
208
209
210
211
212
 2013 04 20 00 03 38.332     2013 04 20 00 06 31.335     173.0
 2013 04 20 23 44 37.747     2013 04 20 23 47 31.015     173.3
213
 2013 04 20 20 34 44.231     2013 04 20 20 35 48.380      64.1
214
 2013 04 20 10 32 25.209     2013 04 20 10 35 54.679     209.5
215
 2013 04 20 10 26 31.095     2013 04 20 10 27  9.315      38.2
216
 2013 04 20 12 11 52.839     2013 04 20 12 14 29.352     156.5
 2013 04 20 20 26 54.469     2013 04 20 20 30 38.636     224.2
217
218
 2013 04 20 22 15  1.360     2013 04 20 22 15 26.564      25.2
219
 2013 04 20 12 08 44.016     2013 04 20 12 11 23.160     159.1
220
 2013 04 20 22 07 58.660     2013 04 20 22 08 33.664      35.0
221
 2013 04 20 12 01 33.744     2013 04 20 12 04 52.881     199.1
222
 2013 04 20 12 15 40.465     2013 04 20 12 18 36.324     175.9
 2013 04 20 17 11 32.738     2013 04 20 17 15 14.123     221.4
223
 2013 04 20 12 06 42.388     2013 04 20 12 09 55.797     193.4
 2013 04 20 22 05 41.436     2013 04 20 22 09  1.852     200.4
224
 2013 04 20 13 45 26.138     2013 04 20 13 46 21.843      55.7
 2013 04 20 22 03 13.540     2013 04 20 22 06 37.911     204.4
225
226
 2013 04 20 12 08 20.895     2013 04 20 12 11  6.763     165.9
227
 2013 04 20 20 35 12.562     2013 04 20 20 38 53.785     221.2
228
 2013 04 20 10 26 10.275     2013 04 20 10 27 30.076      79.8
229
230
 2013 04 20 00 03 46.202     2013 04 20 00 07  2.922     196.7
 2013 04 20 23 44 45.563     2013 04 20 23 48  2.653     197.1
231
 2013 04 20 00 05 22.503     2013 04 20 00 08 54.305     211.8
232
233
 2013 04 20 00 01 16.280     2013 04 20 00 03 10.610     114.3
 2013 04 20 13 40 46.319     2013 04 20 13 44 18.424     212.1
 2013 04 20 23 42 16.025     2013 04 20 23 44 15.628     119.6
234
 2013 04 20 22 03 49.704     2013 04 20 22 07  5.805     196.1
235
 2013 04 20 15 24  9.536     2013 04 20 15 26 48.612     159.1
 2013 04 20 21 58 56.564     2013 04 20 22 01 47.181     170.6
236
 2013 04 20 20 34 56.051     2013 04 20 20 37 59.357     183.3
237
 2013 04 20 13 42  6.266     2013 04 20 13 44 44.293     158.0
238
 2013 04 20 10 25 54.593     2013 04 20 10 29 30.284     215.7
 2013 04 20 22 11 20.328     2013 04 20 22 12 10.915      50.6
239
 2013 04 20 22 11 40.022     2013 04 20 22 15 11.867     211.8
240
 2013 04 20 13 49 15.582     2013 04 20 13 52 11.921     176.3
 2013 04 20 20 23 23.221     2013 04 20 20 26 17.917     174.7
241
 2013 04 20 13 50 21.836     2013 04 20 13 54  1.474     219.6
 2013 04 20 18 46 56.647     2013 04 20 18 50 33.945     217.3
242
 2013 04 20 12 17 21.020     2013 04 20 12 17 36.915      15.9
 2013 04 20 13 51 51.788     2013 04 20 13 55 14.505     202.7
 2013 04 20 18 47 51.543     2013 04 20 18 50 32.419     160.9
243
 2013 04 20 12 02 51.357     2013 04 20 12 05 51.270     179.9
244
 2013 04 20 12 04 16.436     2013 04 20 12 06 51.598     155.2
 2013 04 20 22 07 27.194     2013 04 20 22 11  2.961     215.8
245
 2013 04 20 15 24 51.932     2013 04 20 15 27 44.208     172.3
 2013 04 20 20 20 36.585     2013 04 20 20 20 40.941       4.4
 2013 04 20 21 58 54.129     2013 04 20 22 02 43.539     229.4
246
247
 2013 04 20 13 46 45.895     2013 04 20 13 49 23.312     157.4
 2013 04 20 22 01 19.967     2013 04 20 22 03  2.990     103.0
248
 2013 04 20 15 24  9.188     2013 04 20 15 27 53.657     224.5
 2013 04 20 21 59 47.714     2013 04 20 22 03  5.215     197.5
249
 2013 04 20 13 41 11.251     2013 04 20 13 41 58.785      47.5
250
 2013 04 20 20 25 36.331     2013 04 20 20 29  6.370     210.0
251
 2013 04 20 10 33 23.506     2013 04 20 10 36 19.624     176.1
252
 2013 04 20 18 50 57.697     2013 04 20 18 53 48.470     170.8
253
 2013 04 20 12 12 16.821     2013 04 20 12 15  1.243     164.4
254
 2013 04 20 12 15  5.648     2013 04 20 12 17 56.731     171.1
 2013 04 20 17 10 15.176     2013 04 20 17 14  2.569     227.4
 2013 04 20 18 48 30.335     2013 04 20 18 52  2.523     212.2
255
 2013 04 20 10 27 31.257     2013 04 20 10 30 23.137     171.9
256
 2013 04 20 12 12 33.615     2013 04 20 12 15 33.991     180.4
 2013 04 20 18 53 15.879     2013 04 20 18 53 18.118       2.2
257
 2013 04 20 12 15 40.169     2013 04 20 12 18 32.219     172.0
 2013 04 20 17 11 28.061     2013 04 20 17 15  9.747     221.7
 2013 04 20 18 49 14.593     2013 04 20 18 49 18.380       3.8
258
 2013 04 20 15 24 34.946     2013 04 20 15 27 34.067     179.1
 2013 04 20 21 59 10.199     2013 04 20 22 02 37.627     207.4
259
 2013 04 20 13 50 52.412     2013 04 20 13 53 30.240     157.8
 2013 04 20 18 46 18.747     2013 04 20 18 49 18.411     179.7
260
261
 2013 04 20 12 14 41.266     2013 04 20 12 18  3.067     201.8
 2013 04 20 18 50  9.334     2013 04 20 18 53 15.170     185.8
262
 2013 04 20 12 12 20.383     2013 04 20 12 15 17.591     177.2
263
 2013 04 20 10 25 22.899     2013 04 20 10 26  5.445      42.5
264
 2013 04 20 18 50 52.959     2013 04 20 18 53 31.593     158.6
265
 2013 04 20 13 48 57.402     2013 04 20 13 49 40.871      43.5
 2013 04 20 20 25 23.834     2013 04 20 20 28 18.911     175.1
266
 2013 04 20 13 44  1.652     2013 04 20 13 44  3.542       1.9
 2013 04 20 22 03 58.725     2013 04 20 22 06 38.793     160.1
267
 2013 04 20 10 29 37.708     2013 04 20 10 32 39.155     181.4
 2013 04 20 20 31 59.015     2013 04 20 20 35 34.482     215.5
268
269
270
 2013 04 20 12 03 34.349     2013 04 20 12 07   .172     205.8
 2013 04 20 22 08 48.523     2013 04 20 22 12  4.987     196.5
271
 2013 04 20 12 12 11.563     2013 04 20 12 14 48.383     156.8
 2013 04 20 20 26 37.513     2013 04 20 20 26 47.849      10.3
272
 2013 04 20 00 01 43.008     2013 04 20 00 04 22.188     159.2
 2013 04 20 13 39 49.312     2013 04 20 13 42 30.222     160.9
 2013 04 20 23 42 42.499     2013 04 20 23 45 21.791     159.3
273
 2013 04 20 20 29 41.836     2013 04 20 20 32 21.159     159.3
274
 2013 04 20 10 29 21.402     2013 04 20 10 32 54.305     212.9
 2013 04 20 20 34 10.756     2013 04 20 20 36 55.164     164.4
275
276
 2013 04 20 12 09 38.031     2013 04 20 12 12 53.235     195.2
 2013 04 20 20 28 32.875     2013 04 20 20 31 23.631     170.8
277
 2013 04 20 10 27 41.979     2013 04 20 10 30 18.106     156.1
278
 2013 04 20 13 45  7.527     2013 04 20 13 46 48.108     100.6
 2013 04 20 22 03 26.798     2013 04 20 22 06 24.333     177.5
279
 2013 04 20 10 24 28.884     2013 04 20 10 27 17.691     168.8
 2013 04 20 22 13 31.879     2013 04 20 22 16 13.007     161.1
280
 2013 04 20 13 43 14.359     2013 04 20 13 47  3.199     228.8
 2013 04 20 22 03 20.625     2013 04 20 22 07  8.482     227.9
281
 2013 04 20 10 30 50.845     2013 04 20 10 33 28.965     158.1
 2013 04 20 20 32 30.694     2013 04 20 20 35  7.986     157.3
282
 2013 04 20 13 47  6.802     2013 04 20 13 49 45.492     158.7
283
 2013 04 20 12 11 18.612     2013 04 20 12 14 34.990     196.4
 2013 04 20 20 27 51.940     2013 04 20 20 31 29.118     217.2
284
 2013 04 20 12 13 26.144     2013 04 20 12 16 10.320     164.2
 2013 04 20 18 49 22.194     2013 04 20 18 52 29.195     187.0
285
 2013 04 20 12 13 54.967     2013 04 20 12 17 28.181     213.2
 2013 04 20 13 51 53.932     2013 04 20 13 55 45.055     231.1
 2013 04 20 18 48 13.632     2013 04 20 18 50 57.605     164.0
286
 2013 04 20 12 11 34.522     2013 04 20 12 14 11.686     157.2
 2013 04 20 20 27  1.289     2013 04 20 20 30 17.449     196.2
287
 2013 04 20 00 01  9.190     2013 04 20 00 01 32.013      22.8
 2013 04 20 13 40 51.106     2013 04 20 13 44 32.890     221.8
 2013 04 20 23 42  8.948     2013 04 20 23 42 33.080      24.1
288
 2013 04 20 10 30 16.375     2013 04 20 10 33   .320     163.9
 2013 04 20 20 32 25.811     2013 04 20 20 35 19.195     173.4
289
 2013 04 20 22 08 24.508     2013 04 20 22 11 54.996     210.5
290
 2013 04 20 12 03 49.494     2013 04 20 12 06 27.150     157.7
 2013 04 20 22 11 18.742     2013 04 20 22 11 26.710       8.0
291
 2013 04 20 12 13 31.499     2013 04 20 12 13 48.009      16.5
 2013 04 20 20 26  5.244     2013 04 20 20 28 55.860     170.6
292
 2013 04 20 12 10  4.085     2013 04 20 12 13 21.583     197.5
 2013 04 20 20 28 35.859     2013 04 20 20 31 13.741     157.9
293
 2013 04 20 12 01 18.206     2013 04 20 12 04  8.878     170.7
294
 2013 04 20 22 04 22.691     2013 04 20 22 07 11.424     168.7
295
296
 2013 04 20 22 05 45.323     2013 04 20 22 08 42.928     177.6
297
 2013 04 20 10 31 11.656     2013 04 20 10 33 47.226     155.6
 2013 04 20 20 32 28.051     2013 04 20 20 35 10.419     162.4
298
 2013 04 20 12 13 44.532     2013 04 20 12 16 24.674     160.1
 2013 04 20 18 48 57.893     2013 04 20 18 51 44.973     167.1
299
 2013 04 20 20 29 11.552     2013 04 20 20 29 20.720       9.2
300
301
 2013 04 20 12 15 24.699     2013 04 20 12 18  2.130     157.4
 2013 04 20 17 10 46.168     2013 04 20 17 14 40.169     234.0
 2013 04 20 18 48 58.480     2013 04 20 18 52 43.052     224.6
302
 2013 04 20 12 15 26.552     2013 04 20 12 18 23.162     176.6
 2013 04 20 17 11 16.880     2013 04 20 17 11 41.197      24.3
 2013 04 20 18 49 28.004     2013 04 20 18 51 10.168     102.2
303
 2013 04 20 22 08 46.949     2013 04 20 22 12 28.125     221.2
304
 2013 04 20 10 28 27.777     2013 04 20 10 32  8.155     220.4
305
 2013 04 20 12 13 30.699     2013 04 20 12 16 57.462     206.8
 2013 04 20 18 50 13.773     2013 04 20 18 53   .542     166.8
306
 2013 04 20 12 09 48.636     2013 04 20 12 10  8.330      19.7
 2013 04 20 20 29  5.846     2013 04 20 20 31 46.143     160.3
307
 2013 04 20 10 32  3.771     2013 04 20 10 35 29.133     205.4
308
 2013 04 20 10 32 20.744     2013 04 20 10 35  9.408     168.7
 2013 04 20 20 31  1.886     2013 04 20 20 34 48.856     227.0
309
 2013 04 20 15 25 13.160     2013 04 20 15 28  9.580     176.4
 2013 04 20 20 21  6.604     2013 04 20 20 24 41.374     214.8
310
 2013 04 20 22 09 52.843     2013 04 20 22 12 55.003     182.2
311
 2013 04 20 22 09 34.655     2013 04 20 22 09 48.676      14.0
312
 2013 04 20 22 10 28.828     2013 04 20 22 14 12.774     223.9
313
 2013 04 20 00 03 40.031     2013 04 20 00 06 22.125     162.1
 2013 04 20 23 44 39.634     2013 04 20 23 47 21.624     162.0
314
 2013 04 20 12 05 33.874     2013 04 20 12 08  9.245     155.4
 2013 04 20 22 07 24.386     2013 04 20 22 10  1.611     157.2
315
 2013 04 20 13 42  2.021     2013 04 20 13 45 31.606     209.6
316
 2013 04 20 12 10  5.611     2013 04 20 12 12 48.009     162.4
 2013 04 20 20 27 59.793     2013 04 20 20 30 46.973     167.2
317
 2013 04 20 22 11  1.082     2013 04 20 22 13 44.865     163.8
318
 2013 04 20 10 27 15.479     2013 04 20 10 29 50.339     154.9
319
 2013 04 20 10 25 58.860     2013 04 20 10 28 54.511     175.7
320
 2013 04 20 15 23  5.746     2013 04 20 15 26 15.085     189.3
 2013 04 20 21 59 28.664     2013 04 20 22 02 15.559     166.9
321
 2013 04 20 13 45 17.625     2013 04 20 13 48 48.642     211.0
 2013 04 20 22 01 12.338     2013 04 20 22 03 51.840     159.5
322
 2013 04 20 20 35 15.086     2013 04 20 20 38  8.232     173.1
323
 2013 04 20 20 29 58.004     2013 04 20 20 33 20.245     202.2
324
 2013 04 20 10 35 42.208     2013 04 20 10 38 19.380     157.2
 2013 04 20 18 52 46.173     2013 04 20 18 55 26.710     160.5
325
 2013 04 20 13 44 33.018     2013 04 20 13 47 20.867     167.8
 2013 04 20 22 01 45.778     2013 04 20 22 04 55.289     189.5
326
 2013 04 20 18 50 59.786     2013 04 20 18 53 57.268     177.5
327
 2013 04 20 13 45 47.155     2013 04 20 13 46 15.032      27.9
328
 2013 04 20 22 12  1.879     2013 04 20 22 15 46.676     224.8
329
 2013 04 20 10 28 31.752     2013 04 20 10 31 10.301     158.5
330
 2013 04 20 10 29 27.142     2013 04 20 10 33  2.349     215.2
 2013 04 20 20 31 28.803     2013 04 20 20 35 11.413     222.6
331
 2013 04 20 13 48 20.729     2013 04 20 13 51 17.186     176.5
 2013 04 20 20 24 30.203     2013 04 20 20 27 21.886     171.7
332
 2013 04 20 20 29 16.553     2013 04 20 20 32 25.075     188.5
333
 2013 04 20 00 02  3.487     2013 04 20 00 05 12.543     189.1
 2013 04 20 13 39 59.461     2013 04 20 13 43 45.948     226.5
 2013 04 20 23 43  3.178     2013 04 20 23 46 11.960     188.8
334
 2013 04 20 20 32 27.466     2013 04 20 20 33 43.473      76.0
335
 2013 04 20 00 04 23.381     2013 04 20 00 07 19.169     175.8
 2013 04 20 23 45 23.044     2013 04 20 23 48 18.612     175.6
336
 2013 04 20 13 50 15.534     2013 04 20 13 53 27.862     192.3
 2013 04 20 18 46 23.251     2013 04 20 18 50 16.230     233.0
 2013 04 20 20 24 17.816     2013 04 20 20 24 26.076       8.3
337
338
 2013 04 20 20 35 41.788     2013 04 20 20 38 19.047     157.3
339
 2013 04 20 10 29  8.707     2013 04 20 10 32 22.564     193.9
 2013 04 20 20 33 55.617     2013 04 20 20 37  3.228     187.6
340
 2013 04 20 12 01 56.279     2013 04 20 12 02 36.410      40.1
341
 2013 04 20 12 10 46.049     2013 04 20 12 13 24.555     158.5
 2013 04 20 20 27 23.669     2013 04 20 20 30  2.081     158.4
342
343
344
 2013 04 20 15 25 33.112     2013 04 20 15 28 11.748     158.6
 2013 04 20 20 21  2.547     2013 04 20 20 24  7.167     184.6
345
 2013 04 20 20 29 25.606     2013 04 20 20 32 16.838     171.2
346
347
 2013 04 20 22 05 17.387     2013 04 20 22 07 54.875     157.5
348
 2013 04 20 10 31 29.338     2013 04 20 10 34  5.588     156.2
 2013 04 20 20 32 12.746     2013 04 20 20 35  5.845     173.1
349
 2013 04 20 12 03 47.040     2013 04 20 12 07 22.470     215.4
 2013 04 20 22 10 12.013     2013 04 20 22 10 22.497      10.5
350
351
 2013 04 20 13 51 27.357     2013 04 20 13 54 32.036     184.7
 2013 04 20 18 47 24.262     2013 04 20 18 50  4.870     160.6
352
 2013 04 20 10 25 56.017     2013 04 20 10 27 46.228     110.2
353
 2013 04 20 12 08 37.866     2013 04 20 12 12 20.455     222.6
 2013 04 20 20 28 34.703     2013 04 20 20 32 17.033     222.3
354
 2013 04 20 20 29 13.540     2013 04 20 20 29 29.161      15.6
355
 2013 04 20 22 10 57.954     2013 04 20 22 13 36.998     159.0
356
357
 2013 04 20 20 36 28.460     2013 04 20 20 39 20.167     171.7
358
 2013 04 20 12 14 27.595     2013 04 20 12 18 21.464     233.9
 2013 04 20 18 50 30.265     2013 04 20 18 53 35.855     185.6
359
 2013 04 20 13 44 20.359     2013 04 20 13 47 20.074     179.7
 2013 04 20 22 01 28.858     2013 04 20 22 04 49.759     200.9
360
 2013 04 20 12 11 22.298     2013 04 20 12 13 59.531     157.2
 2013 04 20 20 27 24.537     2013 04 20 20 30 29.646     185.1
361
 2013 04 20 18 51 13.939     2013 04 20 18 53 52.504     158.6
362
 2013 04 20 10 31  2.002     2013 04 20 10 34 23.347     201.3
 2013 04 20 20 31 34.196     2013 04 20 20 34 12.658     158.5
363
 2013 04 20 13 48 43.204     2013 04 20 13 52 10.512     207.3
 2013 04 20 20 25  5.665     2013 04 20 20 27 44.215     158.6
364
 2013 04 20 13 43  2.238     2013 04 20 13 45 58.436     176.2
365
 2013 04 20 12 12   .937     2013 04 20 12 14 43.000     162.1
 2013 04 20 20 26 58.017     2013 04 20 20 27 37.526      39.5
366
367
 2013 04 20 10 33 48.254     2013 04 20 10 36 30.031     161.8
368
 2013 04 20 12 02 30.574     2013 04 20 12 05 33.492     182.9
369
 2013 04 20 10 25 13.469     2013 04 20 10 28 33.142     199.7
 2013 04 20 22 12 20.961     2013 04 20 22 15 34.052     193.1
370
371
 2013 04 20 22 03 32.411     2013 04 20 22 06 52.081     199.7
372
 2013 04 20 10 26 28.685     2013 04 20 10 29 13.665     165.0
373
374
 2013 04 20 13 51   .332     2013 04 20 13 54 35.696     215.4
 2013 04 20 18 47 32.142     2013 04 20 18 50 26.074     173.9
375
 2013 04 20 00 02 21.993     2013 04 20 00 04 59.085     157.1
 2013 04 20 13 39 24.914     2013 04 20 13 42 44.279     199.4
 2013 04 20 23 43 21.525     2013 04 20 23 45 58.652     157.1
376
 2013 04 20 10 27 32.469     2013 04 20 10 31 17.524     225.1
377
 2013 04 20 12 13  4.335     2013 04 20 12 16 43.813     219.5
 2013 04 20 18 50  9.733     2013 04 20 18 53 16.432     186.7
378
 2013 04 20 12 03 50.039     2013 04 20 12 06 41.630     171.6
 2013 04 20 22 08 12.985     2013 04 20 22 11 47.856     214.9
379
 2013 04 20 10 33  3.785     2013 04 20 10 35 39.264     155.5
380
 2013 04 20 13 43 59.331     2013 04 20 13 47 46.863     227.5
 2013 04 20 22 00 51.348     2013 04 20 22 04 16.837     205.5
381
 2013 04 20 20 30  6.952     2013 04 20 20 32 48.097     161.1
382
 2013 04 20 10 33 50.034     2013 04 20 10 36 38.891     168.9
383
384
 2013 04 20 13 46 13.340     2013 04 20 13 46 43.042      29.7
 2013 04 20 22 00 11.940     2013 04 20 22 03 56.742     224.8
385
 2013 04 20 00 00   .000     2013 04 20 00 02 38.792     158.8
 2013 04 20 13 41 42.047     2013 04 20 13 45  9.834     207.8
 2013 04 20 23 39 54.687     2013 04 20 23 43 38.184     223.5
386
387
 2013 04 20 22 11 20.483     2013 04 20 22 14 56.393     215.9
388
389
 2013 04 20 10 30   .716     2013 04 20 10 32 47.239     166.5
 2013 04 20 20 32 20.947     2013 04 20 20 35 29.247     188.3
390
 2013 04 20 13 48 50.339     2013 04 20 13 51 31.980     161.6
 2013 04 20 20 23 46.009     2013 04 20 20 26 24.423     158.4
391
 2013 04 20 10 31 40.069     2013 04 20 10 35  1.361     201.3
 2013 04 20 20 31  7.021     2013 04 20 20 34  8.907     181.9
392
 2013 04 20 00 00   .000     2013 04 20 00 02 59.383     179.4
 2013 04 20 13 41 38.246     2013 04 20 13 44 40.329     182.1
 2013 04 20 23 40 25.260     2013 04 20 23 43 58.780     213.5
393
 2013 04 20 10 34 12.060     2013 04 20 10 36 51.299     159.2
394
 2013 04 20 13 46 56.622     2013 04 20 13 49 37.349     160.7
 2013 04 20 22 01   .169     2013 04 20 22 01 15.413      15.2
395
 2013 04 20 22 05 29.232     2013 04 20 22 08 34.481     185.2
396
 2013 04 20 13 47 19.286     2013 04 20 13 50 26.412     187.1
 2013 04 20 20 27 38.874     2013 04 20 20 28  4.515      25.6
397
 2013 04 20 10 24 49.977     2013 04 20 10 27 39.616     169.6
 2013 04 20 22 13 14.352     2013 04 20 22 16  7.340     173.0
398
399
 2013 04 20 00 06 19.613     2013 04 20 00 09 33.899     194.3
 2013 04 20 11 59 58.561     2013 04 20 12 03  2.452     183.9
400
 2013 04 20 10 31 22.174     2013 04 20 10 34  1.380     159.2
 2013 04 20 20 32 10.997     2013 04 20 20 34 57.486     166.5
401
 2013 04 20 22 03 51.850     2013 04 20 22 07  4.330     192.5
402
 2013 04 20 12 02 53.121     2013 04 20 12 06 27.617     214.5
 2013 04 20 22 11 41.755     2013 04 20 22 12 48.429      66.7
403
 2013 04 20 10 27 23.923     2013 04 20 10 30 32.180     188.3
404
405
 2013 04 20 12 09 23.587     2013 04 20 12 12 23.833     180.2
 2013 04 20 20 28 11.977     2013 04 20 20 31 28.511     196.5
406
407
 2013 04 20 15 26  2.717     2013 04 20 15 29 16.122     193.4
 2013 04 20 20 22 10.862     2013 04 20 20 24 54.709     163.8
408
 2013 04 20 13 44 29.629     2013 04 20 13 47 21.153     171.5
 2013 04 20 22 01 40.377     2013 04 20 22 04 52.720     192.3
409
 2013 04 20 10 40 25.084     2013 04 20 10 40 33.143       8.1
 2013 04 20 18 50 49.737     2013 04 20 18 54  8.532     198.8
410
 2013 04 20 12 04 29.103     2013 04 20 12 07  6.954     157.9
 2013 04 20 22 07 54.070     2013 04 20 22 11  2.033     188.0
411
 2013 04 20 13 44 39.665     2013 04 20 13 47 26.462     166.8
 2013 04 20 22 02 49.038     2013 04 20 22 05 41.271     172.2
412
413
 2013 04 20 15 24 11.508     2013 04 20 15 27  3.259     171.8
 2013 04 20 21 58  8.595     2013 04 20 22 01 12.535     183.9
414
 2013 04 20 13 49 30.369     2013 04 20 13 52 59.615     209.2
 2013 04 20 20 24 54.523     2013 04 20 20 28 10.396     195.9
415
 2013 04 20 10 40 15.485     2013 04 20 10 40 36.525      21.0
 2013 04 20 18 50 47.223     2013 04 20 18 54 13.997     206.8
416
 2013 04 20 10 33 23.098     2013 04 20 10 36 52.212     209.1
417
 2013 04 20 13 48 38.095     2013 04 20 13 51 40.414     182.3
 2013 04 20 20 24 43.878     2013 04 20 20 27 23.842     160.0
418
 2013 04 20 12 12  2.521     2013 04 20 12 15  7.801     185.3
419
 2013 04 20 13 47 44.972     2013 04 20 13 50 25.435     160.5
 2013 04 20 20 23 38.125     2013 04 20 20 27 22.036     223.9
420
 2013 04 20 13 48 15.488     2013 04 20 13 52  3.309     227.8
 2013 04 20 20 25 15.203     2013 04 20 20 27 56.498     161.3
421
 2013 04 20 12 12 27.670     2013 04 20 12 13 54.266      86.6
 2013 04 20 18 49 55.434     2013 04 20 18 53 44.212     228.8
422
 2013 04 20 13 43  7.664     2013 04 20 13 46 48.570     220.9
423
 2013 04 20 20 35 23.274     2013 04 20 20 38 28.371     185.1
424
 2013 04 20 10 31 55.447     2013 04 20 10 35  7.203     191.8
 2013 04 20 20 31  2.159     2013 04 20 20 34 18.742     196.6
425
 2013 04 20 12 01 27.854     2013 04 20 12 04 14.701     166.8
426
 2013 04 20 00 00   .000     2013 04 20 00 00 16.417      16.4
 2013 04 20 13 41 57.776     2013 04 20 13 44 33.279     155.5
 2013 04 20 23 40 43.145     2013 04 20 23 41 17.557      34.4
427
 2013 04 20 10 27 26.786     2013 04 20 10 30 35.621     188.8
428
429
 2013 04 20 13 47  8.529     2013 04 20 13 47 22.138      13.6
430
 2013 04 20 15 25 20.268     2013 04 20 15 28  2.824     162.6
 2013 04 20 20 20 57.093     2013 04 20 20 24 19.970     202.9
431
 2013 04 20 11 59 55.374     2013 04 20 12 00  5.324      10.0
432
 2013 04 20 00 00   .000     2013 04 20 00 02 40.325     160.3
 2013 04 20 13 41  3.824     2013 04 20 13 44 21.385     197.6
 2013 04 20 23 40 42.264     2013 04 20 23 43 39.773     177.5
433
 2013 04 20 20 29 54.209     2013 04 20 20 33 13.811     199.6
434
435
436
 2013 04 20 10 26 21.320     2013 04 20 10 29  2.676     161.4
437
 2013 04 20 10 30 21.868     2013 04 20 10 30 35.026      13.2
 2013 04 20 20 33 42.699     2013 04 20 20 37  3.073     200.4
438
 2013 04 20 12 11 59.789     2013 04 20 12 14 42.970     163.2
 2013 04 20 20 26 24.010     2013 04 20 20 30 17.123     233.1
439
 2013 04 20 00 06 48.356     2013 04 20 00 09 39.619     171.3
 2013 04 20 11 59 32.357     2013 04 20 12 02 32.316     180.0
440
 2013 04 20 13 49 21.483     2013 04 20 13 52   .387     158.9
 2013 04 20 20 24 13.172     2013 04 20 20 27   .633     167.5
441
 2013 04 20 13 46 23.822     2013 04 20 13 49 58.949     215.1
442
 2013 04 20 00 01  9.702     2013 04 20 00 01 33.109      23.4
 2013 04 20 13 40 50.580     2013 04 20 13 44 32.865     222.3
 2013 04 20 23 42  9.461     2013 04 20 23 42 34.184      24.7
443
 2013 04 20 15 22 37.709     2013 04 20 15 22 38.890       1.2
 2013 04 20 22 00 11.718     2013 04 20 22 02 58.365     166.6
444
 2013 04 20 12 10  5.655     2013 04 20 12 12 44.167     158.5
 2013 04 20 20 27 22.870     2013 04 20 20 30 16.813     173.9
445
 2013 04 20 12 10 59.972     2013 04 20 12 13 42.452     162.5
 2013 04 20 20 27 10.157     2013 04 20 20 29 53.929     163.8
446
 2013 04 20 00 03  9.471     2013 04 20 00 05 48.564     159.1
 2013 04 20 23 44  8.960     2013 04 20 23 46 48.172     159.2
447
448
 2013 04 20 15 25 28.937     2013 04 20 15 28  6.652     157.7
 2013 04 20 20 20 50.315     2013 04 20 20 23 53.309     183.0
449
 2013 04 20 12 10 14.517     2013 04 20 12 12 51.495     157.0
 2013 04 20 20 27 29.826     2013 04 20 20 30 16.617     166.8
450
 2013 04 20 15 25 37.633     2013 04 20 15 28 45.009     187.4
 2013 04 20 20 21 43.960     2013 04 20 20 24 48.012     184.1
451
452
 2013 04 20 20 36 28.062     2013 04 20 20 39 17.792     169.7
453
 2013 04 20 10 30 11.183     2013 04 20 10 32 47.265     156.1
 2013 04 20 20 33  4.728     2013 04 20 20 35 52.950     168.2
454
 2013 04 20 12 04 44.998     2013 04 20 12 07 51.766     186.8
 2013 04 20 22 06 42.319     2013 04 20 22 09 49.302     187.0
455
 2013 04 20 20 30 30.508     2013 04 20 20 33 11.563     161.1
456
 2013 04 20 12 02 14.785     2013 04 20 12 05  3.824     169.0
457
458
 2013 04 20 15 24  2.140     2013 04 20 15 27  9.576     187.4
 2013 04 20 17 01 44.601     2013 04 20 17 02 12.906      28.3
 2013 04 20 20 23   .010     2013 04 20 20 23 17.903      17.9
 2013 04 20 21 57 53.377     2013 04 20 22 00 57.753     184.4
459
 2013 04 20 20 37 12.338     2013 04 20 20 39 51.753     159.4
460
 2013 04 20 15 24 14.257     2013 04 20 15 27 47.928     213.7
 2013 04 20 21 59 40.499     2013 04 20 22 02 58.700     198.2
461
 2013 04 20 10 32 33.732     2013 04 20 10 32 40.800       7.1
 2013 04 20 20 29 37.965     2013 04 20 20 29 37.334       -.6
462
 2013 04 20 10 33 19.489     2013 04 20 10 36 15.520     176.0
463
 2013 04 20 18 50 29.362     2013 04 20 18 53 45.676     196.3
464
 2013 04 20 10 34 24.384     2013 04 20 10 35 12.606      48.2
 2013 04 20 20 30 54.186     2013 04 20 20 33 40.132     165.9
465
 2013 04 20 10 30 56.316     2013 04 20 10 31 17.955      21.6
 2013 04 20 20 33  6.212     2013 04 20 20 33 59.639      53.4
466
 2013 04 20 12 09 22.014     2013 04 20 12 12 37.127     195.1
 2013 04 20 20 28 28.003     2013 04 20 20 31 34.539     186.5
467
 2013 04 20 10 25 18.207     2013 04 20 10 28  4.754     166.5
 2013 04 20 22 13 22.332     2013 04 20 22 14 18.285      56.0
468
 2013 04 20 12 01 36.695     2013 04 20 12 05 12.474     215.8
469
 2013 04 20 22 11  3.320     2013 04 20 22 14 14.462     191.1
470
 2013 04 20 12 04 49.776     2013 04 20 12 05 34.409      44.6
471
 2013 04 20 10 25 55.266     2013 04 20 10 28 56.977     181.7
 2013 04 20 22 11 52.390     2013 04 20 22 12 47.184      54.8
472
 2013 04 20 12 09   .585     2013 04 20 12 12 25.875     205.3
 2013 04 20 20 26  8.899     2013 04 20 20 26 16.486       7.6
473
 2013 04 20 13 50 46.478     2013 04 20 13 53 31.820     165.3
 2013 04 20 18 46 27.982     2013 04 20 18 49 39.483     191.5
474
 2013 04 20 20 36 22.477     2013 04 20 20 39 34.161     191.7
475
 2013 04 20 12 03 56.462     2013 04 20 12 06 44.421     168.0
 2013 04 20 22 08  8.892     2013 04 20 22 11 40.326     211.4
476
 2013 04 20 13 49 44.928     2013 04 20 13 53 34.272     229.3
 2013 04 20 20 24 53.803     2013 04 20 20 28 43.380     229.6
477
 2013 04 20 12 05 27.880     2013 04 20 12 08 42.117     194.2
 2013 04 20 22 08  6.383     2013 04 20 22 11  1.942     175.6
478
479
480
 2013 04 20 13 42 50.702     2013 04 20 13 46 38.372     227.7
481
 2013 04 20 12 04 58.335     2013 04 20 12 07 34.538     156.2
 2013 04 20 22 07 48.764     2013 04 20 22 10 34.747     166.0
482
 2013 04 20 10 34 35.156     2013 04 20 10 38 22.049     226.9
 2013 04 20 18 51 25.609     2013 04 20 18 54 46.351     200.7
483
 2013 04 20 20 36 24.095     2013 04 20 20 39 33.949     189.9
484
 2013 04 20 22 04 24.327     2013 04 20 22 08  1.500     217.2
485
 2013 04 20 12 12 26.076     2013 04 20 12 15 57.573     211.5
 2013 04 20 18 47 34.529     2013 04 20 18 51 16.624     222.1
486
 2013 04 20 13 41 17.472     2013 04 20 13 44 38.667     201.2
487
488
 2013 04 20 15 25 29.416     2013 04 20 15 28 21.561     172.1
 2013 04 20 20 21 19.419     2013 04 20 20 24 33.160     193.7
489
 2013 04 20 13 41 54.273     2013 04 20 13 45  2.186     187.9
490
 2013 04 20 12 13 25.816     2013 04 20 12 16 58.529     212.7
 2013 04 20 18 50 16.636     2013 04 20 18 53  5.133     168.5
491
 2013 04 20 00 02 15.355     2013 04 20 00 05 26.380     191.0
 2013 04 20 13 38 41.186     2013 04 20 13 41 45.798     184.6
 2013 04 20 23 43 14.730     2013 04 20 23 46 26.093     191.4
492
 2013 04 20 13 44 36.497     2013 04 20 13 47 19.697     163.2
 2013 04 20 22 01 53.313     2013 04 20 22 05   .082     186.8
493
 2013 04 20 22 04 19.718     2013 04 20 22 05 45.517      85.8
494
 2013 04 20 10 25 58.220     2013 04 20 10 28 37.847     159.6
 2013 04 20 22 12 14.917     2013 04 20 22 12 34.094      19.2
495
496
 2013 04 20 10 35 31.614     2013 04 20 10 39  6.574     215.0
 2013 04 20 18 51 45.193     2013 04 20 18 54 23.768     158.6
497
 2013 04 20 12 08 58.894     2013 04 20 12 12 39.845     221.0
 2013 04 20 20 28 43.634     2013 04 20 20 31 58.150     194.5
498
499
 2013 04 20 13 47 20.119     2013 04 20 13 50  3.459     163.3
500
 2013 04 20 10 27 19.884     2013 04 20 10 28 22.416      62.5
 2013 04 20 22 12 29.172     2013 04 20 22 15  9.801     160.6
501
 2013 04 20 10 26 56.132     2013 04 20 10 29 48.582     172.5
502
 2013 04 20 13 42 59.661     2013 04 20 13 46 13.039     193.4
503
 2013 04 20 13 44 32.594     2013 04 20 13 47 59.191     206.6
 2013 04 20 22 01 15.687     2013 04 20 22 04 11.600     175.9
504
 2013 04 20 12 15 55.600     2013 04 20 12 18 33.413     157.8
 2013 04 20 17 11 22.426     2013 04 20 17 14 35.806     193.4
505
506
 2013 04 20 15 25 34.189     2013 04 20 15 28 16.427     162.2
 2013 04 20 20 21 10.923     2013 04 20 20 24 17.224     186.3
507
 2013 04 20 00 03 23.872     2013 04 20 00 06 37.854     194.0
 2013 04 20 23 44 23.238     2013 04 20 23 47 37.579     194.3
508
 2013 04 20 12 15 15.205     2013 04 20 12 18 42.657     207.5
 2013 04 20 17 15 41.951     2013 04 20 17 15 49.260       7.3
 2013 04 20 18 49 52.245     2013 04 20 18 51 17.297      85.1
509
 2013 04 20 13 43 35.356     2013 04 20 13 46 14.380     159.0
510
 2013 04 20 12 10  8.541     2013 04 20 12 12 45.899     157.4
 2013 04 20 20 27 48.012     2013 04 20 20 30 36.456     168.4
511
 2013 04 20 00 05 26.680     2013 04 20 00 09 16.115     229.4
 2013 04 20 12 00 27.550     2013 04 20 12 03 53.307     205.8
512
 2013 04 20 22 08 27.802     2013 04 20 22 08 33.371       5.6
513
 2013 04 20 10 32  1.819     2013 04 20 10 32 14.389      12.6
514
 2013 04 20 12 10 38.526     2013 04 20 12 13 29.744     171.2
 2013 04 20 20 28  7.717     2013 04 20 20 30 48.036     160.3
515
 2013 04 20 11 59 56.003     2013 04 20 12 03 26.075     210.1
516
 2013 04 20 12 15 34.639     2013 04 20 12 18 20.948     166.3
 2013 04 20 17 11 14.493     2013 04 20 17 15  3.367     228.9
 2013 04 20 18 49 12.853     2013 04 20 18 50  2.721      49.9
517
 2013 04 20 00 01 41.893     2013 04 20 00 05 12.210     210.3
 2013 04 20 13 40 21.583     2013 04 20 13 44  3.018     221.4
 2013 04 20 23 42 41.615     2013 04 20 23 46 11.598     210.0
518
 2013 04 20 13 50 21.225     2013 04 20 13 52 58.623     157.4
 2013 04 20 18 45 43.701     2013 04 20 18 49 18.029     214.3
 2013 04 20 20 23 31.558     2013 04 20 20 24 12.755      41.2
519
 2013 04 20 10 30 36.840     2013 04 20 10 33 59.397     202.6
 2013 04 20 20 33 29.512     2013 04 20 20 36 24.957     175.4
520
 2013 04 20 12 08  7.107     2013 04 20 12 11 54.091     227.0
521
 2013 04 20 10 25 22.443     2013 04 20 10 29  7.258     224.8
522
 2013 04 20 15 22 37.505     2013 04 20 15 26  8.638     211.1
 2013 04 20 21 59 33.287     2013 04 20 22 02 38.097     184.8
523
 2013 04 20 12 05 55.545     2013 04 20 12 06 10.067      14.5
524
 2013 04 20 10 30 28.197     2013 04 20 10 33 30.561     182.4
 2013 04 20 20 33 30.101     2013 04 20 20 36  9.848     159.7
525
 2013 04 20 10 27 32.658     2013 04 20 10 30  8.468     155.8
526
 2013 04 20 00 04 47.309     2013 04 20 00 07 34.379     167.1
527
 2013 04 20 12 07 29.275     2013 04 20 12 11  8.218     218.9
528
 2013 04 20 10 33 23.885     2013 04 20 10 37  7.290     223.4
529
 2013 04 20 13 50 16.134     2013 04 20 13 53 14.225     178.1
 2013 04 20 18 46  9.233     2013 04 20 18 50  3.004     233.8
 2013 04 20 20 24  9.075     2013 04 20 20 24 46.415      37.3
530
 2013 04 20 12 13  7.755     2013 04 20 12 15 58.559     170.8
 2013 04 20 18 49 18.342     2013 04 20 18 52 46.733     208.4
531
 2013 04 20 13 48 55.043     2013 04 20 13 49  6.431      11.4
 2013 04 20 22 00 48.335     2013 04 20 22 03 26.550     158.2
532
 2013 04 20 22 09  4.042     2013 04 20 22 09 21.018      17.0
533
 2013 04 20 10 35 26.170     2013 04 20 10 38 16.894     170.7
 2013 04 20 18 52 21.084     2013 04 20 18 55  9.316     168.2
534
 2013 04 20 12 13 29.423     2013 04 20 12 16 46.946     197.5
 2013 04 20 18 50  4.627     2013 04 20 18 52 55.309     170.7
535
 2013 04 20 10 31 32.185     2013 04 20 10 34 42.762     190.6
 2013 04 20 20 31 24.284     2013 04 20 20 34 17.781     173.5
536
 2013 04 20 10 34 35.680     2013 04 20 10 37 17.482     161.8
 2013 04 20 18 52 57.075     2013 04 20 18 56 37.968     220.9
537
538
 2013 04 20 12 05 11.107     2013 04 20 12 07 53.281     162.2
 2013 04 20 22 07 58.548     2013 04 20 22 10 36.193     157.6
539
 2013 04 20 00 06 13.997     2013 04 20 00 09 39.667     205.7
 2013 04 20 12 00  8.725     2013 04 20 12 03  7.794     179.1
540
 2013 04 20 12 14 32.903     2013 04 20 12 17 35.102     182.2
 2013 04 20 18 48 31.946     2013 04 20 18 51 31.500     179.6
541
 2013 04 20 12 15   .490     2013 04 20 12 17 56.373     175.9
 2013 04 20 13 52 36.632     2013 04 20 13 52 45.484       8.9
 2013 04 20 17 10  9.323     2013 04 20 17 13 56.867     227.5
 2013 04 20 18 48 26.346     2013 04 20 18 51 55.470     209.1
542
 2013 04 20 15 26 33.552     2013 04 20 15 29 34.831     181.3
 2013 04 20 20 22 15.275     2013 04 20 20 24 54.884     159.6
543
 2013 04 20 10 30  1.238     2013 04 20 10 30 33.816      32.6
 2013 04 20 20 34  1.821     2013 04 20 20 36 56.164     174.3
544
 2013 04 20 12 02  9.439     2013 04 20 12 05  1.346     171.9
545
546
 2013 04 20 12 04 41.915     2013 04 20 12 06  3.643      81.7
547
 2013 04 20 12 12 13.415     2013 04 20 12 14 51.009     157.6
 2013 04 20 20 26 24.012     2013 04 20 20 26 35.452      11.4
548
 2013 04 20 10 33   .184     2013 04 20 10 36 27.634     207.5
549
550
 2013 04 20 12 02 43.341     2013 04 20 12 05 43.481     180.1
551
 2013 04 20 13 44 30.211     2013 04 20 13 48 16.424     226.2
 2013 04 20 22 03 39.667     2013 04 20 22 06 17.484     157.8
552
 2013 04 20 12 04 23.819     2013 04 20 12 06 58.656     154.8
 2013 04 20 22 07 38.281     2013 04 20 22 11   .378     202.1
553
 2013 04 20 13 45  9.222     2013 04 20 13 48  7.769     178.5
 2013 04 20 22 01 42.038     2013 04 20 22 04 21.346     159.3
554
 2013 04 20 10 34 50.096     2013 04 20 10 37 26.478     156.4
 2013 04 20 18 52 47.757     2013 04 20 18 56 15.463     207.7
555
 2013 04 20 00 04 31.106     2013 04 20 00 07 22.836     171.7
 2013 04 20 23 45 30.756     2013 04 20 23 48 22.292     171.5
556
557
 2013 04 20 13 49 23.003     2013 04 20 13 52 16.822     173.8
 2013 04 20 20 24 34.621     2013 04 20 20 27 26.915     172.3
558
 2013 04 20 10 33 21.209     2013 04 20 10 36  4.683     163.5
559
 2013 04 20 20 36 20.424     2013 04 20 20 39 11.143     170.7
560
 2013 04 20 12 12 43.477     2013 04 20 12 16  1.372     197.9
 2013 04 20 18 47 52.318     2013 04 20 18 51 20.405     208.1
561
 2013 04 20 12 02 30.912     2013 04 20 12 05 17.605     166.7
562
 2013 04 20 12 06 30.198     2013 04 20 12 09 20.537     170.3
 2013 04 20 22 06 18.632     2013 04 20 22 09 23.569     184.9
563
 2013 04 20 12 01 57.225     2013 04 20 12 04 34.555     157.3
564
 2013 04 20 12 03 40.309     2013 04 20 12 06 43.509     183.2
 2013 04 20 22 08 26.011     2013 04 20 22 11 59.110     213.1
565
566
 2013 04 20 12 04 17.226     2013 04 20 12 07 20.184     183.0
 2013 04 20 22 08 30.147     2013 04 20 22 11 23.884     173.7
567
568
 2013 04 20 20 29 39.013     2013 04 20 20 32 25.912     166.9
569
 2013 04 20 10 26 49.773     2013 04 20 10 28 55.885     126.1
570
 2013 04 20 13 46 47.247     2013 04 20 13 49 31.483     164.2
 2013 04 20 22 01  2.668     2013 04 20 22 02 19.285      76.6
571
 2013 04 20 20 30 53.156     2013 04 20 20 33 35.896     162.7
572
 2013 04 20 13 47 11.856     2013 04 20 13 47 44.147      32.3
 2013 04 20 20 24 49.576     2013 04 20 20 28 30.951     221.4
573
574
575
 2013 04 20 13 42 28.001     2013 04 20 13 45  4.087     156.1
576
 2013 04 20 15 23 55.133     2013 04 20 15 26 36.257     161.1
 2013 04 20 21 58 30.959     2013 04 20 22 01 14.760     163.8
577
578
 2013 04 20 15 25 24.231     2013 04 20 15 28 44.634     200.4
 2013 04 20 20 21 43.039     2013 04 20 20 25   .407     197.4
579
 2013 04 20 22 11  3.594     2013 04 20 22 13 54.516     170.9
580
 2013 04 20 00 08 14.407     2013 04 20 00 08 18.462       4.1
 2013 04 20 23 49 15.172     2013 04 20 23 49 18.255       3.1
581
582
 2013 04 20 10 30 29.272     2013 04 20 10 33 14.848     165.6
 2013 04 20 20 32 22.480     2013 04 20 20 35  7.149     164.7
583
 2013 04 20 12 09 58.306     2013 04 20 12 13 38.025     219.7
 2013 04 20 20 26 25.729     2013 04 20 20 29 10.333     164.6
584
 2013 04 20 20 29  1.946     2013 04 20 20 32 21.204     199.3
585
 2013 04 20 10 32 38.949     2013 04 20 10 35 20.934     162.0
586
 2013 04 20 13 50 21.419     2013 04 20 13 52 58.849     157.4
 2013 04 20 18 45 43.053     2013 04 20 18 49 15.946     212.9
 2013 04 20 20 23 29.575     2013 04 20 20 24  7.738      38.2
587
 2013 04 20 13 47 14.932     2013 04 20 13 50 42.184     207.3
 2013 04 20 20 22 23.419     2013 04 20 20 26  1.939     218.5
588
589
 2013 04 20 10 27 29.064     2013 04 20 10 30 13.678     164.6
590
 2013 04 20 12 09 54.569     2013 04 20 12 13 35.673     221.1
 2013 04 20 20 28 51.482     2013 04 20 20 31 29.212     157.7
591
 2013 04 20 10 30  6.944     2013 04 20 10 32 41.775     154.8
 2013 04 20 20 32 52.611     2013 04 20 20 35 48.478     175.9
592
 2013 04 20 13 42 36.194     2013 04 20 13 46  4.902     208.7
593
 2013 04 20 12 13  5.789     2013 04 20 12 15 56.624     170.8
 2013 04 20 18 48 21.068     2013 04 20 18 51 41.326     200.3
594
 2013 04 20 00 00   .000     2013 04 20 00 00 43.785      43.8
 2013 04 20 13 41 50.162     2013 04 20 13 44 26.025     155.9
 2013 04 20 23 40 58.509     2013 04 20 23 41 45.131      46.6
595
596
 2013 04 20 13 45 52.427     2013 04 20 13 48 35.971     163.5
 2013 04 20 22 01 47.909     2013 04 20 22 04 37.494     169.6
597
 2013 04 20 10 28 45.004     2013 04 20 10 31 48.304     183.3
598
 2013 04 20 12 01 14.392     2013 04 20 12 03 51.199     156.8
599
600
 2013 04 20 22 05  3.949     2013 04 20 22 05 24.007      20.1
601
 2013 04 20 12 08 15.311     2013 04 20 12 10 50.762     155.5
602
 2013 04 20 12 07 51.855     2013 04 20 12 07 54.965       3.1
603
 2013 04 20 00 02 53.198     2013 04 20 00 06 42.011     228.8
 2013 04 20 23 43 52.944     2013 04 20 23 47 41.375     228.4
604
 2013 04 20 22 10  3.800     2013 04 20 22 13 20.897     197.1
605
 2013 04 20 22 09 33.746     2013 04 20 22 12 56.079     202.3
606
 2013 04 20 12 12 41.308     2013 04 20 12 15 18.066     156.8
 2013 04 20 18 52 36.429     2013 04 20 18 52 39.977       3.5
607
 2013 04 20 10 31 58.985     2013 04 20 10 34 37.071     158.1
 2013 04 20 20 31 41.186     2013 04 20 20 35  2.879     201.7
608
 2013 04 20 13 45 37.823     2013 04 20 13 48 59.905     202.1
 2013 04 20 22 01 11.406     2013 04 20 22 03 59.499     168.1
609
 2013 04 20 12 07 27.420     2013 04 20 12 11 16.291     228.9
610
 2013 04 20 12 00 52.436     2013 04 20 12 03 33.372     160.9
611
 2013 04 20 12 14 18.063     2013 04 20 12 17 43.133     205.1
 2013 04 20 13 52 14.302     2013 04 20 13 56  3.466     229.2
 2013 04 20 17 13 19.498     2013 04 20 17 13 35.326      15.8
 2013 04 20 18 48 14.306     2013 04 20 18 51 12.768     178.5
612
 2013 04 20 08 53  5.426     2013 04 20 08 54 23.586      78.2
 2013 04 20 20 37  5.814     2013 04 20 20 40 22.047     196.2
613
 2013 04 20 22 00  6.980     2013 04 20 22 03  4.174     177.2
614
615
 2013 04 20 13 48 14.706     2013 04 20 13 48 37.632      22.9
 2013 04 20 15 26 30.848     2013 04 20 15 30  4.282     213.4
 2013 04 20 20 22 42.532     2013 04 20 20 25 22.455     159.9
616
 2013 04 20 13 44 10.414     2013 04 20 13 46 57.903     167.5
 2013 04 20 22 02 39.267     2013 04 20 22 06  3.962     204.7
617
 2013 04 20 12 08  2.790     2013 04 20 12 10 41.934     159.1
618
 2013 04 20 12 10 23.939     2013 04 20 12 12 59.960     156.0
 2013 04 20 20 27 40.850     2013 04 20 20 30 21.698     160.8
619
 2013 04 20 18 51 12.027     2013 04 20 18 53 51.744     159.7
620
 2013 04 20 12 06 14.078     2013 04 20 12 08 59.763     165.7
 2013 04 20 22 07 18.018     2013 04 20 22 10 32.885     194.9
621
622
 2013 04 20 13 44 53.489     2013 04 20 13 47 45.668     172.2
 2013 04 20 22 02 57.837     2013 04 20 22 05 38.715     160.9
623
 2013 04 20 12 14 24.970     2013 04 20 12 17  6.818     161.8
 2013 04 20 18 49  1.965     2013 04 20 18 51 44.866     162.9
624
 2013 04 20 00 02 22.669     2013 04 20 00 05  3.103     160.4
 2013 04 20 13 39 12.986     2013 04 20 13 42 27.141     194.2
 2013 04 20 23 43 22.148     2013 04 20 23 46  2.720     160.6
625
 2013 04 20 12 13 20.638     2013 04 20 12 15 58.426     157.8
 2013 04 20 18 49  2.900     2013 04 20 18 52 18.621     195.7
626
 2013 04 20 20 37 13.665     2013 04 20 20 40 11.701     178.0
627
 2013 04 20 12 02  5.221     2013 04 20 12 04 45.610     160.4
628
 2013 04 20 10 29 56.717     2013 04 20 10 32 43.668     167.0
 2013 04 20 20 32 19.794     2013 04 20 20 35 32.462     192.7
629
 2013 04 20 10 31 57.341     2013 04 20 10 34 32.436     155.1
 2013 04 20 20 31 54.239     2013 04 20 20 35 20.482     206.2
630
 2013 04 20 15 25 51.776     2013 04 20 15 28 39.808     168.0
 2013 04 20 20 21 35.264     2013 04 20 20 24 26.671     171.4
631
 2013 04 20 12 05 44.004     2013 04 20 12 09 20.266     216.3
 2013 04 20 22 07 51.364     2013 04 20 22 11 24.301     212.9
632
 2013 04 20 12 11 17.517     2013 04 20 12 14 44.859     207.3
 2013 04 20 20 27 54.618     2013 04 20 20 31 40.611     226.0
633
634
 2013 04 20 13 43 28.785     2013 04 20 13 46  8.151     159.4
635
 2013 04 20 13 42 59.538     2013 04 20 13 46 16.273     196.7
636
 2013 04 20 15 26 24.348     2013 04 20 15 29 16.560     172.2
 2013 04 20 20 22  1.605     2013 04 20 20 24 40.169     158.6
637
 2013 04 20 12 14  5.606     2013 04 20 12 15 21.590      76.0
 2013 04 20 18 50 39.399     2013 04 20 18 53 26.079     166.7
638
 2013 04 20 10 37 20.131     2013 04 20 10 37 19.500       -.6
639
 2013 04 20 13 44 41.378     2013 04 20 13 44 46.768       5.4
 2013 04 20 22 03 47.403     2013 04 20 22 06 33.997     166.6
640
 2013 04 20 10 25 56.148     2013 04 20 10 29 27.480     211.3
641
 2013 04 20 12 13 47.614     2013 04 20 12 16 31.986     164.4
 2013 04 20 18 49 35.168     2013 04 20 18 52 21.752     166.6
642
 2013 04 20 00 04 14.645     2013 04 20 00 07 52.799     218.2
 2013 04 20 23 45 14.383     2013 04 20 23 48 52.170     217.8
643
 2013 04 20 13 41 34.364     2013 04 20 13 44 49.112     194.7
644
 2013 04 20 12 12 17.630     2013 04 20 12 14 57.119     159.5
645
 2013 04 20 12 12 16.032     2013 04 20 12 15 29.814     193.8
646
 2013 04 20 20 35 22.148     2013 04 20 20 38 30.572     188.4
647
648
 2013 04 20 22 12  2.242     2013 04 20 22 15 13.891     191.6
649
 2013 04 20 12 05 31.113     2013 04 20 12 09 13.117     222.0
 2013 04 20 22 06  7.308     2013 04 20 22 08 44.668     157.4
650
 2013 04 20 10 31 38.653     2013 04 20 10 35  7.365     208.7
 2013 04 20 20 31  1.186     2013 04 20 20 34  2.967     181.8
651
 2013 04 20 10 31 39.992     2013 04 20 10 32 53.206      73.2
 2013 04 20 20 35 18.935     2013 04 20 20 35 25.436       6.5
652
 2013 04 20 12 01 23.175     2013 04 20 12 04 24.982     181.8
653
 2013 04 20 00 03 10.189     2013 04 20 00 05 47.334     157.1
 2013 04 20 23 44  9.733     2013 04 20 23 46 46.890     157.2
654
 2013 04 20 10 28 55.467     2013 04 20 10 32 32.805     217.3
 2013 04 20 20 34 14.951     2013 04 20 20 37 16.287     181.3
655
 2013 04 20 10 29 33.985     2013 04 20 10 32 11.950     158.0
 2013 04 20 20 33  8.901     2013 04 20 20 36 29.175     200.3
656
 2013 04 20 00 01 16.089     2013 04 20 00 04 26.651     190.6
 2013 04 20 13 40 46.293     2013 04 20 13 43 39.340     173.0
 2013 04 20 23 42 15.780     2013 04 20 23 45 26.068     190.3
657
 2013 04 20 10 30 49.541     2013 04 20 10 33 52.571     183.0
 2013 04 20 20 31 57.071     2013 04 20 20 34 34.659     157.6
658
 2013 04 20 13 42 25.560     2013 04 20 13 45 14.750     169.2
659
 2013 04 20 12 10 19.118     2013 04 20 12 13  1.477     162.4
 2013 04 20 20 27 17.581     2013 04 20 20 30  1.312     163.7
660
 2013 04 20 22 08 26.666     2013 04 20 22 09 38.743      72.1
661
 2013 04 20 12 09 47.644     2013 04 20 12 12 37.852     170.2
 2013 04 20 20 26 58.655     2013 04 20 20 30  9.022     190.4
662
 2013 04 20 20 29 57.382     2013 04 20 20 32 48.379     171.0
663
664
665
 2013 04 20 20 36  8.397     2013 04 20 20 39 18.689     190.3
666
 2013 04 20 13 47 43.869     2013 04 20 13 47 49.574       5.7
 2013 04 20 22 00 27.759     2013 04 20 22 04 12.738     225.0
667
668
 2013 04 20 15 23 25.980     2013 04 20 15 26  3.030     157.0
 2013 04 20 21 58 47.017     2013 04 20 22 01 28.535     161.5
669
 2013 04 20 20 25 58.405     2013 04 20 20 28 38.737     160.3
670
 2013 04 20 12 04 56.989     2013 04 20 12 08 26.348     209.4
 2013 04 20 22 08 32.473     2013 04 20 22 11 15.553     163.1
671
 2013 04 20 12 12 53.817     2013 04 20 12 14  3.200      69.4
 2013 04 20 18 50 19.678     2013 04 20 18 53 29.183     189.5
672
 2013 04 20 12 10 55.097     2013 04 20 12 13 31.230     156.1
 2013 04 20 20 27 33.874     2013 04 20 20 30 15.530     161.7
673
 2013 04 20 13 42 11.064     2013 04 20 13 44 47.952     156.9
674
 2013 04 20 20 29 12.856     2013 04 20 20 29 17.306       4.4
675
 2013 04 20 22 08 16.477     2013 04 20 22 08 18.564       2.1
676
 2013 04 20 13 43 39.240     2013 04 20 13 46 36.257     177.0
677
 2013 04 20 12 03 41.893     2013 04 20 12 05 38.724     116.8
 2013 04 20 22 09  8.051     2013 04 20 22 11 58.772     170.7
678
 2013 04 20 22 09 47.233     2013 04 20 22 12 46.012     178.8
679
 2013 04 20 00 02 17.010     2013 04 20 00 05 33.595     196.6
 2013 04 20 13 38 33.987     2013 04 20 13 41 41.060     187.1
 2013 04 20 23 43 16.375     2013 04 20 23 46 33.317     196.9
680
 2013 04 20 12 10 32.077     2013 04 20 12 13 14.983     162.9
 2013 04 20 20 27 16.883     2013 04 20 20 29 55.553     158.7
681
 2013 04 20 10 35 17.337     2013 04 20 10 35 19.895       2.6
 2013 04 20 20 30 47.214     2013 04 20 20 33 30.934     163.7
682
 2013 04 20 12 08 13.064     2013 04 20 12 10 48.509     155.4
683
 2013 04 20 12 08 42.831     2013 04 20 12 11 27.753     164.9
684
685
 2013 04 20 00 04  7.763     2013 04 20 00 07 58.587     230.8
 2013 04 20 23 45  7.081     2013 04 20 23 48 58.359     231.3
686
 2013 04 20 13 41 55.126     2013 04 20 13 45  6.851     191.7
687
 2013 04 20 00 06 35.109     2013 04 20 00 10 10.184     215.1
 2013 04 20 12 00 11.744     2013 04 20 12 02 51.013     159.3
688
 2013 04 20 12 06 55.150     2013 04 20 12 09 33.088     157.9
 2013 04 20 22 06 12.807     2013 04 20 22 09 50.288     217.5
689
 2013 04 20 12 11 53.511     2013 04 20 12 15 18.072     204.6
690
 2013 04 20 13 46 13.352     2013 04 20 13 48 49.771     156.4
 2013 04 20 22 01 59.047     2013 04 20 22 05 10.814     191.8
691
692
 2013 04 20 22 04 34.602     2013 04 20 22 05 25.217      50.6
693
 2013 04 20 12 06 30.814     2013 04 20 12 09 53.100     202.3
694
 2013 04 20 10 30 13.761     2013 04 20 10 32 56.567     162.8
 2013 04 20 20 32 27.685     2013 04 20 20 35 23.059     175.4
695
 2013 04 20 13 44 15.646     2013 04 20 13 47 58.278     222.6
 2013 04 20 22 03 37.829     2013 04 20 22 06 21.059     163.2
696
 2013 04 20 12 04 31.921     2013 04 20 12 07 20.301     168.4
 2013 04 20 22 07   .285     2013 04 20 22 10 23.164     202.9
697
 2013 04 20 10 28 24.232     2013 04 20 10 31 35.126     190.9
 2013 04 20 20 37 12.718     2013 04 20 20 37 50.758      38.0
698
699
 2013 04 20 12 03 17.417     2013 04 20 12 06 31.514     194.1
 2013 04 20 22 08 32.731     2013 04 20 22 12 23.711     231.0
700
 2013 04 20 20 35 23.371     2013 04 20 20 38 21.024     177.7
701
 2013 04 20 12 14 44.899     2013 04 20 12 17 43.778     178.9
 2013 04 20 17 09 50.788     2013 04 20 17 09 59.069       8.3
 2013 04 20 18 48 30.722     2013 04 20 18 51 41.511     190.8
702
 2013 04 20 10 25 43.017     2013 04 20 10 28 18.266     155.2
 2013 04 20 22 12 41.676     2013 04 20 22 13 51.075      69.4
703
 2013 04 20 12 01 30.932     2013 04 20 12 02  3.531      32.6
704
 2013 04 20 22 03 50.673     2013 04 20 22 07  6.884     196.2
705
 2013 04 20 12 02  7.465     2013 04 20 12 05 21.723     194.3
706
 2013 04 20 22 09 38.542     2013 04 20 22 12 35.122     176.6
707
 2013 04 20 20 34 13.126     2013 04 20 20 34 35.804      22.7
708
709
 2013 04 20 13 45  8.537     2013 04 20 13 48 14.604     186.1
 2013 04 20 22 01 35.056     2013 04 20 22 04 13.919     158.9
710
 2013 04 20 13 46  6.532     2013 04 20 13 49 46.551     220.0
 2013 04 20 22 00 33.415     2013 04 20 22 03 59.713     206.3
711
 2013 04 20 12 14 53.441     2013 04 20 12 18 32.991     219.6
 2013 04 20 18 50 11.063     2013 04 20 18 53 42.736     211.7
712
 2013 04 20 10 34 24.141     2013 04 20 10 38  4.498     220.4
 2013 04 20 18 51 22.670     2013 04 20 18 55  2.658     220.0
713
 2013 04 20 13 46  1.713     2013 04 20 13 46  3.060       1.3
 2013 04 20 23 39  3.544     2013 04 20 23 39 49.110      45.6
714
715
716
 2013 04 20 10 24 32.434     2013 04 20 10 28  6.792     214.4
 2013 04 20 22 12 43.632     2013 04 20 22 15 26.269     162.6
717
 2013 04 20 10 24  7.442     2013 04 20 10 27 21.882     194.4
 2013 04 20 22 13 16.665     2013 04 20 22 15 53.958     157.3
718
 2013 04 20 22 05 15.394     2013 04 20 22 08 40.045     204.7
719
 2013 04 20 00 00   .000     2013 04 20 00 03 22.725     202.7
 2013 04 20 13 41 33.288     2013 04 20 13 44 15.977     162.7
 2013 04 20 23 40 54.614     2013 04 20 23 44 22.125     207.5
720
 2013 04 20 22 00 26.611     2013 04 20 22 03 56.271     209.7
721
 2013 04 20 00 04  8.526     2013 04 20 00 07 17.385     188.9
 2013 04 20 23 45  8.220     2013 04 20 23 48 16.798     188.6
722
 2013 04 20 13 48 26.622     2013 04 20 13 51 22.461     175.8
 2013 04 20 20 23 23.730     2013 04 20 20 26  5.794     162.1
723
724
 2013 04 20 12 00 12.679     2013 04 20 12 03 50.302     217.6
725
 2013 04 20 20 35 27.841     2013 04 20 20 38 58.516     210.7
726
727
 2013 04 20 13 50 37.682     2013 04 20 13 53 15.649     158.0
 2013 04 20 18 46  5.053     2013 04 20 18 49 21.255     196.2
728
 2013 04 20 13 49 32.416     2013 04 20 13 50  6.225      33.8
 2013 04 20 22 00 13.792     2013 04 20 22 03 46.127     212.3
729
 2013 04 20 22 11 52.591     2013 04 20 22 14 29.926     157.3
730
 2013 04 20 10 30 32.285     2013 04 20 10 31 19.703      47.4
 2013 04 20 20 31 22.229     2013 04 20 20 34  1.883     159.7
731
 2013 04 20 22 05 34.237     2013 04 20 22 05 39.295       5.1
732
 2013 04 20 10 29 49.467     2013 04 20 10 32 43.044     173.6
 2013 04 20 20 32 10.076     2013 04 20 20 35 31.281     201.2
733
 2013 04 20 10 29 58.674     2013 04 20 10 33 15.232     196.6
 2013 04 20 20 33 51.427     2013 04 20 20 36 28.617     157.2
734
 2013 04 20 13 43 30.348     2013 04 20 13 46 21.289     170.9
735
 2013 04 20 12 11 46.793     2013 04 20 12 14 58.639     191.8
 2013 04 20 20 25 57.427     2013 04 20 20 29 43.941     226.5
736
 2013 04 20 20 29 42.760     2013 04 20 20 32 24.098     161.3
737
 2013 04 20 22 04  5.795     2013 04 20 22 06 48.378     162.6
738
 2013 04 20 10 36 54.542     2013 04 20 10 37 41.254      46.7
739
 2013 04 20 22 11 56.050     2013 04 20 22 14 33.567     157.5
740
 2013 04 20 12 03 45.155     2013 04 20 12 06 31.126     166.0
 2013 04 20 22 08  2.617     2013 04 20 22 11 52.192     229.6
741
 2013 04 20 12 04 25.599     2013 04 20 12 05 50.369      84.8
 2013 04 20 22 08 57.447     2013 04 20 22 11 36.003     158.6
742
 2013 04 20 12 11 19.771     2013 04 20 12 14  6.222     166.5
 2013 04 20 20 26 52.143     2013 04 20 20 29 52.618     180.5
743
 2013 04 20 12 09 45.676     2013 04 20 12 12 25.690     160.0
 2013 04 20 20 27 49.263     2013 04 20 20 30 57.127     187.9
744
 2013 04 20 00 06 35.230     2013 04 20 00 09 13.107     157.9
 2013 04 20 11 59   .665     2013 04 20 12 02 38.628     218.0
745
 2013 04 20 12 11 19.234     2013 04 20 12 12 41.860      82.6
 2013 04 20 20 27 54.294     2013 04 20 20 27 59.170       4.9
746
 2013 04 20 12 04  9.037     2013 04 20 12 07 29.923     200.9
 2013 04 20 22 08 45.883     2013 04 20 22 11 34.107     168.2
747
 2013 04 20 22 10 29.612     2013 04 20 22 14 18.829     229.2
748
 2013 04 20 12 00 53.145     2013 04 20 12 03 44.919     171.8
749
 2013 04 20 00 06 31.151     2013 04 20 00 09 13.357     162.2
 2013 04 20 11 59 15.418     2013 04 20 12 02 47.046     211.6
750
 2013 04 20 00 00   .000     2013 04 20 00 03  7.559     187.6
 2013 04 20 13 41 37.494     2013 04 20 13 44 31.701     174.2
 2013 04 20 23 40 35.039     2013 04 20 23 44  6.956     211.9
751
752
 2013 04 20 12 09 55.958     2013 04 20 12 10 20.958      25.0
 2013 04 20 22 05 18.317     2013 04 20 22 08 19.300     181.0
753
754
 2013 04 20 00 06 35.081     2013 04 20 00 09 34.921     179.8
 2013 04 20 11 59 43.432     2013 04 20 12 02 46.649     183.2
755
 2013 04 20 10 35 38.261     2013 04 20 10 35 57.354      19.1
 2013 04 20 18 51 28.727     2013 04 20 18 54  7.768     159.0
756
 2013 04 20 22 05 12.982     2013 04 20 22 07 51.612     158.6
757
 2013 04 20 10 28  4.846     2013 04 20 10 31   .026     175.2
758
759
 2013 04 20 13 44 50.205     2013 04 20 13 48  4.832     194.6
 2013 04 20 22 01 27.464     2013 04 20 22 04 12.950     165.5
760
 2013 04 20 13 48 41.386     2013 04 20 13 52   .452     199.1
 2013 04 20 20 24 59.346     2013 04 20 20 27 37.583     158.2
761
762
 2013 04 20 22 11 35.677     2013 04 20 22 14 17.770     162.1
763
 2013 04 20 12 02 25.580     2013 04 20 12 05 18.599     173.0
764
 2013 04 20 20 29  7.151     2013 04 20 20 32 30.429     203.3
765
 2013 04 20 12 13 12.731     2013 04 20 12 16 54.598     221.9
 2013 04 20 18 50 17.440     2013 04 20 18 53 13.954     176.5
766
 2013 04 20 10 33 38.218     2013 04 20 10 37  6.679     208.5
767
 2013 04 20 10 25 49.026     2013 04 20 10 28 26.251     157.2
768
 2013 04 20 20 28 53.869     2013 04 20 20 32   .143     186.3
769
 2013 04 20 13 46 44.298     2013 04 20 13 50 21.353     217.1
770
771
 2013 04 20 10 26 40.078     2013 04 20 10 29 34.168     174.1
772
 2013 04 20 10 32  7.186     2013 04 20 10 35 21.456     194.3
773
 2013 04 20 10 29  3.070     2013 04 20 10 31 54.026     171.0
 2013 04 20 20 33 27.341     2013 04 20 20 37  7.133     219.8
774
 2013 04 20 13 43  6.144     2013 04 20 13 46 50.034     223.9
 2013 04 20 22 06 30.823     2013 04 20 22 07 16.656      45.8
775
 2013 04 20 15 24 34.826     2013 04 20 15 27 35.344     180.5
 2013 04 20 21 59 11.266     2013 04 20 22 02 39.293     208.0
776
 2013 04 20 10 35 32.983     2013 04 20 10 36  2.249      29.3
 2013 04 20 20 30  9.894     2013 04 20 20 33 40.117     210.2
777
778
 2013 04 20 10 28 26.730     2013 04 20 10 29 12.017      45.3
779
 2013 04 20 13 46 20.394     2013 04 20 13 49 34.607     194.2
 2013 04 20 22 02 18.553     2013 04 20 22 03 14.173      55.6
780
 2013 04 20 22 11  1.634     2013 04 20 22 14 36.634     215.0
781
 2013 04 20 20 34 47.023     2013 04 20 20 37 30.647     163.6
782
 2013 04 20 12 13 46.196     2013 04 20 12 17 28.724     222.5
 2013 04 20 13 51 51.759     2013 04 20 13 55 35.694     223.9
 2013 04 20 18 48  7.979     2013 04 20 18 50 50.258     162.3
783
 2013 04 20 13 44 41.110     2013 04 20 13 47 19.552     158.4
 2013 04 20 22 02 32.924     2013 04 20 22 05 30.165     177.2
784
 2013 04 20 20 39 25.616     2013 04 20 20 39 42.664      17.0
785
 2013 04 20 13 48 58.607     2013 04 20 13 49   .689       2.1
 2013 04 20 20 25 28.230     2013 04 20 20 28 29.656     181.4
786
 2013 04 20 10 33 53.245     2013 04 20 10 36 29.473     156.2
787
 2013 04 20 00 05 57.661     2013 04 20 00 09  4.167     186.5
 2013 04 20 11 59 49.052     2013 04 20 12 03 25.972     216.9
788
 2013 04 20 22 05 17.888     2013 04 20 22 07 59.122     161.2
789
 2013 04 20 22 04 44.133     2013 04 20 22 08  6.475     202.3
790
 2013 04 20 12 08 14.355     2013 04 20 12 11 21.578     187.2
791
 2013 04 20 22 09 55.809     2013 04 20 22 12 34.974     159.2
792
 2013 04 20 13 44 14.798     2013 04 20 13 47 17.960     183.2
 2013 04 20 22 01 23.470     2013 04 20 22 04 50.372     206.9
793
 2013 04 20 08 49 46.298     2013 04 20 08 53 21.724     215.4
 2013 04 20 20 38   .283     2013 04 20 20 40 42.051     161.8
794
 2013 04 20 20 30 20.243     2013 04 20 20 34   .512     220.3
795
 2013 04 20 12 11 40.790     2013 04 20 12 14 34.734     173.9
 2013 04 20 20 27 25.079     2013 04 20 20 31 13.391     228.3
796
 2013 04 20 20 33 44.195     2013 04 20 20 33 47.762       3.6
797
 2013 04 20 00 06 33.252     2013 04 20 00 09 15.565     162.3
 2013 04 20 12 01 25.455     2013 04 20 12 02 24.665      59.2
798
 2013 04 20 22 04 18.654     2013 04 20 22 06 57.927     159.3
799
 2013 04 20 12 05 46.755     2013 04 20 12 08 22.241     155.5
 2013 04 20 22 07 17.718     2013 04 20 22 09 56.785     159.1
800
 2013 04 20 13 42 11.677     2013 04 20 13 45 52.464     220.8
801
 2013 04 20 15 23 15.608     2013 04 20 15 26 13.776     178.2
 2013 04 20 21 59 21.262     2013 04 20 22 02  4.764     163.5
802
 2013 04 20 20 30 41.590     2013 04 20 20 33 25.820     164.2
803
804
 2013 04 20 13 47 30.558     2013 04 20 13 50 53.273     202.7
 2013 04 20 20 22 37.606     2013 04 20 20 25 57.376     199.8
805
 2013 04 20 20 36 42.551     2013 04 20 20 39 46.995     184.4
806
 2013 04 20 00 02 26.536     2013 04 20 00 05 51.213     204.7
 2013 04 20 23 43 26.253     2013 04 20 23 46 50.605     204.4
807
 2013 04 20 10 31 44.716     2013 04 20 10 34 26.341     161.6
 2013 04 20 20 32 17.520     2013 04 20 20 35 44.009     206.5
808
 2013 04 20 15 25 12.199     2013 04 20 15 27 52.479     160.3
 2013 04 20 20 20 29.023     2013 04 20 20 23 43.580     194.6
809
 2013 04 20 13 47 47.175     2013 04 20 13 50 25.353     158.2
 2013 04 20 20 23 33.800     2013 04 20 20 27 14.880     221.1
810
 2013 04 20 10 35  2.410     2013 04 20 10 37 45.054     162.6
 2013 04 20 18 53 11.327     2013 04 20 18 56 15.886     184.6
811
 2013 04 20 00 02   .225     2013 04 20 00 04 49.208     169.0
 2013 04 20 13 39 19.539     2013 04 20 13 42  9.603     170.1
 2013 04 20 23 42 59.658     2013 04 20 23 45 48.866     169.2
812
 2013 04 20 15 24 16.182     2013 04 20 15 24 20.005       3.8
 2013 04 20 21 59 53.783     2013 04 20 22 03 40.313     226.5
813
 2013 04 20 12 07 50.059     2013 04 20 12 08 21.258      31.2
 2013 04 20 22 05 54.363     2013 04 20 22 09 22.022     207.7
814
 2013 04 20 22 10 58.224     2013 04 20 22 14 32.767     214.5
815
 2013 04 20 15 22 13.983     2013 04 20 15 23  7.592      53.6
 2013 04 20 21 59 44.133     2013 04 20 22 03  2.146     198.0
816
 2013 04 20 13 46 27.191     2013 04 20 13 49 14.165     167.0
 2013 04 20 22 01 16.780     2013 04 20 22 04 46.265     209.5
817
 2013 04 20 12 04 14.519     2013 04 20 12 07  1.088     166.6
 2013 04 20 22 06 58.527     2013 04 20 22 10 44.018     225.5
818
 2013 04 20 10 31 27.654     2013 04 20 10 34  6.271     158.6
 2013 04 20 20 32 31.605     2013 04 20 20 35 34.460     182.9
819
 2013 04 20 12 12 39.953     2013 04 20 12 15 32.010     172.1
 2013 04 20 18 52 48.883     2013 04 20 18 53  7.347      18.5
820
 2013 04 20 20 32 54.067     2013 04 20 20 33  2.177       8.1
821
 2013 04 20 00 06 33.403     2013 04 20 00 09 15.136     161.7
 2013 04 20 11 59 14.471     2013 04 20 12 02 44.328     209.9
822
 2013 04 20 12 03 57.080     2013 04 20 12 05 18.569      81.5
 2013 04 20 22 09  8.563     2013 04 20 22 11 48.843     160.3
823
 2013 04 20 10 34 44.471     2013 04 20 10 37 20.374     155.9
 2013 04 20 18 52 41.219     2013 04 20 18 56 18.224     217.0
824
 2013 04 20 00 06 21.978     2013 04 20 00 10  9.431     227.5
 2013 04 20 12 00 22.123     2013 04 20 12 03  2.297     160.2
825
 2013 04 20 00 01 40.896     2013 04 20 00 04 34.394     173.5
 2013 04 20 13 39 27.452     2013 04 20 13 42  5.844     158.4
 2013 04 20 23 42 40.315     2013 04 20 23 45 34.065     173.8
826
827
 2013 04 20 12 01 40.765     2013 04 20 12 04 42.046     181.3
828
 2013 04 20 22 11 21.461     2013 04 20 22 14  1.134     159.7
829
 2013 04 20 12 13 57.441     2013 04 20 12 17 24.225     206.8
 2013 04 20 13 51 50.932     2013 04 20 13 53  4.699      73.8
 2013 04 20 18 48 18.226     2013 04 20 18 51  1.475     163.2
830
 2013 04 20 15 23 12.207     2013 04 20 15 27  5.529     233.3
 2013 04 20 22 00  5.868     2013 04 20 22 02 44.062     158.2
831
 2013 04 20 12 02 43.754     2013 04 20 12 06  3.262     199.5
832
 2013 04 20 00 06 40.279     2013 04 20 00 10  2.102     201.8
 2013 04 20 12 00  2.252     2013 04 20 12 02 44.933     162.7
833
 2013 04 20 10 28 29.466     2013 04 20 10 31 43.689     194.2
 2013 04 20 20 33 47.737     2013 04 20 20 33 52.987       5.3
834
 2013 04 20 10 29 10.786     2013 04 20 10 32 49.063     218.3
 2013 04 20 20 34 37.426     2013 04 20 20 35 26.806      49.4
835
 2013 04 20 12 08  2.282     2013 04 20 12 08 25.164      22.9
 2013 04 20 20 32 30.877     2013 04 20 20 32 52.656      21.8
836
 2013 04 20 22 03 56.723     2013 04 20 22 06 59.457     182.7
837
 2013 04 20 12 13 42.622     2013 04 20 12 16 50.932     188.3
 2013 04 20 18 48 30.844     2013 04 20 18 51 10.202     159.4
838
 2013 04 20 15 24 16.377     2013 04 20 15 27 35.034     198.7
 2013 04 20 21 59 32.145     2013 04 20 22 02 45.046     192.9
839
 2013 04 20 12 13  1.045     2013 04 20 12 16 22.606     201.6
 2013 04 20 18 48  4.772     2013 04 20 18 51  7.499     182.7
840
 2013 04 20 00 04 49.385     2013 04 20 00 08 12.585     203.2
841
 2013 04 20 12 01 36.216     2013 04 20 12 04 20.593     164.4
842
 2013 04 20 22 03 32.638     2013 04 20 22 07  4.235     211.6
843
 2013 04 20 13 45 33.747     2013 04 20 13 49  3.698     210.0
 2013 04 20 22 01  6.352     2013 04 20 22 03 53.644     167.3
844
 2013 04 20 10 31 51.275     2013 04 20 10 34 31.120     159.8
 2013 04 20 20 31 45.298     2013 04 20 20 34 57.109     191.8
845
 2013 04 20 12 05 14.540     2013 04 20 12 05 38.326      23.8
846
 2013 04 20 13 47 10.819     2013 04 20 13 49 50.375     159.6
847
 2013 04 20 00 01 34.916     2013 04 20 00 05 18.534     223.6
 2013 04 20 13 40 27.531     2013 04 20 13 44 14.146     226.6
 2013 04 20 23 42 34.653     2013 04 20 23 46 17.909     223.3
848
 2013 04 20 12 09 33.743     2013 04 20 12 12 58.383     204.6
 2013 04 20 20 28 40.301     2013 04 20 20 31 29.648     169.3
849
 2013 04 20 13 43  8.555     2013 04 20 13 46 46.176     217.6
 2013 04 20 22 06 37.767     2013 04 20 22 07 14.110      36.3
850
 2013 04 20 20 25 42.765     2013 04 20 20 29 15.562     212.8
851
 2013 04 20 10 29 46.917     2013 04 20 10 32 25.656     158.7
 2013 04 20 20 32 32.896     2013 04 20 20 35 54.830     201.9
852
 2013 04 20 12 14 41.130     2013 04 20 12 18 20.476     219.3
 2013 04 20 18 50 17.778     2013 04 20 18 53 32.357     194.6
853
 2013 04 20 10 30 26.718     2013 04 20 10 33  1.564     154.8
 2013 04 20 20 32 53.566     2013 04 20 20 35 35.585     162.0
854
 2013 04 20 13 45 26.344     2013 04 20 13 48 18.311     172.0
 2013 04 20 22 02 50.775     2013 04 20 22 05 32.981     162.2
855
 2013 04 20 13 48 27.149     2013 04 20 13 50   .660      93.5
 2013 04 20 20 25 23.327     2013 04 20 20 28  1.511     158.2
856
 2013 04 20 12 00 22.605     2013 04 20 12 03  9.798     167.2
857
858
 2013 04 20 12 09 26.864     2013 04 20 12 12 21.287     174.4
 2013 04 20 20 28  5.878     2013 04 20 20 31 23.352     197.5
859
 2013 04 20 13 45 11.133     2013 04 20 13 48 16.715     185.6
 2013 04 20 22 03  6.391     2013 04 20 22 05 46.113     159.7
860
 2013 04 20 22 00 10.569     2013 04 20 22 03 46.173     215.6
861
 2013 04 20 10 32 25.436     2013 04 20 10 35  8.024     162.6
862
 2013 04 20 12 12 34.495     2013 04 20 12 15 18.706     164.2
 2013 04 20 18 52 10.281     2013 04 20 18 52 14.104       3.8
863
 2013 04 20 13 42 38.336     2013 04 20 13 45 47.446     189.1
864
865
 2013 04 20 10 27 59.260     2013 04 20 10 28 39.955      40.7
 2013 04 20 22 12 15.732     2013 04 20 22 15  2.491     166.8
866
 2013 04 20 12 08 53.247     2013 04 20 12 12 41.982     228.7
 2013 04 20 20 28 48.311     2013 04 20 20 32  3.814     195.5
867
 2013 04 20 12 14 26.712     2013 04 20 12 17 35.310     188.6
 2013 04 20 13 52  8.736     2013 04 20 13 52 27.345      18.6
 2013 04 20 18 48 27.279     2013 04 20 18 51 24.536     177.3
868
 2013 04 20 12 06 50.314     2013 04 20 12 08   .870      70.6
869
 2013 04 20 13 49 13.955     2013 04 20 13 51 51.211     157.3
 2013 04 20 20 24   .426     2013 04 20 20 26 43.759     163.3
870
 2013 04 20 10 34 24.252     2013 04 20 10 37  1.043     156.8
 2013 04 20 18 55 59.275     2013 04 20 18 56 42.060      42.8
871
 2013 04 20 10 27 17.196     2013 04 20 10 30 55.807     218.6
872
 2013 04 20 15 24 39.579     2013 04 20 15 28 31.802     232.2
 2013 04 20 20 25 20.855     2013 04 20 20 25 33.995      13.1
 2013 04 20 21 59 31.269     2013 04 20 21 59 58.436      27.2
873
 2013 04 20 20 35 46.461     2013 04 20 20 39 10.041     203.6
874
 2013 04 20 13 48 40.968     2013 04 20 13 49  2.587      21.6
 2013 04 20 22 00 50.721     2013 04 20 22 03 28.821     158.1
875
 2013 04 20 13 47 11.764     2013 04 20 13 49 48.439     156.7
876
877
 2013 04 20 10 36 34.549     2013 04 20 10 36 46.845      12.3
878
 2013 04 20 00 03 24.091     2013 04 20 00 06 38.280     194.2
 2013 04 20 23 44 23.457     2013 04 20 23 47 38.005     194.5
879
 2013 04 20 10 27 45.573     2013 04 20 10 31  4.853     199.3
880
 2013 04 20 13 51  4.903     2013 04 20 13 54 36.004     211.1
 2013 04 20 18 47 32.286     2013 04 20 18 50 23.190     170.9
881
 2013 04 20 10 30 40.599     2013 04 20 10 34 25.128     224.5
 2013 04 20 20 31 23.713     2013 04 20 20 34  1.624     157.9
882
 2013 04 20 13 46 45.397     2013 04 20 13 49 52.418     187.0
 2013 04 20 22 00 32.785     2013 04 20 22 01  8.853      36.1
883
 2013 04 20 10 26  7.233     2013 04 20 10 28 47.865     160.6
884
885
 2013 04 20 13 46 13.145     2013 04 20 13 48 50.084     156.9
 2013 04 20 22 02  2.123     2013 04 20 22 05 14.756     192.6
886
 2013 04 20 00 05 19.126     2013 04 20 00 08   .326     161.2
887
 2013 04 20 13 49 29.154     2013 04 20 13 52 43.757     194.6
 2013 04 20 15 27 21.165     2013 04 20 15 31  9.992     228.8
 2013 04 20 18 44 38.098     2013 04 20 18 48 22.163     224.1
 2013 04 20 20 22 56.076     2013 04 20 20 26 19.671     203.6
888
 2013 04 20 15 23 42.309     2013 04 20 15 27 31.512     229.2
 2013 04 20 22 00   .817     2013 04 20 22 02 51.330     170.5
889
 2013 04 20 15 24 57.016     2013 04 20 15 27 44.451     167.4
 2013 04 20 20 20 37.010     2013 04 20 20 21 39.014      62.0
 2013 04 20 21 58 45.932     2013 04 20 22 00 58.283     132.4
890
 2013 04 20 20 29 41.787     2013 04 20 20 32 25.451     163.7
891
 2013 04 20 10 25 17.875     2013 04 20 10 26 52.264      94.4
892
 2013 04 20 10 28 18.699     2013 04 20 10 31 46.223     207.5
 2013 04 20 20 33 58.961     2013 04 20 20 34  9.140      10.2
893
 2013 04 20 10 34 56.934     2013 04 20 10 37 53.480     176.5
 2013 04 20 18 52  5.696     2013 04 20 18 55 22.057     196.4
894
 2013 04 20 12 10  7.442     2013 04 20 12 13 17.278     189.8
 2013 04 20 20 28 30.000     2013 04 20 20 31  8.087     158.1
895
 2013 04 20 12 03 53.524     2013 04 20 12 06 57.920     184.4
 2013 04 20 22 08 29.916     2013 04 20 22 11 45.610     195.7
896
 2013 04 20 12 07 41.966     2013 04 20 12 11 22.576     220.6
897
898
 2013 04 20 20 34 59.219     2013 04 20 20 37 57.587     178.4
899
 2013 04 20 22 11 53.173     2013 04 20 22 14 58.475     185.3
900
901
 2013 04 20 12 12 41.653     2013 04 20 12 16 22.901     221.2
 2013 04 20 18 47 45.932     2013 04 20 18 50 57.732     191.8
902
 2013 04 20 10 33 43.038     2013 04 20 10 36 34.114     171.1
903
 2013 04 20 18 50 45.296     2013 04 20 18 53 57.333     192.0
904
 2013 04 20 10 35  9.770     2013 04 20 10 38  4.740     175.0
 2013 04 20 18 52 12.319     2013 04 20 18 55 14.210     181.9
905
 2013 04 20 12 09 47.058     2013 04 20 12 13 13.868     206.8
 2013 04 20 20 26 31.163     2013 04 20 20 29 28.463     177.3
906
 2013 04 20 20 25  4.474     2013 04 20 20 28 51.806     227.3
907
 2013 04 20 10 26 49.252     2013 04 20 10 30 33.830     224.6
908
 2013 04 20 13 44 49.694     2013 04 20 13 48 36.209     226.5
 2013 04 20 22 01  5.738     2013 04 20 22 03 45.720     160.0
909
 2013 04 20 10 29 34.364     2013 04 20 10 32 47.866     193.5
 2013 04 20 20 31 47.232     2013 04 20 20 35 25.213     218.0
910
 2013 04 20 00 03  1.329     2013 04 20 00 06 45.404     224.1
 2013 04 20 13 37 19.526     2013 04 20 13 37 35.507      16.0
 2013 04 20 23 44   .656     2013 04 20 23 47 45.163     224.5
911
 2013 04 20 22 12 22.867     2013 04 20 22 15  6.841     164.0
912
 2013 04 20 12 05 43.920     2013 04 20 12 06 48.650      64.7
 2013 04 20 22 07 48.326     2013 04 20 22 09 23.012      94.7
913
 2013 04 20 22 10 58.833     2013 04 20 22 13 36.006     157.2
914
 2013 04 20 10 26 58.666     2013 04 20 10 30  8.809     190.1
915
 2013 04 20 13 43 22.331     2013 04 20 13 43 45.972      23.6
 2013 04 20 22 03 43.368     2013 04 20 22 07  2.117     198.7
916
 2013 04 20 12 13 52.645     2013 04 20 12 14 49.640      57.0
 2013 04 20 13 52  9.561     2013 04 20 13 55 36.056     206.5
 2013 04 20 17 13  2.606     2013 04 20 17 13 14.377      11.8
 2013 04 20 18 47 57.783     2013 04 20 18 50 48.823     171.0
917
 2013 04 20 12 11 15.999     2013 04 20 12 13 58.129     162.1
 2013 04 20 20 27 37.932     2013 04 20 20 30 41.246     183.3
918
 2013 04 20 10 37 26.755     2013 04 20 10 37 40.252      13.5
919
 2013 04 20 00 03 34.745     2013 04 20 00 06 45.692     190.9
 2013 04 20 23 44 34.443     2013 04 20 23 47 45.102     190.7
920
 2013 04 20 18 50 53.171     2013 04 20 18 53 59.397     186.2
921
 2013 04 20 12 04 56.122     2013 04 20 12 08 35.832     219.7
 2013 04 20 22 06 16.181     2013 04 20 22 09  8.013     171.8
922
 2013 04 20 12 14  2.060     2013 04 20 12 14 37.648      35.6
 2013 04 20 20 26  1.732     2013 04 20 20 28 46.909     165.2
923
 2013 04 20 12 09 51.411     2013 04 20 12 13 40.354     228.9
 2013 04 20 20 28 56.136     2013 04 20 20 31 33.988     157.9
924
 2013 04 20 12 07  2.443     2013 04 20 12 09 41.490     159.0
 2013 04 20 22 06  2.700     2013 04 20 22 09 49.310     226.6
925
 2013 04 20 22 09 27.929     2013 04 20 22 12  7.503     159.6
926
 2013 04 20 10 31 10.988     2013 04 20 10 33 48.263     157.3
 2013 04 20 20 32 22.791     2013 04 20 20 35  3.989     161.2
927
 2013 04 20 10 25 28.782     2013 04 20 10 28 58.491     209.7
928
929
 2013 04 20 10 26 17.998     2013 04 20 10 29  4.055     166.1
930
 2013 04 20 22 04 16.662     2013 04 20 22 06 57.343     160.7
931
 2013 04 20 12 05 36.316     2013 04 20 12 08 11.319     155.0
 2013 04 20 22 07 26.435     2013 04 20 22 10  3.816     157.4
932
 2013 04 20 12 15 22.592     2013 04 20 12 18  1.720     159.1
 2013 04 20 17 10 48.791     2013 04 20 17 11 14.595      25.8
 2013 04 20 18 49  8.550     2013 04 20 18 52 49.515     221.0
933
 2013 04 20 00 07  5.968     2013 04 20 00 09 44.415     158.4
 2013 04 20 11 58 42.318     2013 04 20 12 01 55.807     193.5
934
 2013 04 20 12 14 33.218     2013 04 20 12 17 13.050     159.8
 2013 04 20 18 49 32.681     2013 04 20 18 52 17.413     164.7
935
 2013 04 20 13 47 26.766     2013 04 20 13 50 33.839     187.1
 2013 04 20 20 22 38.348     2013 04 20 20 26 17.391     219.0
936
 2013 04 20 12 08 36.255     2013 04 20 12 11 24.531     168.3
937
 2013 04 20 20 36  3.817     2013 04 20 20 38 59.256     175.4
938
 2013 04 20 10 33 59.631     2013 04 20 10 36 42.376     162.7
939
940
 2013 04 20 12 14 28.614     2013 04 20 12 17 13.720     165.1
 2013 04 20 18 48 55.539     2013 04 20 18 51 41.983     166.4
941
942
 2013 04 20 22 13 50.873     2013 04 20 22 14 16.419      25.5
943
 2013 04 20 13 41 31.436     2013 04 20 13 44 55.361     203.9
944
 2013 04 20 20 35 59.644     2013 04 20 20 39 24.802     205.2
945
 2013 04 20 13 49 29.555     2013 04 20 13 52 45.406     195.9
 2013 04 20 15 27 22.831     2013 04 20 15 31  9.588     226.8
 2013 04 20 18 44 38.818     2013 04 20 18 48 20.699     221.9
 2013 04 20 20 22 54.467     2013 04 20 20 26 19.656     205.2
946
 2013 04 20 10 33 53.289     2013 04 20 10 37  5.822     192.5
947
 2013 04 20 15 22 28.802     2013 04 20 15 23  8.413      39.6
 2013 04 20 21 59 57.451     2013 04 20 22 02 56.197     178.7
948
 2013 04 20 00 04 42.298     2013 04 20 00 07 36.644     174.3
949
 2013 04 20 22 11  2.718     2013 04 20 22 14 47.395     224.7
950
 2013 04 20 00 02  6.722     2013 04 20 00 05  1.910     175.2
 2013 04 20 13 39 55.404     2013 04 20 13 43 28.728     213.3
 2013 04 20 23 43  6.380     2013 04 20 23 46  1.358     175.0
951
 2013 04 20 10 24 30.671     2013 04 20 10 25  9.120      38.4
 2013 04 20 22 12 32.339     2013 04 20 22 15 14.915     162.6
952
 2013 04 20 00 02  1.903     2013 04 20 00 04 54.274     172.4
 2013 04 20 13 39 13.765     2013 04 20 13 42  4.995     171.2
 2013 04 20 23 43  1.325     2013 04 20 23 45 53.944     172.6
953
 2013 04 20 10 28 24.055     2013 04 20 10 29  8.350      44.3
 2013 04 20 20 34 31.542     2013 04 20 20 37 44.732     193.2
954
 2013 04 20 12 05 43.434     2013 04 20 12 08 26.280     162.8
 2013 04 20 22 07 42.266     2013 04 20 22 10 27.408     165.1
955
 2013 04 20 22 11 41.534     2013 04 20 22 11 57.963      16.4
956
 2013 04 20 10 31 13.915     2013 04 20 10 34 20.597     186.7
 2013 04 20 20 32 54.122     2013 04 20 20 36 13.602     199.5
957
 2013 04 20 20 29 43.243     2013 04 20 20 32 24.752     161.5
958
 2013 04 20 10 28 24.041     2013 04 20 10 29 37.337      73.3
 2013 04 20 20 34 26.216     2013 04 20 20 37 45.355     199.1
959
960
 2013 04 20 00 02 13.970     2013 04 20 00 05  1.753     167.8
 2013 04 20 13 39 46.089     2013 04 20 13 43 18.789     212.7
 2013 04 20 23 43 13.603     2013 04 20 23 46  1.224     167.6
961
 2013 04 20 13 50  5.572     2013 04 20 13 51 34.243      88.7
 2013 04 20 18 46 52.833     2013 04 20 18 48 13.563      80.7
962
 2013 04 20 13 43   .694     2013 04 20 13 45 41.142     160.4
963
964
 2013 04 20 12 07 58.392     2013 04 20 12 10 43.079     164.7
965
 2013 04 20 10 33 34.888     2013 04 20 10 36 11.028     156.1
966
 2013 04 20 13 48 42.002     2013 04 20 13 52 33.565     231.6
 2013 04 20 15 26 57.335     2013 04 20 15 30 24.497     207.2
 2013 04 20 18 43 51.694     2013 04 20 18 43 58.594       6.9
 2013 04 20 20 22 42.435     2013 04 20 20 25 36.577     174.1
967
968
 2013 04 20 12 15   .362     2013 04 20 12 17 38.852     158.5
 2013 04 20 18 49   .028     2013 04 20 18 52 12.682     192.7
969
 2013 04 20 22 11 49.098     2013 04 20 22 14 44.849     175.8
970
 2013 04 20 20 30 36.734     2013 04 20 20 33 21.077     164.3
971
 2013 04 20 12 12 35.870     2013 04 20 12 15 13.044     157.2
972
 2013 04 20 13 52  8.497     2013 04 20 13 52 22.164      13.7
 2013 04 20 15 26 36.929     2013 04 20 15 29 58.707     201.8
 2013 04 20 20 22 34.979     2013 04 20 20 25 16.237     161.3
973
 2013 04 20 00 04  4.485     2013 04 20 00 07  9.205     184.7
 2013 04 20 23 45  4.170     2013 04 20 23 48  8.626     184.5
974
 2013 04 20 10 38 39.273     2013 04 20 10 39  1.800      22.5
 2013 04 20 18 51 22.254     2013 04 20 18 54 13.721     171.5
975
 2013 04 20 12 09 57.234     2013 04 20 12 12 33.254     156.0
 2013 04 20 20 27 30.864     2013 04 20 20 30 32.374     181.5
976
 2013 04 20 12 14 19.582     2013 04 20 12 17 41.289     201.7
 2013 04 20 13 52 12.994     2013 04 20 13 56  6.050     233.1
 2013 04 20 17 13 30.249     2013 04 20 17 13 38.482       8.2
 2013 04 20 18 48 16.895     2013 04 20 18 51 14.879     178.0
977
 2013 04 20 00 03 14.271     2013 04 20 00 06 54.403     220.1
 2013 04 20 23 44 14.009     2013 04 20 23 47 53.775     219.8
978
 2013 04 20 22 04  5.920     2013 04 20 22 06 43.823     157.9
979
 2013 04 20 10 33 40.180     2013 04 20 10 36 53.533     193.4
980
 2013 04 20 15 26 22.374     2013 04 20 15 29 46.260     203.9
 2013 04 20 20 22 31.518     2013 04 20 20 25 10.042     158.5
981
 2013 04 20 12 09  9.251     2013 04 20 12 12 30.741     201.5
 2013 04 20 20 28 29.275     2013 04 20 20 31 46.282     197.0
982
 2013 04 20 20 35 23.440     2013 04 20 20 38 54.998     211.6
983
 2013 04 20 00 03 46.420     2013 04 20 00 06 35.356     168.9
 2013 04 20 23 44 45.849     2013 04 20 23 47 35.023     169.2
984
 2013 04 20 00 04 52.638     2013 04 20 00 08 32.543     219.9
985
 2013 04 20 22 07 41.838     2013 04 20 22 08 33.341      51.5
986
 2013 04 20 13 45 24.635     2013 04 20 13 48 56.408     211.8
 2013 04 20 22 01  9.088     2013 04 20 22 03 51.407     162.3
987
 2013 04 20 12 10 24.069     2013 04 20 12 13  4.953     160.9
 2013 04 20 20 27 57.865     2013 04 20 20 30 36.789     158.9
988
 2013 04 20 12 08  8.655     2013 04 20 12 08 16.265       7.6
989
 2013 04 20 10 33 20.235     2013 04 20 10 37  5.646     225.4
990
 2013 04 20 20 29  8.802     2013 04 20 20 32 19.164     190.4
991
 2013 04 20 13 49 35.166     2013 04 20 13 52 49.473     194.3
 2013 04 20 20 24 44.450     2013 04 20 20 27 58.590     194.1
992
 2013 04 20 10 28 47.614     2013 04 20 10 32 18.815     211.2
993
 2013 04 20 00 06 27.972     2013 04 20 00 09 30.687     182.7
 2013 04 20 11 59 46.740     2013 04 20 12 02 53.881     187.1
994
 2013 04 20 13 42 29.628     2013 04 20 13 45 31.490     181.9
995
 2013 04 20 13 44 10.416     2013 04 20 13 47  7.404     177.0
 2013 04 20 22 02 53.061     2013 04 20 22 06  8.826     195.8
996
 2013 04 20 13 43 20.279     2013 04 20 13 46  9.201     168.9
997
 2013 04 20 20 36 47.652     2013 04 20 20 40  5.405     197.8
998
 2013 04 20 10 27 21.202     2013 04 20 10 27 53.904      32.7
999
 2013 04 20 12 14 46.207     2013 04 20 12 17 28.455     162.2
 2013 04 20 18 48 55.632     2013 04 20 18 51 55.506     179.9
