s5
0
 2013 04 20 21 36 34.856     2013 04 20 21 39 52.412     197.6
1
 2013 04 20 13 19 16.068     2013 04 20 13 23  4.293     228.2
2
 2013 04 20 10 10 15.833     2013 04 20 10 13 37.761     201.9
3
 2013 04 20 11 39 20.859     2013 04 20 11 41 58.138     157.3
4
 2013 04 20 13 22  9.786     2013 04 20 13 24 54.016     164.2
 2013 04 20 21 38 19.581     2013 04 20 21 41  5.273     165.7
5
 2013 04 20 13 13 58.175     2013 04 20 13 16 45.561     167.4
6
 2013 04 20 14 58 45.204     2013 04 20 15 00 25.302     100.1
 2013 04 20 21 39 24.552     2013 04 20 21 39 42.273      17.7
7
 2013 04 20 11 40 50.697     2013 04 20 11 41  4.371      13.7
 2013 04 20 21 45 42.451     2013 04 20 21 48 29.387     166.9
8
 2013 04 20 13 24   .849     2013 04 20 13 26 40.778     159.9
 2013 04 20 21 37 57.789     2013 04 20 21 38 25.387      27.6
9
 2013 04 20 11 41 30.517     2013 04 20 11 44 11.035     160.5
 2013 04 20 21 45 59.783     2013 04 20 21 47 18.933      79.2
10
 2013 04 20 13 24 28.585     2013 04 20 13 27 11.171     162.6
11
 2013 04 20 11 44 31.313     2013 04 20 11 48 17.359     226.0
 2013 04 20 21 41  2.731     2013 04 20 21 41 53.128      50.4
12
 2013 04 20 10 09 24.958     2013 04 20 10 12  3.112     158.2
 2013 04 20 20 08 38.385     2013 04 20 20 12  4.650     206.3
13
 2013 04 20 13 18 52.015     2013 04 20 13 21 27.022     155.0
 2013 04 20 23 17 19.215     2013 04 20 23 20 59.212     220.0
14
 2013 04 20 13 21 16.101     2013 04 20 13 21 50.109      34.0
 2013 04 20 21 40 13.834     2013 04 20 21 42 54.143     160.3
15
 2013 04 20 11 40 19.724     2013 04 20 11 43 57.511     217.8
16
 2013 04 20 13 21 29.973     2013 04 20 13 24 38.839     188.9
 2013 04 20 21 37 42.317     2013 04 20 21 41  1.767     199.4
17
18
 2013 04 20 11 47 18.506     2013 04 20 11 50 32.050     193.5
 2013 04 20 20 03 13.748     2013 04 20 20 06  5.674     171.9
19
 2013 04 20 11 48 34.933     2013 04 20 11 52  3.288     208.4
 2013 04 20 20 02 40.862     2013 04 20 20 05 47.475     186.6
20
 2013 04 20 20 11 45.195     2013 04 20 20 15 10.642     205.4
21
 2013 04 20 10 09 21.967     2013 04 20 10 12 23.273     181.3
 2013 04 20 20 08 47.393     2013 04 20 20 09 51.821      64.4
22
 2013 04 20 11 39 18.760     2013 04 20 11 42 21.177     182.4
23
 2013 04 20 13 15  9.059     2013 04 20 13 17 14.755     125.7
 2013 04 20 23 19 58.699     2013 04 20 23 23 18.945     200.2
24
 2013 04 20 11 49 32.693     2013 04 20 11 52 21.135     168.4
25
 2013 04 20 15 03  2.582     2013 04 20 15 06 32.130     209.5
 2013 04 20 19 58 56.039     2013 04 20 20 01 38.920     162.9
26
 2013 04 20 21 40 40.695     2013 04 20 21 41 43.482      62.8
27
 2013 04 20 14 58 27.313     2013 04 20 15 01 53.482     206.2
28
 2013 04 20 11 41 33.210     2013 04 20 11 44 28.331     175.1
 2013 04 20 21 43  5.345     2013 04 20 21 43 22.075      16.7
29
 2013 04 20 13 17 15.303     2013 04 20 13 20 23.401     188.1
 2013 04 20 23 19  7.962     2013 04 20 23 21 49.171     161.2
30
 2013 04 20 13 22 21.150     2013 04 20 13 24 57.353     156.2
 2013 04 20 21 38 42.765     2013 04 20 21 41 21.944     159.2
31
 2013 04 20 10 07 48.017     2013 04 20 10 11 35.581     227.6
 2013 04 20 20 10 20.488     2013 04 20 20 13 10.807     170.3
32
 2013 04 20 21 48 34.815     2013 04 20 21 51 16.767     162.0
33
 2013 04 20 11 46 18.488     2013 04 20 11 50  6.911     228.4
 2013 04 20 20 02 27.246     2013 04 20 20 03 31.801      64.6
34
 2013 04 20 21 47 31.753     2013 04 20 21 50 48.227     196.5
35
 2013 04 20 11 42 14.772     2013 04 20 11 44 54.231     159.5
 2013 04 20 21 44 19.129     2013 04 20 21 47  3.523     164.4
36
 2013 04 20 13 24 18.478     2013 04 20 13 26 55.262     156.8
37
38
 2013 04 20 14 58 50.322     2013 04 20 15 02  9.762     199.4
39
 2013 04 20 11 47   .184     2013 04 20 11 50 12.534     192.4
 2013 04 20 20 03  7.945     2013 04 20 20 06 20.011     192.1
40
 2013 04 20 20 02  7.975     2013 04 20 20 05 11.224     183.2
41
 2013 04 20 23 23  1.656     2013 04 20 23 26 31.804     210.1
42
 2013 04 20 14 59 31.540     2013 04 20 15 02 10.491     159.0
 2013 04 20 21 34 39.840     2013 04 20 21 38 22.845     223.0
43
 2013 04 20 11 47 36.078     2013 04 20 11 50 35.174     179.1
 2013 04 20 20 04 51.938     2013 04 20 20 07 28.297     156.4
44
 2013 04 20 15 02 30.130     2013 04 20 15 05 10.930     160.8
 2013 04 20 19 57 34.268     2013 04 20 20 00 45.510     191.2
45
 2013 04 20 11 37 12.431     2013 04 20 11 40 47.029     214.6
 2013 04 20 23 23  9.933     2013 04 20 23 26  9.863     179.9
46
 2013 04 20 11 46 55.179     2013 04 20 11 50 15.175     200.0
 2013 04 20 20 03  1.007     2013 04 20 20 06 15.883     194.9
47
 2013 04 20 11 40 36.487     2013 04 20 11 40 45.741       9.3
 2013 04 20 21 45 43.522     2013 04 20 21 48 41.265     177.7
48
 2013 04 20 21 47 41.244     2013 04 20 21 50 35.098     173.9
49
 2013 04 20 14 57 55.534     2013 04 20 15 01 15.277     199.7
 2013 04 20 23 13 27.053     2013 04 20 23 17 14.398     227.3
50
 2013 04 20 11 50 41.511     2013 04 20 11 50 58.650      17.1
 2013 04 20 13 28 47.020     2013 04 20 13 32 24.406     217.4
 2013 04 20 18 24 39.317     2013 04 20 18 27 16.874     157.6
51
 2013 04 20 13 19 17.273     2013 04 20 13 21 53.599     156.3
 2013 04 20 23 16 44.288     2013 04 20 23 16 55.031      10.7
52
 2013 04 20 13 23 10.096     2013 04 20 13 26 13.303     183.2
 2013 04 20 21 38 58.780     2013 04 20 21 42 14.737     196.0
53
 2013 04 20 23 21 24.934     2013 04 20 23 25   .609     215.7
54
 2013 04 20 11 39   .177     2013 04 20 11 41 53.763     173.6
55
 2013 04 20 10 06 54.865     2013 04 20 10 10 24.611     209.7
 2013 04 20 20 08   .180     2013 04 20 20 08 27.736      27.6
56
 2013 04 20 20 13  5.621     2013 04 20 20 16 25.997     200.4
57
 2013 04 20 15 01 32.098     2013 04 20 15 05 10.068     218.0
 2013 04 20 21 35 55.681     2013 04 20 21 39 37.411     221.7
58
 2013 04 20 23 23 16.144     2013 04 20 23 25 53.216     157.1
59
 2013 04 20 11 48 13.390     2013 04 20 11 50 50.985     157.6
 2013 04 20 20 04 15.106     2013 04 20 20 06 54.064     159.0
60
 2013 04 20 21 45 10.310     2013 04 20 21 45 18.255       7.9
61
 2013 04 20 11 45 39.563     2013 04 20 11 49 29.444     229.9
 2013 04 20 20 08 40.832     2013 04 20 20 09  7.555      26.7
62
63
 2013 04 20 11 47  3.751     2013 04 20 11 50 34.299     210.5
 2013 04 20 20 02 58.528     2013 04 20 20 05 58.719     180.2
64
 2013 04 20 15 00 50.913     2013 04 20 15 03 41.392     170.5
 2013 04 20 21 34 39.848     2013 04 20 21 37 22.511     162.7
65
 2013 04 20 13 26 22.101     2013 04 20 13 29 46.940     204.8
 2013 04 20 20 01 32.770     2013 04 20 20 04 23.034     170.3
66
 2013 04 20 21 40  6.307     2013 04 20 21 42 59.688     173.4
67
68
 2013 04 20 21 46 20.454     2013 04 20 21 49 12.713     172.3
69
 2013 04 20 20 06 31.265     2013 04 20 20 09 17.906     166.6
70
 2013 04 20 11 38 23.494     2013 04 20 11 40 58.287     154.8
71
 2013 04 20 11 42 27.190     2013 04 20 11 45 17.330     170.1
 2013 04 20 21 44 30.622     2013 04 20 21 47  5.169     154.5
72
 2013 04 20 15 00 56.476     2013 04 20 15 03 38.056     161.6
 2013 04 20 21 34 53.204     2013 04 20 21 37 35.485     162.3
73
 2013 04 20 10 06 51.261     2013 04 20 10 07 15.605      24.3
 2013 04 20 20 10 59.075     2013 04 20 20 13 33.073     154.0
74
 2013 04 20 10 05 22.799     2013 04 20 10 06 32.323      69.5
 2013 04 20 20 14 19.505     2013 04 20 20 14 50.883      31.4
75
 2013 04 20 13 16 33.983     2013 04 20 13 19 39.397     185.4
 2013 04 20 23 17 36.181     2013 04 20 23 20 51.319     195.1
76
77
 2013 04 20 13 15 44.644     2013 04 20 13 17   .331      75.7
 2013 04 20 23 20  5.004     2013 04 20 23 22 47.477     162.5
78
 2013 04 20 23 21 49.973     2013 04 20 23 25 11.609     201.6
79
 2013 04 20 11 37 54.911     2013 04 20 11 40 35.166     160.3
 2013 04 20 23 23 20.924     2013 04 20 23 24 43.196      82.3
80
 2013 04 20 11 46  9.431     2013 04 20 11 49  6.350     176.9
 2013 04 20 20 08 26.651     2013 04 20 20 08 32.143       5.5
81
 2013 04 20 20 11 36.244     2013 04 20 20 14 48.979     192.7
82
83
84
 2013 04 20 10 06  3.035     2013 04 20 10 06 49.296      46.3
 2013 04 20 21 48  2.179     2013 04 20 21 51 16.445     194.3
85
 2013 04 20 15 01 49.755     2013 04 20 15 03 17.715      88.0
 2013 04 20 19 58  7.029     2013 04 20 19 58 46.465      39.4
86
 2013 04 20 11 37 42.528     2013 04 20 11 40 25.482     163.0
87
 2013 04 20 21 41 56.422     2013 04 20 21 42 31.467      35.0
88
89
 2013 04 20 15 00 36.808     2013 04 20 15 04  4.320     207.5
 2013 04 20 21 36 12.056     2013 04 20 21 38 51.059     159.0
90
 2013 04 20 23 21 33.865     2013 04 20 23 24 28.023     174.2
91
 2013 04 20 13 23 50.358     2013 04 20 13 27 42.367     232.0
 2013 04 20 20 02 26.465     2013 04 20 20 02 32.519       6.1
92
 2013 04 20 11 52 50.891     2013 04 20 11 52 57.344       6.5
 2013 04 20 20 01 49.469     2013 04 20 20 05 31.335     221.9
93
 2013 04 20 15 01 32.682     2013 04 20 15 04 24.364     171.7
 2013 04 20 21 35 28.875     2013 04 20 21 38 44.833     196.0
94
 2013 04 20 11 47  6.692     2013 04 20 11 50 50.636     223.9
 2013 04 20 20 05 26.017     2013 04 20 20 08  2.320     156.3
95
 2013 04 20 13 18 20.182     2013 04 20 13 20 58.468     158.3
 2013 04 20 23 17 38.599     2013 04 20 23 20 35.063     176.5
96
 2013 04 20 13 23 15.831     2013 04 20 13 27   .347     224.5
 2013 04 20 21 39   .212     2013 04 20 21 39 39.730      39.5
97
 2013 04 20 13 25  3.889     2013 04 20 13 27 42.070     158.2
 2013 04 20 19 59 53.230     2013 04 20 20 03 22.749     209.5
98
99
 2013 04 20 11 45 56.970     2013 04 20 11 48 53.167     176.2
100
 2013 04 20 11 45 38.371     2013 04 20 11 49 19.214     220.8
101
 2013 04 20 10 07  6.229     2013 04 20 10 10 37.411     211.2
 2013 04 20 20 08  2.523     2013 04 20 20 11 36.832     214.3
102
 2013 04 20 20 02 15.045     2013 04 20 20 05 27.538     192.5
103
 2013 04 20 10 09 13.129     2013 04 20 10 12  4.352     171.2
 2013 04 20 20 08 56.424     2013 04 20 20 12 27.112     210.7
104
 2013 04 20 10 08 56.831     2013 04 20 10 12  5.813     189.0
 2013 04 20 20 08  2.819     2013 04 20 20 10 47.122     164.3
105
 2013 04 20 11 38 51.753     2013 04 20 11 41 26.358     154.6
106
 2013 04 20 11 49 36.769     2013 04 20 11 52 55.305     198.5
 2013 04 20 18 28  9.747     2013 04 20 18 28 20.065      10.3
107
 2013 04 20 11 39 30.655     2013 04 20 11 43 12.197     221.5
108
 2013 04 20 10 02 50.169     2013 04 20 10 05 23.704     153.5
 2013 04 20 21 49 35.903     2013 04 20 21 52 59.993     204.1
109
 2013 04 20 10 09 53.207     2013 04 20 10 12 33.118     159.9
 2013 04 20 20 07 45.922     2013 04 20 20 11 31.003     225.1
110
111
 2013 04 20 11 49 15.319     2013 04 20 11 52  8.331     173.0
 2013 04 20 20 03 44.381     2013 04 20 20 04 19.192      34.8
112
 2013 04 20 11 52 21.823     2013 04 20 11 55 24.528     182.7
 2013 04 20 13 29 55.508     2013 04 20 13 31  8.676      73.2
 2013 04 20 16 47  1.766     2013 04 20 16 50 39.331     217.6
 2013 04 20 18 24 59.759     2013 04 20 18 28 33.451     213.7
113
 2013 04 20 11 36 25.736     2013 04 20 11 39 18.255     172.5
 2013 04 20 23 24 26.917     2013 04 20 23 27   .419     153.5
114
 2013 04 20 13 26 54.832     2013 04 20 13 29 32.662     157.8
 2013 04 20 20 00 22.092     2013 04 20 20 03 30.494     188.4
115
 2013 04 20 13 23 35.677     2013 04 20 13 26 45.320     189.6
 2013 04 20 21 38 37.108     2013 04 20 21 39 30.779      53.7
116
 2013 04 20 11 39 49.014     2013 04 20 11 43 16.447     207.4
117
 2013 04 20 23 19 11.441     2013 04 20 23 22 53.196     221.8
118
 2013 04 20 11 42 19.753     2013 04 20 11 44 59.741     160.0
 2013 04 20 21 44 19.555     2013 04 20 21 47   .549     161.0
119
 2013 04 20 10 02 51.761     2013 04 20 10 06  5.256     193.5
 2013 04 20 21 48 41.877     2013 04 20 21 51 53.656     191.8
120
 2013 04 20 11 39 23.907     2013 04 20 11 42 29.623     185.7
121
 2013 04 20 10 05 14.281     2013 04 20 10 06  6.753      52.5
 2013 04 20 21 48 40.803     2013 04 20 21 51 21.188     160.4
122
 2013 04 20 10 06 40.716     2013 04 20 10 09 48.779     188.1
123
 2013 04 20 10 09 11.882     2013 04 20 10 12 31.312     199.4
 2013 04 20 20 07 40.458     2013 04 20 20 10 37.969     177.5
124
 2013 04 20 21 36 45.453     2013 04 20 21 39 39.647     174.2
125
126
 2013 04 20 11 37 32.557     2013 04 20 11 37 45.365      12.8
127
 2013 04 20 13 23 33.770     2013 04 20 13 26 28.831     175.1
 2013 04 20 21 37 32.573     2013 04 20 21 40 55.331     202.8
128
 2013 04 20 11 49 30.160     2013 04 20 11 49 49.392      19.2
129
 2013 04 20 21 40 23.717     2013 04 20 21 44  2.788     219.1
130
 2013 04 20 23 20 56.259     2013 04 20 23 23 49.700     173.4
131
132
 2013 04 20 13 24 14.405     2013 04 20 13 27 24.197     189.8
133
 2013 04 20 13 24  2.200     2013 04 20 13 27 47.765     225.6
 2013 04 20 19 58 30.382     2013 04 20 19 58 54.526      24.1
134
 2013 04 20 23 21 50.939     2013 04 20 23 24 30.983     160.0
135
 2013 04 20 13 14 39.333     2013 04 20 13 17 21.254     161.9
136
 2013 04 20 21 47 42.140     2013 04 20 21 50 44.270     182.1
137
 2013 04 20 13 27 17.496     2013 04 20 13 27 25.382       7.9
 2013 04 20 21 36 29.401     2013 04 20 21 40  2.520     213.1
138
 2013 04 20 14 59 36.197     2013 04 20 15 02 47.349     191.2
 2013 04 20 21 34  1.956     2013 04 20 21 37  5.346     183.4
139
 2013 04 20 10 05 15.217     2013 04 20 10 08  7.721     172.5
140
 2013 04 20 10 05  6.911     2013 04 20 10 07 40.757     153.8
141
 2013 04 20 11 51 37.235     2013 04 20 11 54 39.041     181.8
 2013 04 20 18 25 19.498     2013 04 20 18 28  3.371     163.9
142
 2013 04 20 11 37 31.647     2013 04 20 11 40 42.092     190.4
143
 2013 04 20 11 39 29.728     2013 04 20 11 42  5.744     156.0
144
 2013 04 20 21 40 53.866     2013 04 20 21 44 12.327     198.5
145
 2013 04 20 10 05  8.237     2013 04 20 10 07 47.308     159.1
146
 2013 04 20 11 43 57.969     2013 04 20 11 47  6.231     188.3
 2013 04 20 21 43 19.103     2013 04 20 21 43 39.383      20.3
147
 2013 04 20 20 11  8.540     2013 04 20 20 13 49.886     161.3
148
 2013 04 20 15 03  5.039     2013 04 20 15 06  3.938     178.9
 2013 04 20 19 58 28.886     2013 04 20 20 01 12.412     163.5
149
 2013 04 20 10 09 24.984     2013 04 20 10 12 24.588     179.6
 2013 04 20 20 07 49.061     2013 04 20 20 10 57.191     188.1
150
 2013 04 20 13 25   .732     2013 04 20 13 27 44.401     163.7
 2013 04 20 20 00 19.499     2013 04 20 20 03 55.245     215.7
151
152
153
 2013 04 20 20 10 30.405     2013 04 20 20 11  5.368      35.0
154
 2013 04 20 10 05 23.701     2013 04 20 10 08  5.527     161.8
155
 2013 04 20 13 15   .349     2013 04 20 13 17 48.292     167.9
156
 2013 04 20 13 15 35.922     2013 04 20 13 18 18.290     162.4
 2013 04 20 23 22 18.688     2013 04 20 23 22 52.047      33.4
157
 2013 04 20 15 03 44.935     2013 04 20 15 03 55.626      10.7
 2013 04 20 16 37 57.992     2013 04 20 16 41 24.871     206.9
 2013 04 20 21 33 40.266     2013 04 20 21 36 17.885     157.6
158
 2013 04 20 14 58 42.986     2013 04 20 14 59 56.588      73.6
 2013 04 20 21 39 31.716     2013 04 20 21 39 44.807      13.1
159
 2013 04 20 11 49 59.220     2013 04 20 11 53 11.780     192.6
 2013 04 20 18 24 30.060     2013 04 20 18 28 11.228     221.2
160
 2013 04 20 13 22 59.082     2013 04 20 13 25 38.357     159.3
 2013 04 20 21 38 47.959     2013 04 20 21 41 34.496     166.5
161
 2013 04 20 15 02 57.447     2013 04 20 15 05 41.779     164.3
 2013 04 20 19 58  5.046     2013 04 20 20 00 52.426     167.4
162
 2013 04 20 13 22 32.113     2013 04 20 13 25  9.951     157.8
 2013 04 20 21 38 54.690     2013 04 20 21 41 30.680     156.0
163
164
 2013 04 20 20 07 29.978     2013 04 20 20 11  8.063     218.1
165
 2013 04 20 13 13   .551     2013 04 20 13 16 30.765     210.2
166
 2013 04 20 10 09 50.673     2013 04 20 10 12 26.988     156.3
 2013 04 20 20 08  7.819     2013 04 20 20 09  9.706      61.9
167
 2013 04 20 13 26 32.275     2013 04 20 13 29 12.628     160.4
 2013 04 20 20 00 48.759     2013 04 20 20 03 34.302     165.5
168
 2013 04 20 13 21  7.906     2013 04 20 13 24 12.700     184.8
 2013 04 20 21 37 32.437     2013 04 20 21 38  5.781      33.3
169
 2013 04 20 11 43 54.360     2013 04 20 11 46 38.560     164.2
 2013 04 20 21 43 21.284     2013 04 20 21 46 51.490     210.2
170
 2013 04 20 18 27 18.978     2013 04 20 18 30 37.912     198.9
171
 2013 04 20 15 01 22.634     2013 04 20 15 04 10.352     167.7
 2013 04 20 21 35 29.461     2013 04 20 21 38 31.539     182.1
172
 2013 04 20 15 01 48.706     2013 04 20 15 04 29.942     161.2
 2013 04 20 20 00 40.364     2013 04 20 20 00 57.720      17.4
 2013 04 20 21 35  6.003     2013 04 20 21 38 40.011     214.0
173
 2013 04 20 13 23 31.583     2013 04 20 13 23 58.116      26.5
174
 2013 04 20 11 44 13.578     2013 04 20 11 46 58.844     165.3
 2013 04 20 21 42 26.613     2013 04 20 21 45 51.666     205.1
175
 2013 04 20 23 21 25.849     2013 04 20 23 24  3.706     157.9
176
 2013 04 20 20 06 22.559     2013 04 20 20 09 36.198     193.6
177
 2013 04 20 13 19 39.703     2013 04 20 13 22 16.812     157.1
178
 2013 04 20 20 01 54.769     2013 04 20 20 01 54.139       -.6
179
 2013 04 20 21 44 57.333     2013 04 20 21 44 59.397       2.1
180
 2013 04 20 13 25 39.934     2013 04 20 13 29 11.823     211.9
 2013 04 20 15 03 25.569     2013 04 20 15 04 39.019      73.4
 2013 04 20 19 59 31.610     2013 04 20 20 02  9.946     158.3
181
 2013 04 20 11 40 22.716     2013 04 20 11 42 57.822     155.1
182
 2013 04 20 11 46 30.759     2013 04 20 11 50   .331     209.6
 2013 04 20 20 02 42.876     2013 04 20 20 06 27.479     224.6
183
 2013 04 20 11 38 17.481     2013 04 20 11 41 55.337     217.9
184
 2013 04 20 13 19 58.887     2013 04 20 13 23  8.585     189.7
185
 2013 04 20 13 27 54.760     2013 04 20 13 31 16.373     201.6
 2013 04 20 18 23 45.060     2013 04 20 18 26 58.151     193.1
186
 2013 04 20 20 01 59.751     2013 04 20 20 05  4.172     184.4
187
188
189
 2013 04 20 13 13 35.769     2013 04 20 13 17 17.022     221.3
190
 2013 04 20 21 47 16.398     2013 04 20 21 50  5.345     168.9
191
 2013 04 20 13 21  9.694     2013 04 20 13 24 45.799     216.1
 2013 04 20 21 37 16.761     2013 04 20 21 40 50.514     213.8
192
 2013 04 20 20 06 53.629     2013 04 20 20 09 42.121     168.5
193
 2013 04 20 23 22 57.873     2013 04 20 23 26  8.245     190.4
194
 2013 04 20 11 47 43.034     2013 04 20 11 50 31.827     168.8
 2013 04 20 20 04 40.822     2013 04 20 20 07 17.286     156.5
195
 2013 04 20 13 27 23.996     2013 04 20 13 30 12.609     168.6
 2013 04 20 15 04 48.100     2013 04 20 15 05   .623      12.5
 2013 04 20 18 22  7.117     2013 04 20 18 25 27.085     200.0
 2013 04 20 19 59 36.352     2013 04 20 20 00 16.002      39.6
196
 2013 04 20 13 25 33.523     2013 04 20 13 28 10.693     157.2
 2013 04 20 20 00 23.828     2013 04 20 20 03 18.675     174.8
197
 2013 04 20 11 41 14.248     2013 04 20 11 44 28.151     193.9
 2013 04 20 21 44 59.474     2013 04 20 21 48  6.985     187.5
198
 2013 04 20 13 26 20.908     2013 04 20 13 30  8.442     227.5
 2013 04 20 20 01 44.814     2013 04 20 20 04 42.862     178.0
199
 2013 04 20 10 09  8.280     2013 04 20 10 09 16.548       8.3
200
 2013 04 20 11 50 32.916     2013 04 20 11 53 42.853     189.9
 2013 04 20 18 24 57.618     2013 04 20 18 27 56.067     178.4
201
 2013 04 20 11 43 29.443     2013 04 20 11 45  9.318      99.9
202
 2013 04 20 21 50 14.794     2013 04 20 21 50 21.351       6.6
203
 2013 04 20 23 23 23.750     2013 04 20 23 26 10.882     167.1
204
 2013 04 20 13 19 36.191     2013 04 20 13 22 11.447     155.3
205
 2013 04 20 23 22 51.438     2013 04 20 23 26  7.910     196.5
206
 2013 04 20 10 06  9.780     2013 04 20 10 08 45.384     155.6
207
 2013 04 20 21 50 31.838     2013 04 20 21 51 18.573      46.7
208
 2013 04 20 21 40  9.460     2013 04 20 21 43 13.272     183.8
209
210
 2013 04 20 10 03 29.186     2013 04 20 10 06 40.017     190.8
211
 2013 04 20 14 57 55.814     2013 04 20 15 01 23.135     207.3
 2013 04 20 23 13 27.713     2013 04 20 23 14 46.640      78.9
212
 2013 04 20 13 14 48.358     2013 04 20 13 17 40.433     172.1
213
 2013 04 20 20 11  6.478     2013 04 20 20 13 40.366     153.9
214
 2013 04 20 10 09 30.443     2013 04 20 10 12  6.147     155.7
 2013 04 20 20 08 19.400     2013 04 20 20 11 38.458     199.1
215
 2013 04 20 10 03 53.574     2013 04 20 10 06 27.384     153.8
216
 2013 04 20 11 48  6.941     2013 04 20 11 51 21.240     194.3
 2013 04 20 20 03 10.749     2013 04 20 20 05 50.252     159.5
217
 2013 04 20 11 43 45.810     2013 04 20 11 46 56.890     191.1
 2013 04 20 21 43 32.800     2013 04 20 21 44 50.527      77.7
218
219
 2013 04 20 11 44 58.250     2013 04 20 11 48 10.964     192.7
220
 2013 04 20 11 42 48.133     2013 04 20 11 45 31.341     163.2
 2013 04 20 21 44 14.981     2013 04 20 21 46 49.957     155.0
221
 2013 04 20 11 38 19.362     2013 04 20 11 41  2.944     163.6
222
 2013 04 20 11 52 21.221     2013 04 20 11 54 58.801     157.6
 2013 04 20 18 25 50.454     2013 04 20 18 28 59.102     188.6
223
 2013 04 20 21 41 32.211     2013 04 20 21 44 11.441     159.2
224
 2013 04 20 13 22 21.545     2013 04 20 13 25  6.396     164.9
 2013 04 20 21 39  9.575     2013 04 20 21 41 45.862     156.3
225
 2013 04 20 13 11 43.948     2013 04 20 13 15  9.444     205.5
226
 2013 04 20 11 44 43.863     2013 04 20 11 47 44.477     180.6
 2013 04 20 21 41 34.490     2013 04 20 21 41 57.190      22.7
227
 2013 04 20 20 11 23.126     2013 04 20 20 13 59.435     156.3
228
 2013 04 20 10 03 28.127     2013 04 20 10 06  1.840     153.7
 2013 04 20 21 48 50.983     2013 04 20 21 48 56.652       5.7
229
 2013 04 20 10 03 36.132     2013 04 20 10 06 21.931     165.8
230
 2013 04 20 13 14 15.974     2013 04 20 13 17 15.558     179.6
231
232
 2013 04 20 13 13 24.100     2013 04 20 13 16 25.230     181.1
233
 2013 04 20 13 17 32.290     2013 04 20 13 20  8.237     155.9
 2013 04 20 23 18 15.032     2013 04 20 23 20 49.470     154.4
234
 2013 04 20 13 20 21.425     2013 04 20 13 23  7.479     166.1
235
 2013 04 20 15 00 16.174     2013 04 20 15 03  8.346     172.2
 2013 04 20 21 34 34.511     2013 04 20 21 37 15.133     160.6
236
 2013 04 20 10 05 39.859     2013 04 20 10 08 22.990     163.1
237
 2013 04 20 13 18  5.038     2013 04 20 13 21 26.430     201.4
 2013 04 20 23 16 59.410     2013 04 20 23 19 44.878     165.5
238
 2013 04 20 21 47 33.287     2013 04 20 21 50  6.817     153.5
239
240
 2013 04 20 13 25 13.071     2013 04 20 13 26  6.538      53.5
 2013 04 20 15 03 13.995     2013 04 20 15 06 58.408     224.4
 2013 04 20 19 59 15.406     2013 04 20 20 01 53.478     158.1
241
 2013 04 20 13 27  3.861     2013 04 20 13 29 57.235     173.4
 2013 04 20 20 00 53.269     2013 04 20 20 04 17.450     204.2
242
 2013 04 20 13 28 28.071     2013 04 20 13 31 17.926     169.9
 2013 04 20 18 23 42.279     2013 04 20 18 26 27.188     164.9
243
244
 2013 04 20 11 43 22.097     2013 04 20 11 44  4.464      42.4
245
 2013 04 20 15 01 10.666     2013 04 20 15 03 48.969     158.3
 2013 04 20 21 34 59.958     2013 04 20 21 37 50.046     170.1
246
 2013 04 20 13 18 15.347     2013 04 20 13 21 35.304     200.0
 2013 04 20 23 18 11.551     2013 04 20 23 19  8.367      56.8
247
 2013 04 20 13 22 43.813     2013 04 20 13 26 12.781     209.0
 2013 04 20 21 37 30.490     2013 04 20 21 40 14.273     163.8
248
 2013 04 20 15 00 44.152     2013 04 20 15 03 35.766     171.6
 2013 04 20 21 35 41.887     2013 04 20 21 38 19.301     157.4
249
 2013 04 20 13 18 10.958     2013 04 20 13 20 47.450     156.5
 2013 04 20 23 18  6.453     2013 04 20 23 21  4.495     178.0
250
 2013 04 20 13 23 46.737     2013 04 20 13 27 36.225     229.5
251
 2013 04 20 20 06 24.779     2013 04 20 20 09 44.608     199.8
252
 2013 04 20 11 49 57.248     2013 04 20 11 53 23.108     205.9
 2013 04 20 18 26 12.746     2013 04 20 18 26 46.942      34.2
253
 2013 04 20 11 48 45.733     2013 04 20 11 51 36.001     170.3
 2013 04 20 20 03 15.838     2013 04 20 20 06 19.617     183.8
254
 2013 04 20 11 51 17.174     2013 04 20 11 54 58.311     221.1
 2013 04 20 13 29 13.553     2013 04 20 13 32 53.959     220.4
 2013 04 20 18 24 49.505     2013 04 20 18 27 35.782     166.3
255
 2013 04 20 10 04  2.887     2013 04 20 10 07  8.329     185.4
256
 2013 04 20 11 49 15.257     2013 04 20 11 51 53.808     158.6
 2013 04 20 20 03 13.036     2013 04 20 20 06 53.023     220.0
257
 2013 04 20 11 52 19.089     2013 04 20 11 54 57.157     158.1
 2013 04 20 18 25 46.859     2013 04 20 18 28 53.892     187.0
258
 2013 04 20 15 00 56.964     2013 04 20 15 03 34.381     157.4
 2013 04 20 21 35  8.705     2013 04 20 21 37 49.198     160.5
259
 2013 04 20 13 27  9.372     2013 04 20 13 30  1.362     172.0
 2013 04 20 15 04 34.160     2013 04 20 15 04 43.072       8.9
 2013 04 20 18 21 50.592     2013 04 20 18 25 24.809     214.2
 2013 04 20 19 59 40.670     2013 04 20 20 03 24.350     223.7
260
 2013 04 20 13 23  6.201     2013 04 20 13 26 49.654     223.5
 2013 04 20 21 39  9.536     2013 04 20 21 42 56.310     226.8
261
 2013 04 20 11 51 31.440     2013 04 20 11 54 12.601     161.2
 2013 04 20 18 26 17.427     2013 04 20 18 28 54.620     157.2
262
 2013 04 20 11 52 22.762     2013 04 20 11 52 31.523       8.8
 2013 04 20 20 02 11.581     2013 04 20 20 05 19.183     187.6
263
 2013 04 20 10 02 45.125     2013 04 20 10 05 18.681     153.6
 2013 04 20 21 49 42.858     2013 04 20 21 53  2.979     200.1
264
 2013 04 20 11 50 40.138     2013 04 20 11 53 49.446     189.3
 2013 04 20 18 26 30.869     2013 04 20 18 29 34.922     184.1
265
 2013 04 20 13 25 46.048     2013 04 20 13 28 47.752     181.7
 2013 04 20 20 01 13.845     2013 04 20 20 03 54.279     160.4
266
 2013 04 20 13 21  2.957     2013 04 20 13 23 50.523     167.6
 2013 04 20 21 38 49.251     2013 04 20 21 39 18.130      28.9
267
268
269
 2013 04 20 23 20 54.901     2013 04 20 23 23 55.749     180.8
270
 2013 04 20 11 40 25.564     2013 04 20 11 43  4.655     159.1
271
 2013 04 20 11 48 27.837     2013 04 20 11 51 38.089     190.3
 2013 04 20 20 03  4.138     2013 04 20 20 05 56.554     172.4
272
 2013 04 20 13 15 49.077     2013 04 20 13 19  9.085     200.0
 2013 04 20 23 21 20.679     2013 04 20 23 21 25.295       4.6
273
 2013 04 20 11 46  9.988     2013 04 20 11 49 26.225     196.2
 2013 04 20 20 04 42.730     2013 04 20 20 05 20.386      37.7
274
 2013 04 20 10 06 27.539     2013 04 20 10 09  3.868     156.3
275
 2013 04 20 10 08 20.232     2013 04 20 10 12  6.141     225.9
 2013 04 20 20 09 50.724     2013 04 20 20 13 13.200     202.5
276
 2013 04 20 11 46 26.301     2013 04 20 11 49  3.539     157.2
277
 2013 04 20 10 03 48.892     2013 04 20 10 07 28.808     219.9
278
 2013 04 20 13 22  1.505     2013 04 20 13 24 42.805     161.3
 2013 04 20 21 39  2.829     2013 04 20 21 41 49.664     166.8
279
 2013 04 20 21 48 28.813     2013 04 20 21 52  8.312     219.5
280
 2013 04 20 13 20  8.190     2013 04 20 13 22 44.793     156.6
281
 2013 04 20 10 10 45.638     2013 04 20 10 10 56.623      11.0
 2013 04 20 20 07 30.354     2013 04 20 20 07 50.083      19.7
282
 2013 04 20 13 23 18.025     2013 04 20 13 26 19.309     181.3
 2013 04 20 21 37 37.400     2013 04 20 21 40 42.923     185.5
283
 2013 04 20 11 48  8.208     2013 04 20 11 50 44.591     156.4
 2013 04 20 20 04  5.192     2013 04 20 20 06 41.834     156.6
284
 2013 04 20 11 49 56.866     2013 04 20 11 52 44.008     167.1
 2013 04 20 18 28 36.120     2013 04 20 18 28 48.995      12.9
285
 2013 04 20 13 28 32.568     2013 04 20 13 31 43.034     190.5
 2013 04 20 18 24  7.627     2013 04 20 18 26 49.780     162.2
286
 2013 04 20 11 47 41.500     2013 04 20 11 51 11.742     210.2
 2013 04 20 20 03  3.815     2013 04 20 20 05 40.519     156.7
287
 2013 04 20 13 17 42.237     2013 04 20 13 20 17.014     154.8
 2013 04 20 23 18 16.864     2013 04 20 23 20 52.654     155.8
288
289
 2013 04 20 11 42 24.192     2013 04 20 11 45  4.372     160.2
 2013 04 20 21 44 19.141     2013 04 20 21 46 57.829     158.7
290
291
 2013 04 20 13 24 13.723     2013 04 20 13 25  1.530      47.8
 2013 04 20 20 01  8.267     2013 04 20 20 01 17.819       9.6
292
 2013 04 20 11 46 53.848     2013 04 20 11 49 30.390     156.5
 2013 04 20 20 03 46.296     2013 04 20 20 07 20.051     213.8
293
 2013 04 20 23 22 25.636     2013 04 20 23 25 11.885     166.2
294
 2013 04 20 13 21 14.032     2013 04 20 13 24 45.566     211.5
 2013 04 20 21 39 47.272     2013 04 20 21 42 46.038     178.8
295
 2013 04 20 10 03 40.129     2013 04 20 10 07   .669     200.5
296
297
 2013 04 20 10 10  3.455     2013 04 20 10 11  8.354      64.9
 2013 04 20 20 07 47.014     2013 04 20 20 11  7.203     200.2
298
 2013 04 20 11 49 55.932     2013 04 20 11 53 23.036     207.1
 2013 04 20 18 24 24.253     2013 04 20 18 27 57.013     212.8
299
 2013 04 20 13 23 24.507     2013 04 20 13 27  1.172     216.7
 2013 04 20 21 38 51.185     2013 04 20 21 39  9.002      17.8
300
 2013 04 20 13 13  2.751     2013 04 20 13 15 54.787     172.0
301
 2013 04 20 11 51 49.047     2013 04 20 11 54 46.021     177.0
 2013 04 20 18 25 22.092     2013 04 20 18 28 12.301     170.2
302
 2013 04 20 11 52  7.615     2013 04 20 11 54 45.154     157.5
 2013 04 20 18 25 55.685     2013 04 20 18 28 49.643     174.0
303
 2013 04 20 11 42  6.609     2013 04 20 11 45 10.831     184.2
 2013 04 20 21 44 48.205     2013 04 20 21 47 24.200     156.0
304
305
 2013 04 20 11 50 23.525     2013 04 20 11 53  3.556     160.0
 2013 04 20 18 25 34.887     2013 04 20 18 29 16.704     221.8
306
 2013 04 20 11 46 57.582     2013 04 20 11 49 44.176     166.6
 2013 04 20 20 04 28.762     2013 04 20 20 07 41.592     192.8
307
 2013 04 20 10 09  6.547     2013 04 20 10 11 43.194     156.6
 2013 04 20 20 08 38.313     2013 04 20 20 11 31.088     172.8
308
 2013 04 20 20 07 18.764     2013 04 20 20 09 53.749     155.0
309
 2013 04 20 15 01 34.042     2013 04 20 15 04 11.611     157.6
 2013 04 20 21 34 57.175     2013 04 20 21 38 11.122     193.9
310
 2013 04 20 11 40  4.810     2013 04 20 11 42 56.569     171.8
311
312
 2013 04 20 11 38 48.534     2013 04 20 11 42 23.817     215.3
313
 2013 04 20 13 15 27.254     2013 04 20 13 18 42.950     195.7
 2013 04 20 23 19 31.751     2013 04 20 23 23  2.816     211.1
314
 2013 04 20 11 44 19.894     2013 04 20 11 45 20.569      60.7
 2013 04 20 21 42 14.626     2013 04 20 21 42 46.828      32.2
315
 2013 04 20 13 18 47.055     2013 04 20 13 21 22.920     155.9
 2013 04 20 23 17 19.035     2013 04 20 23 20 48.189     209.2
316
 2013 04 20 11 46 27.752     2013 04 20 11 49 28.380     180.6
 2013 04 20 20 06 32.928     2013 04 20 20 07  3.769      30.8
317
 2013 04 20 21 46  5.475     2013 04 20 21 49 33.662     208.2
318
 2013 04 20 10 03 16.616     2013 04 20 10 03 25.152       8.5
 2013 04 20 21 47 40.961     2013 04 20 21 51 26.333     225.4
319
 2013 04 20 10 02 33.638     2013 04 20 10 05 36.053     182.4
 2013 04 20 21 49 10.559     2013 04 20 21 52  4.819     174.3
320
 2013 04 20 14 59 32.202     2013 04 20 15 02  9.166     157.0
 2013 04 20 21 34 29.925     2013 04 20 21 38 11.310     221.4
321
 2013 04 20 21 36 30.076     2013 04 20 21 39 34.607     184.5
322
 2013 04 20 10 06 18.651     2013 04 20 10 09 57.145     218.5
 2013 04 20 20 10 44.707     2013 04 20 20 13 53.275     188.6
323
 2013 04 20 11 44 56.120     2013 04 20 11 46 46.053     109.9
324
 2013 04 20 10 11 54.784     2013 04 20 10 15 33.081     218.3
 2013 04 20 18 28  3.639     2013 04 20 18 31 45.820     222.2
325
 2013 04 20 13 24 25.899     2013 04 20 13 24 28.534       2.6
326
 2013 04 20 11 49 45.921     2013 04 20 11 53 20.307     214.4
 2013 04 20 18 30   .311     2013 04 20 18 30 20.723      20.4
327
 2013 04 20 23 15  2.305     2013 04 20 23 17 52.717     170.4
328
329
 2013 04 20 10 04 45.548     2013 04 20 10 08 14.466     208.9
330
331
 2013 04 20 13 24 50.721     2013 04 20 13 27 29.478     158.8
 2013 04 20 19 59 39.672     2013 04 20 20 03 28.890     229.2
332
 2013 04 20 11 47  7.355     2013 04 20 11 50 29.636     202.3
 2013 04 20 20 05 11.153     2013 04 20 20 07 52.391     161.2
333
 2013 04 20 13 16 52.872     2013 04 20 13 19 27.361     154.5
 2013 04 20 23 18 30.594     2013 04 20 23 21 20.987     170.4
334
 2013 04 20 11 44 32.698     2013 04 20 11 48 21.062     228.4
335
 2013 04 20 23 20 33.726     2013 04 20 23 23 41.774     188.0
336
 2013 04 20 13 26 52.189     2013 04 20 13 29 32.001     159.8
 2013 04 20 20 00 40.581     2013 04 20 20 03 44.505     183.9
337
 2013 04 20 11 37 48.427     2013 04 20 11 40 24.716     156.3
 2013 04 20 23 23 48.530     2013 04 20 23 24  3.715      15.2
338
 2013 04 20 10 05 39.825     2013 04 20 10 09 22.087     222.3
 2013 04 20 20 13 22.749     2013 04 20 20 14 33.970      71.2
339
 2013 04 20 10 06  1.845     2013 04 20 10 08 45.912     164.1
340
 2013 04 20 11 39  8.247     2013 04 20 11 41 42.150     153.9
341
 2013 04 20 11 46 47.371     2013 04 20 11 50 30.133     222.8
 2013 04 20 20 02 45.553     2013 04 20 20 05 59.380     193.8
342
 2013 04 20 11 48 28.405     2013 04 20 11 49 26.072      57.7
 2013 04 20 20 04 39.361     2013 04 20 20 05 43.329      64.0
343
 2013 04 20 13 12 34.866     2013 04 20 13 15 45.445     190.6
344
 2013 04 20 15 01 41.643     2013 04 20 15 04 30.548     168.9
 2013 04 20 19 56 22.552     2013 04 20 20 00  4.412     221.9
 2013 04 20 21 34 21.094     2013 04 20 21 37 58.593     217.5
345
 2013 04 20 11 46  1.882     2013 04 20 11 49   .207     178.3
346
 2013 04 20 13 17 33.889     2013 04 20 13 20 19.658     165.8
 2013 04 20 23 18 44.852     2013 04 20 23 21 24.741     159.9
347
 2013 04 20 21 40 15.022     2013 04 20 21 43 52.600     217.6
348
 2013 04 20 10 10 37.673     2013 04 20 10 11 28.267      50.6
 2013 04 20 20 07 47.451     2013 04 20 20 10 48.375     180.9
349
350
 2013 04 20 23 20 52.173     2013 04 20 23 23 41.432     169.3
351
 2013 04 20 13 28   .751     2013 04 20 13 30 40.617     159.9
 2013 04 20 18 23  3.040     2013 04 20 18 26  8.032     185.0
352
 2013 04 20 10 03 11.697     2013 04 20 10 05 45.727     154.0
 2013 04 20 21 49  8.930     2013 04 20 21 50 57.560     108.6
353
 2013 04 20 11 45 39.234     2013 04 20 11 48 15.181     155.9
354
 2013 04 20 13 23 18.452     2013 04 20 13 27 10.357     231.9
 2013 04 20 21 38 57.693     2013 04 20 21 39   .100       2.4
355
356
 2013 04 20 23 20 42.599     2013 04 20 23 23 23.348     160.7
357
 2013 04 20 20 11 54.750     2013 04 20 20 15  7.690     192.9
358
 2013 04 20 11 51 24.350     2013 04 20 11 54 21.199     176.8
 2013 04 20 18 26 37.952     2013 04 20 18 29 15.233     157.3
359
360
 2013 04 20 11 47 38.279     2013 04 20 11 50 48.502     190.2
 2013 04 20 20 03 19.314     2013 04 20 20 05 58.898     159.6
361
 2013 04 20 11 50 14.444     2013 04 20 11 53 54.121     219.7
 2013 04 20 18 26 42.457     2013 04 20 18 30  3.164     200.7
362
 2013 04 20 20 06 45.753     2013 04 20 20 10 16.637     210.9
363
 2013 04 20 13 25 25.664     2013 04 20 13 28  6.854     161.2
 2013 04 20 20 00 34.183     2013 04 20 20 03 37.161     183.0
364
 2013 04 20 23 15 22.293     2013 04 20 23 18 54.884     212.6
365
 2013 04 20 11 48 26.637     2013 04 20 11 51 21.283     174.6
 2013 04 20 20 03 22.362     2013 04 20 20 06  9.403     167.0
366
 2013 04 20 10 02 52.571     2013 04 20 10 05 36.879     164.3
 2013 04 20 21 49 42.252     2013 04 20 21 50 41.813      59.6
367
 2013 04 20 10 13 31.804     2013 04 20 10 13 55.767      24.0
 2013 04 20 20 06 18.530     2013 04 20 20 07 42.982      84.5
368
 2013 04 20 23 20 56.539     2013 04 20 23 21 22.236      25.7
369
 2013 04 20 21 47 58.109     2013 04 20 21 50 50.357     172.2
370
 2013 04 20 23 21 23.520     2013 04 20 23 23 59.002     155.5
371
 2013 04 20 13 22  7.581     2013 04 20 13 25  5.491     177.9
 2013 04 20 21 39 25.253     2013 04 20 21 42  2.443     157.2
372
 2013 04 20 10 02 50.911     2013 04 20 10 06  8.092     197.2
 2013 04 20 21 48 39.210     2013 04 20 21 51 50.273     191.1
373
 2013 04 20 13 22 49.552     2013 04 20 13 25 48.500     178.9
 2013 04 20 21 39 11.726     2013 04 20 21 42  2.242     170.5
374
 2013 04 20 13 27 40.252     2013 04 20 13 30 34.043     173.8
 2013 04 20 18 23   .808     2013 04 20 18 26 35.656     214.8
375
 2013 04 20 13 16  2.068     2013 04 20 13 18 43.182     161.1
 2013 04 20 23 20 57.860     2013 04 20 23 21 55.328      57.5
376
 2013 04 20 10 04 45.283     2013 04 20 10 07 19.830     154.5
377
 2013 04 20 11 50  1.117     2013 04 20 11 52 44.627     163.5
378
 2013 04 20 11 40 12.469     2013 04 20 11 43 16.508     184.0
379
 2013 04 20 10 09 16.174     2013 04 20 10 12 49.371     213.2
 2013 04 20 20 07 23.491     2013 04 20 20 10 27.715     184.2
380
381
 2013 04 20 11 45 41.056     2013 04 20 11 47 37.307     116.3
 2013 04 20 20 08 24.204     2013 04 20 20 09  5.993      41.8
382
 2013 04 20 20 06  6.125     2013 04 20 20 07 17.899      71.8
383
 2013 04 20 21 45 32.171     2013 04 20 21 48 37.449     185.3
384
 2013 04 20 15 00 41.612     2013 04 20 15 04 19.095     217.5
 2013 04 20 21 36 17.690     2013 04 20 21 39   .994     163.3
385
 2013 04 20 23 15 49.875     2013 04 20 23 18 25.051     155.2
386
 2013 04 20 10 09  5.704     2013 04 20 10 12 19.372     193.7
 2013 04 20 20 09  5.051     2013 04 20 20 11 10.488     125.4
387
388
 2013 04 20 11 38 35.810     2013 04 20 11 41 12.422     156.6
389
390
 2013 04 20 13 24 51.650     2013 04 20 13 28 21.021     209.4
 2013 04 20 19 59 14.835     2013 04 20 20 02 17.510     182.7
391
 2013 04 20 20 06 52.883     2013 04 20 20 09 42.182     169.3
392
 2013 04 20 23 16 14.413     2013 04 20 23 18 50.470     156.1
393
 2013 04 20 10 13  7.593     2013 04 20 10 14 13.057      65.5
394
 2013 04 20 13 22 50.937     2013 04 20 13 26 31.723     220.8
 2013 04 20 21 37 15.918     2013 04 20 21 40  8.629     172.7
395
396
 2013 04 20 13 23 54.554     2013 04 20 13 26 31.659     157.1
 2013 04 20 21 37 48.159     2013 04 20 21 41 36.444     228.3
397
 2013 04 20 21 48 30.001     2013 04 20 21 51 44.375     194.4
398
 2013 04 20 23 20 40.448     2013 04 20 23 23 21.323     160.9
399
 2013 04 20 23 22 46.698     2013 04 20 23 25 38.989     172.3
400
 2013 04 20 10 11 22.419     2013 04 20 10 11 29.631       7.2
 2013 04 20 20 07 37.268     2013 04 20 20 10 47.786     190.5
401
 2013 04 20 13 21 50.129     2013 04 20 13 25  4.267     194.1
 2013 04 20 21 39 39.391     2013 04 20 21 42 19.006     159.6
402
 2013 04 20 11 39 49.664     2013 04 20 11 42 26.350     156.7
403
 2013 04 20 10 04 11.406     2013 04 20 10 07   .969     169.6
404
 2013 04 20 10 02 40.757     2013 04 20 10 05 50.146     189.4
405
 2013 04 20 11 46  1.730     2013 04 20 11 48 45.498     163.8
406
 2013 04 20 23 20 50.115     2013 04 20 23 23 54.616     184.5
407
 2013 04 20 15 02 28.398     2013 04 20 15 05 11.127     162.7
 2013 04 20 19 57 35.819     2013 04 20 20 00 50.276     194.5
408
409
 2013 04 20 11 51 20.112     2013 04 20 11 54 48.971     208.9
 2013 04 20 18 27  4.566     2013 04 20 18 29 41.695     157.1
410
 2013 04 20 11 40 32.654     2013 04 20 11 44  2.103     209.4
411
 2013 04 20 13 20 56.378     2013 04 20 13 23 51.282     174.9
412
413
 2013 04 20 15 00   .725     2013 04 20 15 03 46.915     226.2
 2013 04 20 16 37 56.610     2013 04 20 16 41 44.346     227.7
 2013 04 20 21 33 56.185     2013 04 20 21 36 33.825     157.6
414
 2013 04 20 13 26 12.236     2013 04 20 13 28 56.506     164.3
 2013 04 20 20 00 57.983     2013 04 20 20 03 35.413     157.4
415
 2013 04 20 11 51 25.092     2013 04 20 11 54 55.639     210.5
 2013 04 20 18 27  5.821     2013 04 20 18 29 44.162     158.3
416
 2013 04 20 20 05 50.104     2013 04 20 20 09 17.146     207.0
417
 2013 04 20 13 25 11.414     2013 04 20 13 27 48.701     157.3
 2013 04 20 20 00  3.460     2013 04 20 20 03 23.719     200.3
418
 2013 04 20 11 48 46.639     2013 04 20 11 51 24.334     157.7
 2013 04 20 20 03 39.325     2013 04 20 20 06 41.498     182.2
419
 2013 04 20 13 24   .396     2013 04 20 13 26 54.936     174.5
 2013 04 20 21 37  8.528     2013 04 20 21 37 51.178      42.6
420
 2013 04 20 13 25  3.370     2013 04 20 13 27 52.158     168.8
 2013 04 20 20 00 30.422     2013 04 20 20 03 59.633     209.2
421
 2013 04 20 11 49 29.109     2013 04 20 11 52 18.253     169.1
422
 2013 04 20 23 14 29.423     2013 04 20 23 16  4.120      94.7
423
 2013 04 20 10 05 14.465     2013 04 20 10 08 20.245     185.8
424
 2013 04 20 20 07   .302     2013 04 20 20 09 40.847     160.5
425
 2013 04 20 23 22 21.979     2013 04 20 23 25 16.149     174.2
426
 2013 04 20 13 17 41.984     2013 04 20 13 18 29.642      47.7
 2013 04 20 23 16 49.829     2013 04 20 23 19 26.726     156.9
427
 2013 04 20 10 04 14.787     2013 04 20 10 07  3.883     169.1
428
 2013 04 20 13 12 16.484     2013 04 20 13 12 24.013       7.5
429
 2013 04 20 23 13 56.652     2013 04 20 23 14 14.847      18.2
430
 2013 04 20 15 01 32.946     2013 04 20 15 04 15.876     162.9
 2013 04 20 19 56 12.699     2013 04 20 19 56 17.973       5.3
 2013 04 20 21 34 37.439     2013 04 20 21 37 56.476     199.0
431
 2013 04 20 11 37 12.594     2013 04 20 11 39 46.936     154.3
 2013 04 20 23 24 27.172     2013 04 20 23 27 44.099     196.9
432
 2013 04 20 23 16  2.935     2013 04 20 23 18 57.269     174.3
433
 2013 04 20 20 05 55.943     2013 04 20 20 08 33.987     158.0
434
 2013 04 20 13 18  4.701     2013 04 20 13 18 43.203      38.5
435
 2013 04 20 11 44 19.639     2013 04 20 11 47 20.597     181.0
436
 2013 04 20 10 02 37.973     2013 04 20 10 06  2.711     204.7
 2013 04 20 21 48 44.915     2013 04 20 21 51 43.734     178.8
437
 2013 04 20 10 07 46.212     2013 04 20 10 10 23.815     157.6
 2013 04 20 20 09 40.227     2013 04 20 20 12 22.833     162.6
438
 2013 04 20 11 48  1.737     2013 04 20 11 51 50.204     228.5
 2013 04 20 20 02 43.391     2013 04 20 20 05 27.025     163.6
439
 2013 04 20 23 22 50.811     2013 04 20 23 26  8.726     197.9
440
 2013 04 20 13 25 37.854     2013 04 20 13 28 30.509     172.7
 2013 04 20 19 59 58.409     2013 04 20 20 02 40.869     162.5
441
 2013 04 20 13 23 10.857     2013 04 20 13 25 49.349     158.5
 2013 04 20 21 38 38.991     2013 04 20 21 41 35.042     176.1
442
 2013 04 20 13 17 41.959     2013 04 20 13 20 16.711     154.8
 2013 04 20 23 18 17.290     2013 04 20 23 20 53.040     155.8
443
 2013 04 20 14 59 20.822     2013 04 20 15 02 24.716     183.9
 2013 04 20 21 35 10.005     2013 04 20 21 38 56.459     226.5
444
 2013 04 20 11 46  4.293     2013 04 20 11 49 51.800     227.5
445
 2013 04 20 11 46 58.323     2013 04 20 11 47 29.420      31.1
 2013 04 20 20 02 44.422     2013 04 20 20 05 40.967     176.5
446
 2013 04 20 13 15 32.113     2013 04 20 13 18  9.512     157.4
447
 2013 04 20 21 40 16.197     2013 04 20 21 43  6.115     169.9
448
 2013 04 20 15 01 31.956     2013 04 20 15 04 32.919     181.0
 2013 04 20 16 39  4.100     2013 04 20 16 40  1.265      57.2
 2013 04 20 19 56 11.782     2013 04 20 19 59 49.517     217.7
 2013 04 20 21 34  9.399     2013 04 20 21 37 43.883     214.5
449
 2013 04 20 11 46 16.421     2013 04 20 11 49 55.463     219.0
 2013 04 20 20 05 41.695     2013 04 20 20 06 31.525      49.8
450
 2013 04 20 15 02  2.281     2013 04 20 15 04 41.778     159.5
 2013 04 20 19 57   .871     2013 04 20 20 00 47.873     227.0
 2013 04 20 21 34 52.833     2013 04 20 21 36 28.261      95.4
451
452
453
 2013 04 20 10 06 21.439     2013 04 20 10 09 56.511     215.1
454
455
 2013 04 20 20 05 51.449     2013 04 20 20 09  7.831     196.4
456
 2013 04 20 11 38 32.603     2013 04 20 11 41 42.713     190.1
457
 2013 04 20 10 03 10.155     2013 04 20 10 06 38.035     207.9
458
 2013 04 20 15 03 45.033     2013 04 20 15 03 59.048      14.0
 2013 04 20 16 38  2.377     2013 04 20 16 41 28.195     205.8
 2013 04 20 21 33 41.254     2013 04 20 21 36 19.125     157.9
459
460
 2013 04 20 15 00 47.102     2013 04 20 15 03 33.248     166.1
 2013 04 20 21 35 35.032     2013 04 20 21 38 12.659     157.6
461
 2013 04 20 20 06  8.684     2013 04 20 20 08 52.729     164.0
462
 2013 04 20 20 06 28.772     2013 04 20 20 09 43.690     194.9
463
 2013 04 20 11 49 43.013     2013 04 20 11 52 49.410     186.4
464
 2013 04 20 20 06 22.492     2013 04 20 20 09 29.539     187.0
465
 2013 04 20 10 08 19.239     2013 04 20 10 10 56.820     157.6
 2013 04 20 20 09 30.336     2013 04 20 20 12  5.006     154.7
466
 2013 04 20 11 46 10.065     2013 04 20 11 48 47.535     157.5
467
 2013 04 20 10 01 41.938     2013 04 20 10 04 57.329     195.4
 2013 04 20 21 49 33.870     2013 04 20 21 52  7.283     153.4
468
 2013 04 20 23 21 24.057     2013 04 20 23 24 26.668     182.6
469
470
 2013 04 20 23 21  5.079     2013 04 20 23 24  7.112     182.0
471
 2013 04 20 21 48  4.589     2013 04 20 21 50 38.098     153.5
472
473
 2013 04 20 13 27 11.595     2013 04 20 13 29 51.865     160.3
 2013 04 20 18 21 55.463     2013 04 20 18 25 48.277     232.8
 2013 04 20 20 00  2.705     2013 04 20 20 03 37.203     214.5
474
475
 2013 04 20 11 40 14.794     2013 04 20 11 43 23.653     188.9
476
 2013 04 20 13 26 29.752     2013 04 20 13 29 26.224     176.5
 2013 04 20 20 01 10.574     2013 04 20 20 03 58.000     167.4
477
 2013 04 20 11 42 12.226     2013 04 20 11 44 54.574     162.3
 2013 04 20 21 43 31.331     2013 04 20 21 46 33.098     181.8
478
 2013 04 20 13 17 34.197     2013 04 20 13 18 35.608      61.4
 2013 04 20 23 18 51.790     2013 04 20 23 22 33.786     222.0
479
 2013 04 20 11 48 41.230     2013 04 20 11 52 22.574     221.3
 2013 04 20 20 04 26.208     2013 04 20 20 05 21.584      55.4
480
 2013 04 20 13 19 44.242     2013 04 20 13 22 20.232     156.0
481
 2013 04 20 11 40 58.483     2013 04 20 11 44 33.731     215.2
482
483
484
 2013 04 20 13 19 32.548     2013 04 20 13 23  4.085     211.5
485
 2013 04 20 13 26 50.341     2013 04 20 13 30 34.890     224.5
 2013 04 20 20 01 28.664     2013 04 20 20 05  3.087     214.4
486
 2013 04 20 13 17 57.159     2013 04 20 13 20 35.593     158.4
 2013 04 20 23 17 55.669     2013 04 20 23 20 35.537     159.9
487
 2013 04 20 14 57 28.648     2013 04 20 15 01  2.507     213.9
 2013 04 20 23 13 53.412     2013 04 20 23 17 14.355     200.9
488
 2013 04 20 15 01 48.366     2013 04 20 15 04 26.304     157.9
 2013 04 20 19 56 35.420     2013 04 20 19 57 34.432      59.0
 2013 04 20 21 34 45.350     2013 04 20 21 38 20.242     214.9
489
 2013 04 20 13 18 25.319     2013 04 20 13 21  8.915     163.6
 2013 04 20 23 17 24.991     2013 04 20 23 20 24.854     179.9
490
 2013 04 20 11 50 20.397     2013 04 20 11 53  2.263     161.9
 2013 04 20 18 25 36.248     2013 04 20 18 29 22.369     226.1
491
 2013 04 20 13 15  6.134     2013 04 20 13 17 57.365     171.2
492
 2013 04 20 13 23 47.536     2013 04 20 13 24 23.771      36.2
493
 2013 04 20 21 40 31.859     2013 04 20 21 43  9.229     157.4
494
 2013 04 20 21 48 32.369     2013 04 20 21 51  5.898     153.5
495
 2013 04 20 21 45 14.759     2013 04 20 21 46 21.048      66.3
496
 2013 04 20 18 27 11.477     2013 04 20 18 30 36.075     204.6
497
 2013 04 20 11 45 59.489     2013 04 20 11 48 35.566     156.1
498
 2013 04 20 14 57 18.272     2013 04 20 15 01  7.013     228.7
 2013 04 20 23 14  4.172     2013 04 20 23 17 23.468     199.3
499
 2013 04 20 13 23 38.239     2013 04 20 13 26 29.289     171.1
 2013 04 20 21 37 34.225     2013 04 20 21 41  1.477     207.3
500
 2013 04 20 21 47 25.755     2013 04 20 21 51  5.626     219.9
501
 2013 04 20 21 47 29.357     2013 04 20 21 50 34.523     185.2
502
 2013 04 20 23 15  5.798     2013 04 20 23 18 38.574     212.8
503
 2013 04 20 21 40 11.867     2013 04 20 21 40 17.816       5.9
504
 2013 04 20 11 52 22.331     2013 04 20 11 55 14.764     172.4
 2013 04 20 16 47  1.406     2013 04 20 16 50 53.318     231.9
 2013 04 20 18 25 13.565     2013 04 20 18 28 38.606     205.0
505
 2013 04 20 10 03 40.338     2013 04 20 10 07  4.448     204.1
506
 2013 04 20 15 01 46.899     2013 04 20 15 04 29.625     162.7
 2013 04 20 19 56 29.748     2013 04 20 20 00 15.273     225.5
 2013 04 20 21 34 29.785     2013 04 20 21 38  8.780     219.0
507
 2013 04 20 13 14 37.270     2013 04 20 13 17 19.482     162.2
508
 2013 04 20 11 52  5.905     2013 04 20 11 54 51.153     165.2
 2013 04 20 18 26 21.022     2013 04 20 18 29 13.960     172.9
509
 2013 04 20 13 22 17.546     2013 04 20 13 23 16.672      59.1
510
 2013 04 20 11 46 22.148     2013 04 20 11 49 36.069     193.9
 2013 04 20 20 06 27.937     2013 04 20 20 06 53.383      25.4
511
 2013 04 20 23 22 20.200     2013 04 20 23 24 55.701     155.5
512
 2013 04 20 11 42 21.961     2013 04 20 11 45 38.665     196.7
 2013 04 20 21 44 48.564     2013 04 20 21 47 24.702     156.1
513
 2013 04 20 10 09 24.978     2013 04 20 10 12  5.217     160.2
 2013 04 20 20 08 40.040     2013 04 20 20 12 10.170     210.1
514
 2013 04 20 11 47 11.085     2013 04 20 11 49 58.753     167.7
 2013 04 20 20 03 33.274     2013 04 20 20 06 41.826     188.6
515
 2013 04 20 11 36 49.240     2013 04 20 11 39 28.400     159.2
 2013 04 20 23 24 29.184     2013 04 20 23 27 12.844     163.7
516
 2013 04 20 11 52 10.086     2013 04 20 11 54 50.426     160.3
 2013 04 20 18 25 42.010     2013 04 20 18 28 41.347     179.3
517
 2013 04 20 13 17 12.485     2013 04 20 13 19 47.279     154.8
 2013 04 20 23 18 26.133     2013 04 20 23 21  4.822     158.7
518
 2013 04 20 13 26 35.001     2013 04 20 13 29 33.385     178.4
 2013 04 20 19 59 50.443     2013 04 20 20 02 52.898     182.5
519
 2013 04 20 10 07 37.090     2013 04 20 10 10 15.654     158.6
 2013 04 20 20 09  4.556     2013 04 20 20 12  6.135     181.6
520
 2013 04 20 21 40  6.934     2013 04 20 21 43 39.151     212.2
521
 2013 04 20 10 02 35.189     2013 04 20 10 05  9.984     154.8
 2013 04 20 21 49 45.789     2013 04 20 21 52 48.918     183.1
522
 2013 04 20 14 59 11.977     2013 04 20 15 01 52.256     160.3
 2013 04 20 21 38 38.576     2013 04 20 21 38 40.549       2.0
523
 2013 04 20 11 43  9.178     2013 04 20 11 45 47.560     158.4
 2013 04 20 21 43 56.781     2013 04 20 21 46 36.908     160.1
524
 2013 04 20 10 07 13.172     2013 04 20 10 10  3.153     170.0
 2013 04 20 20 08 41.297     2013 04 20 20 12 13.147     211.8
525
 2013 04 20 10 03 38.371     2013 04 20 10 07 20.297     221.9
 2013 04 20 21 47 22.520     2013 04 20 21 47 26.291       3.8
526
527
 2013 04 20 11 44 29.208     2013 04 20 11 47  4.283     155.1
 2013 04 20 21 42 31.919     2013 04 20 21 43 38.646      66.7
528
 2013 04 20 20 05 35.399     2013 04 20 20 09  8.005     212.6
529
 2013 04 20 13 26 47.780     2013 04 20 13 29 25.285     157.5
 2013 04 20 20 00 29.468     2013 04 20 20 03 29.079     179.6
530
 2013 04 20 11 49 43.632     2013 04 20 11 52 25.731     162.1
531
 2013 04 20 14 59 26.786     2013 04 20 15 03 15.016     228.2
 2013 04 20 21 36  1.991     2013 04 20 21 39 12.823     190.8
532
 2013 04 20 11 41 43.269     2013 04 20 11 42 34.858      51.6
 2013 04 20 21 45 22.789     2013 04 20 21 47 57.715     154.9
533
 2013 04 20 18 30 42.046     2013 04 20 18 31 33.509      51.5
534
 2013 04 20 11 50 19.242     2013 04 20 11 52 56.992     157.7
 2013 04 20 18 25 23.669     2013 04 20 18 29 12.852     229.2
535
 2013 04 20 20 07  1.043     2013 04 20 20 09 59.110     178.1
536
 2013 04 20 10 11  5.785     2013 04 20 10 14  9.559     183.8
537
 2013 04 20 11 42 35.972     2013 04 20 11 45 49.403     193.4
 2013 04 20 21 44 38.757     2013 04 20 21 47 19.692     160.9
538
 2013 04 20 11 41 23.464     2013 04 20 11 44 39.692     196.2
 2013 04 20 21 46  3.531     2013 04 20 21 46 44.839      41.3
539
 2013 04 20 23 22 50.606     2013 04 20 23 25 35.386     164.8
540
 2013 04 20 11 53 57.831     2013 04 20 11 54 42.732      44.9
 2013 04 20 13 28 47.765     2013 04 20 13 32 22.216     214.5
 2013 04 20 18 24 37.314     2013 04 20 18 27 14.879     157.6
541
 2013 04 20 11 51 10.499     2013 04 20 11 55   .213     229.7
 2013 04 20 13 29 12.965     2013 04 20 13 32 46.650     213.7
 2013 04 20 18 24 44.432     2013 04 20 18 27 29.613     165.2
542
 2013 04 20 15 02 55.668     2013 04 20 15 05 35.110     159.4
 2013 04 20 19 57 54.222     2013 04 20 20 00 40.970     166.7
543
 2013 04 20 10 07 23.330     2013 04 20 10 09 59.141     155.8
 2013 04 20 20 09 34.712     2013 04 20 20 12 38.953     184.2
544
 2013 04 20 11 38 30.548     2013 04 20 11 41 36.813     186.3
545
546
 2013 04 20 23 20 32.561     2013 04 20 23 24 15.696     223.1
547
 2013 04 20 11 48 22.135     2013 04 20 11 51 50.014     207.9
 2013 04 20 20 02 50.216     2013 04 20 20 05 43.370     173.2
548
 2013 04 20 10 10  4.524     2013 04 20 10 12 40.335     155.8
 2013 04 20 20 07 42.370     2013 04 20 20 08  9.235      26.9
549
 2013 04 20 13 12 42.776     2013 04 20 13 16 28.951     226.2
550
 2013 04 20 11 39 13.480     2013 04 20 11 42  9.823     176.3
551
 2013 04 20 13 21 22.368     2013 04 20 13 24   .233     157.9
 2013 04 20 21 38 38.645     2013 04 20 21 42 14.720     216.1
552
 2013 04 20 11 40 16.596     2013 04 20 11 40 50.742      34.1
553
 2013 04 20 21 36 43.397     2013 04 20 21 40 17.176     213.8
554
 2013 04 20 10 11 10.009     2013 04 20 10 14 30.362     200.4
555
 2013 04 20 23 20 36.357     2013 04 20 23 23 50.254     193.9
556
 2013 04 20 13 17 17.276     2013 04 20 13 20 35.515     198.2
 2013 04 20 23 19  8.978     2013 04 20 23 21 57.156     168.2
557
 2013 04 20 13 25 52.211     2013 04 20 13 28 30.700     158.5
 2013 04 20 20 00 23.591     2013 04 20 20 03  3.889     160.3
558
 2013 04 20 10 09 51.090     2013 04 20 10 12 55.767     184.7
 2013 04 20 20 07 16.760     2013 04 20 20 10 57.996     221.2
559
560
 2013 04 20 13 26 57.074     2013 04 20 13 28 39.799     102.7
 2013 04 20 20 01 28.176     2013 04 20 20 03 34.910     126.7
561
 2013 04 20 23 21 14.096     2013 04 20 23 21 31.229      17.1
562
 2013 04 20 21 41 56.147     2013 04 20 21 44 44.673     168.5
563
 2013 04 20 11 37 56.240     2013 04 20 11 41 32.573     216.3
 2013 04 20 23 22 21.333     2013 04 20 23 23 51.117      89.8
564
 2013 04 20 11 40 14.107     2013 04 20 11 43  6.393     172.3
565
 2013 04 20 13 23 10.504     2013 04 20 13 24 36.056      85.6
 2013 04 20 21 39  5.762     2013 04 20 21 39 34.930      29.2
566
 2013 04 20 11 40 51.395     2013 04 20 11 43 42.950     171.6
567
 2013 04 20 21 39 40.971     2013 04 20 21 43  9.940     209.0
568
 2013 04 20 11 46 38.457     2013 04 20 11 50  8.845     210.4
 2013 04 20 20 05 11.578     2013 04 20 20 08 12.497     180.9
569
 2013 04 20 10 04  4.674     2013 04 20 10 06 38.817     154.1
570
 2013 04 20 13 22 38.390     2013 04 20 13 26 29.685     231.3
 2013 04 20 21 37 14.022     2013 04 20 21 39 59.984     166.0
571
 2013 04 20 20 09 49.439     2013 04 20 20 09 57.733       8.3
572
 2013 04 20 13 24  5.224     2013 04 20 13 26 59.754     174.5
573
 2013 04 20 13 12 43.186     2013 04 20 13 16  1.034     197.8
574
 2013 04 20 13 23  6.509     2013 04 20 13 26 16.862     190.4
 2013 04 20 21 39  4.026     2013 04 20 21 42 21.370     197.3
575
 2013 04 20 13 18 22.328     2013 04 20 13 21 51.538     209.2
 2013 04 20 23 16 37.805     2013 04 20 23 19 38.975     181.2
576
 2013 04 20 14 59 47.951     2013 04 20 15 03 13.807     205.9
 2013 04 20 21 34  2.879     2013 04 20 21 36 47.739     164.9
577
 2013 04 20 11 37 34.515     2013 04 20 11 41  2.342     207.8
578
 2013 04 20 15 01 52.377     2013 04 20 15 04 36.258     163.9
 2013 04 20 19 56 56.086     2013 04 20 19 56 58.987       2.9
 2013 04 20 21 35  8.226     2013 04 20 21 38 48.906     220.7
579
 2013 04 20 21 46 18.541     2013 04 20 21 49 33.191     194.7
580
 2013 04 20 13 13  6.527     2013 04 20 13 16 29.183     202.7
581
 2013 04 20 11 43 34.935     2013 04 20 11 47  3.460     208.5
 2013 04 20 21 43 43.117     2013 04 20 21 44 34.537      51.4
582
583
 2013 04 20 20 01 32.083     2013 04 20 20 05 20.188     228.1
584
 2013 04 20 11 47 22.503     2013 04 20 11 50 35.689     193.2
 2013 04 20 20 05  4.451     2013 04 20 20 07 41.764     157.3
585
 2013 04 20 10 09  5.411     2013 04 20 10 12 15.094     189.7
 2013 04 20 20 07 55.548     2013 04 20 20 10 46.126     170.6
586
 2013 04 20 13 26 34.481     2013 04 20 13 29 34.585     180.1
 2013 04 20 18 25 21.011     2013 04 20 18 25 23.656       2.6
 2013 04 20 19 59 48.557     2013 04 20 20 02 51.633     183.1
587
 2013 04 20 15 01 25.931     2013 04 20 15 05 13.623     227.7
 2013 04 20 21 36  3.152     2013 04 20 21 39 41.631     218.5
588
 2013 04 20 11 43 41.620     2013 04 20 11 47  5.816     204.2
 2013 04 20 21 43 36.094     2013 04 20 21 44 10.095      34.0
589
 2013 04 20 10 03 51.607     2013 04 20 10 07  8.200     196.6
590
 2013 04 20 11 46 54.835     2013 04 20 11 49 31.997     157.2
 2013 04 20 20 04  5.218     2013 04 20 20 07 32.654     207.4
591
 2013 04 20 10 06  8.141     2013 04 20 10 06 10.194       2.1
592
 2013 04 20 13 19 20.955     2013 04 20 13 21 56.757     155.8
593
 2013 04 20 11 49  8.805     2013 04 20 11 49 36.586      27.8
 2013 04 20 20 01 41.986     2013 04 20 20 01 54.519      12.5
594
 2013 04 20 13 17 42.449     2013 04 20 13 21 14.971     212.5
 2013 04 20 23 17  3.712     2013 04 20 23 19 39.716     156.0
595
 2013 04 20 10 03 12.312     2013 04 20 10 06 49.816     217.5
596
 2013 04 20 13 21 40.196     2013 04 20 13 21 54.076      13.9
 2013 04 20 21 37 19.406     2013 04 20 21 40  8.302     168.9
597
598
 2013 04 20 11 37 11.391     2013 04 20 11 40 50.866     219.5
 2013 04 20 23 23  6.565     2013 04 20 23 26  6.023     179.5
599
 2013 04 20 23 20 49.424     2013 04 20 23 23 39.404     170.0
600
601
 2013 04 20 11 44 16.368     2013 04 20 11 47 52.747     216.4
 2013 04 20 21 41 28.579     2013 04 20 21 45  4.754     216.2
602
 2013 04 20 11 45  4.960     2013 04 20 11 47 48.634     163.7
603
 2013 04 20 13 16 17.632     2013 04 20 13 19 53.816     216.2
 2013 04 20 23 19 48.089     2013 04 20 23 22 23.045     155.0
604
 2013 04 20 11 39 39.649     2013 04 20 11 42 42.116     182.5
605
 2013 04 20 11 39 59.504     2013 04 20 11 42 39.596     160.1
606
 2013 04 20 11 48 58.071     2013 04 20 11 52  7.861     189.8
 2013 04 20 20 02 41.672     2013 04 20 20 06  9.302     207.6
607
 2013 04 20 10 11 34.143     2013 04 20 10 12  2.451      28.3
 2013 04 20 20 07 42.188     2013 04 20 20 10 21.598     159.4
608
 2013 04 20 21 36 42.597     2013 04 20 21 39 31.083     168.5
609
 2013 04 20 11 44 31.711     2013 04 20 11 47  7.355     155.6
 2013 04 20 21 42 32.612     2013 04 20 21 43  4.703      32.1
610
 2013 04 20 23 22 58.022     2013 04 20 23 25 33.123     155.1
611
 2013 04 20 13 28 51.696     2013 04 20 13 32  2.860     191.2
 2013 04 20 18 24 19.182     2013 04 20 18 26 56.824     157.6
612
 2013 04 20 20 12 56.486     2013 04 20 20 15 45.457     169.0
613
 2013 04 20 14 59  7.870     2013 04 20 15 02 12.941     185.1
 2013 04 20 21 38 38.330     2013 04 20 21 39  6.593      28.3
614
 2013 04 20 11 44 13.822     2013 04 20 11 47 33.600     199.8
615
 2013 04 20 15 02 58.614     2013 04 20 15 05 54.864     176.2
 2013 04 20 19 58 21.161     2013 04 20 20 01  8.610     167.4
616
 2013 04 20 13 20 26.944     2013 04 20 13 23 22.466     175.5
617
 2013 04 20 11 47 17.138     2013 04 20 11 47 56.131      39.0
 2013 04 20 21 41 27.878     2013 04 20 21 44 41.989     194.1
618
 2013 04 20 11 46 32.473     2013 04 20 11 49 56.346     203.9
 2013 04 20 20 02 46.681     2013 04 20 20 06 31.961     225.3
619
 2013 04 20 11 50 10.547     2013 04 20 11 53 48.456     217.9
 2013 04 20 18 26 37.466     2013 04 20 18 30  4.802     207.3
620
 2013 04 20 11 42 33.004     2013 04 20 11 45 40.015     187.0
 2013 04 20 21 43  2.415     2013 04 20 21 45 46.582     164.2
621
 2013 04 20 13 19  9.286     2013 04 20 13 21 58.825     169.5
622
 2013 04 20 13 21 15.864     2013 04 20 13 24  4.274     168.4
 2013 04 20 21 37 50.928     2013 04 20 21 41 40.932     230.0
623
 2013 04 20 11 50 37.670     2013 04 20 11 54  4.815     207.1
 2013 04 20 18 24 53.181     2013 04 20 18 27 38.655     165.5
624
 2013 04 20 13 15 46.184     2013 04 20 13 18 30.192     164.0
625
 2013 04 20 11 49 42.337     2013 04 20 11 52 43.036     180.7
626
627
 2013 04 20 11 38 10.543     2013 04 20 11 41 37.248     206.7
 2013 04 20 23 22 13.291     2013 04 20 23 22 29.179      15.9
628
629
 2013 04 20 10 08  4.659     2013 04 20 10 11 46.772     222.1
 2013 04 20 20 07 58.138     2013 04 20 20 10 36.255     158.1
630
 2013 04 20 15 02  8.752     2013 04 20 15 04 47.407     158.7
 2013 04 20 19 56 57.884     2013 04 20 20 00 23.221     205.3
 2013 04 20 21 34 27.758     2013 04 20 21 34 47.633      19.9
631
 2013 04 20 11 42 42.341     2013 04 20 11 45 17.601     155.3
 2013 04 20 21 43 48.209     2013 04 20 21 46 25.666     157.5
632
 2013 04 20 11 48 11.936     2013 04 20 11 50 48.623     156.7
 2013 04 20 20 04 11.846     2013 04 20 20 06 49.837     158.0
633
 2013 04 20 13 23 32.412     2013 04 20 13 26 32.509     180.1
 2013 04 20 21 38 37.905     2013 04 20 21 42 22.766     224.9
634
 2013 04 20 13 22 20.918     2013 04 20 13 23 11.218      50.3
 2013 04 20 23 15 17.361     2013 04 20 23 15 26.730       9.4
635
 2013 04 20 13 19 37.625     2013 04 20 13 22 15.826     158.2
636
 2013 04 20 15 02 43.476     2013 04 20 15 05 21.304     157.8
 2013 04 20 19 57 36.525     2013 04 20 20 00 29.102     172.6
637
 2013 04 20 11 51  3.802     2013 04 20 11 54  1.329     177.5
 2013 04 20 18 26 31.769     2013 04 20 18 29 17.826     166.1
638
 2013 04 20 20 05 24.765     2013 04 20 20 08 43.169     198.4
639
 2013 04 20 13 21 41.291     2013 04 20 13 24 30.415     169.1
 2013 04 20 21 39 10.612     2013 04 20 21 42 10.307     179.7
640
 2013 04 20 10 03   .536     2013 04 20 10 05 38.733     158.2
 2013 04 20 21 49 12.638     2013 04 20 21 52 39.778     207.1
641
 2013 04 20 11 50 19.120     2013 04 20 11 53  5.042     165.9
 2013 04 20 18 24 59.218     2013 04 20 18 28 35.634     216.4
642
 2013 04 20 23 21  1.789     2013 04 20 23 23 39.865     158.1
643
 2013 04 20 13 18  9.999     2013 04 20 13 20 50.623     160.6
 2013 04 20 23 17 42.434     2013 04 20 23 20 29.687     167.3
644
 2013 04 20 11 48 23.883     2013 04 20 11 51 59.375     215.5
 2013 04 20 20 02 41.891     2013 04 20 20 05 39.493     177.6
645
 2013 04 20 11 49  4.552     2013 04 20 11 51 41.130     156.6
 2013 04 20 20 03 32.507     2013 04 20 20 06 58.234     205.7
646
 2013 04 20 10 06 10.096     2013 04 20 10 06 26.952      16.9
 2013 04 20 20 11  7.610     2013 04 20 20 14   .360     172.7
647
 2013 04 20 23 20 37.174     2013 04 20 23 23 18.304     161.1
648
649
 2013 04 20 21 41   .383     2013 04 20 21 44 46.013     225.6
650
 2013 04 20 20 06 47.124     2013 04 20 20 09 36.268     169.1
651
652
 2013 04 20 11 37 54.024     2013 04 20 11 40 50.229     176.2
 2013 04 20 23 23  2.923     2013 04 20 23 25 34.406     151.5
653
 2013 04 20 13 15 44.067     2013 04 20 13 18 24.760     160.7
 2013 04 20 23 21 31.975     2013 04 20 23 22 42.043      70.1
654
 2013 04 20 10 06  4.096     2013 04 20 10 08 39.625     155.5
655
 2013 04 20 10 05 48.036     2013 04 20 10 09 16.637     208.6
656
 2013 04 20 13 17  2.834     2013 04 20 13 20  1.043     178.2
 2013 04 20 23 17 45.714     2013 04 20 23 20 33.488     167.8
657
 2013 04 20 20 06 56.043     2013 04 20 20 07  6.088      10.0
658
 2013 04 20 23 16  4.642     2013 04 20 23 18 55.628     171.0
659
 2013 04 20 11 49 10.276     2013 04 20 11 50 13.152      62.9
 2013 04 20 20 02 21.206     2013 04 20 20 03 44.162      83.0
660
661
662
 2013 04 20 11 46 21.968     2013 04 20 11 47  3.254      41.3
 2013 04 20 20 05 34.345     2013 04 20 20 08 30.789     176.4
663
 2013 04 20 11 37 39.717     2013 04 20 11 40 20.459     160.7
 2013 04 20 23 24   .613     2013 04 20 23 24 20.797      20.2
664
 2013 04 20 11 44 38.683     2013 04 20 11 47 31.040     172.4
665
 2013 04 20 20 11 54.720     2013 04 20 20 14 47.050     172.3
666
 2013 04 20 14 57 58.563     2013 04 20 14 58  3.834       5.3
667
 2013 04 20 11 38 42.264     2013 04 20 11 41 24.235     162.0
668
 2013 04 20 14 59 25.920     2013 04 20 15 02 30.344     184.4
 2013 04 20 21 33 56.600     2013 04 20 21 37 18.213     201.6
669
 2013 04 20 13 25  6.000     2013 04 20 13 28 46.140     220.1
 2013 04 20 20 01 29.814     2013 04 20 20 04 28.938     179.1
670
 2013 04 20 11 41 51.089     2013 04 20 11 44 28.087     157.0
 2013 04 20 21 43 39.532     2013 04 20 21 47  3.075     203.5
671
 2013 04 20 11 49 54.864     2013 04 20 11 52 47.174     172.3
672
 2013 04 20 11 47  4.735     2013 04 20 11 50 27.063     202.3
 2013 04 20 20 03  3.648     2013 04 20 20 06  6.098     182.4
673
 2013 04 20 13 18  7.308     2013 04 20 13 21 32.954     205.6
 2013 04 20 23 16 53.711     2013 04 20 23 19 41.313     167.6
674
 2013 04 20 20 05 42.758     2013 04 20 20 08 27.315     164.6
675
 2013 04 20 13 19 16.019     2013 04 20 13 22 31.565     195.5
676
677
 2013 04 20 11 40 47.120     2013 04 20 11 43 21.285     154.2
678
 2013 04 20 11 41  6.166     2013 04 20 11 44 36.047     209.9
 2013 04 20 21 45 13.091     2013 04 20 21 48 15.029     181.9
679
 2013 04 20 13 15   .954     2013 04 20 13 17 50.453     169.5
680
 2013 04 20 11 49 22.959     2013 04 20 11 50 26.519      63.6
 2013 04 20 20 02 29.166     2013 04 20 20 06   .746     211.6
681
 2013 04 20 20 06 12.362     2013 04 20 20 09 23.262     190.9
682
 2013 04 20 11 44 13.437     2013 04 20 11 47 51.213     217.8
 2013 04 20 21 41 30.374     2013 04 20 21 45  3.027     212.7
683
 2013 04 20 11 48 43.448     2013 04 20 11 48 46.067       2.6
 2013 04 20 21 40 35.993     2013 04 20 21 40 56.085      20.1
684
 2013 04 20 11 38  8.112     2013 04 20 11 41  5.053     176.9
685
 2013 04 20 13 13 22.399     2013 04 20 13 16 50.953     208.6
686
 2013 04 20 13 18 28.967     2013 04 20 13 21 10.520     161.6
 2013 04 20 23 17 24.871     2013 04 20 23 20 28.823     184.0
687
 2013 04 20 23 23 18.507     2013 04 20 23 25 58.874     160.4
688
 2013 04 20 11 46 16.564     2013 04 20 11 46 48.094      31.5
 2013 04 20 21 42 14.024     2013 04 20 21 44 49.599     155.6
689
 2013 04 20 11 48 46.639     2013 04 20 11 51 23.588     156.9
 2013 04 20 20 03 52.726     2013 04 20 20 06 57.445     184.7
690
 2013 04 20 13 22 16.061     2013 04 20 13 25 32.578     196.5
 2013 04 20 21 37 48.468     2013 04 20 21 40 26.084     157.6
691
 2013 04 20 21 45 14.174     2013 04 20 21 45 55.824      41.6
692
 2013 04 20 13 19  5.747     2013 04 20 13 20 26.149      80.4
693
 2013 04 20 11 43 21.368     2013 04 20 11 45 59.270     157.9
 2013 04 20 21 43 23.546     2013 04 20 21 46  2.818     159.3
694
695
 2013 04 20 13 21  6.642     2013 04 20 13 23 43.448     156.8
 2013 04 20 21 41 43.832     2013 04 20 21 42 27.903      44.1
696
697
 2013 04 20 10 05 14.530     2013 04 20 10 08  1.234     166.7
698
 2013 04 20 13 17 51.376     2013 04 20 13 20 34.620     163.2
 2013 04 20 23 18 30.191     2013 04 20 23 21 19.511     169.3
699
 2013 04 20 11 40   .016     2013 04 20 11 42 45.027     165.0
700
 2013 04 20 10 06  9.472     2013 04 20 10 07 14.068      64.6
 2013 04 20 20 10 58.001     2013 04 20 20 14  1.192     183.2
701
 2013 04 20 11 50 53.178     2013 04 20 11 51 33.044      39.9
 2013 04 20 13 28 58.157     2013 04 20 13 32 33.081     214.9
 2013 04 20 18 24 41.779     2013 04 20 18 27 20.663     158.9
702
 2013 04 20 10 05 30.958     2013 04 20 10 05 44.150      13.2
 2013 04 20 21 48 51.812     2013 04 20 21 51 25.495     153.7
703
 2013 04 20 11 38 44.044     2013 04 20 11 41 17.976     153.9
704
 2013 04 20 13 21 51.943     2013 04 20 13 25  7.879     195.9
 2013 04 20 21 39 40.868     2013 04 20 21 42 19.219     158.4
705
 2013 04 20 23 21 11.967     2013 04 20 23 24 47.027     215.1
706
 2013 04 20 11 40 22.386     2013 04 20 11 43  4.280     161.9
707
708
709
 2013 04 20 21 36 38.123     2013 04 20 21 40  8.419     210.3
710
 2013 04 20 15 00 19.381     2013 04 20 15 01 33.045      73.7
 2013 04 20 21 36 31.741     2013 04 20 21 39  9.379     157.6
711
 2013 04 20 11 51 47.067     2013 04 20 11 54 37.271     170.2
 2013 04 20 18 26 31.505     2013 04 20 18 29 12.335     160.8
712
713
 2013 04 20 23 15  8.880     2013 04 20 23 17 47.806     158.9
714
 2013 04 20 11 43 55.449     2013 04 20 11 47 29.790     214.3
715
 2013 04 20 10 08 28.119     2013 04 20 10 11 42.055     193.9
 2013 04 20 20 09 43.496     2013 04 20 20 12 45.588     182.1
716
 2013 04 20 21 47 44.187     2013 04 20 21 51 18.200     214.0
717
 2013 04 20 21 51 53.435     2013 04 20 21 52  6.241      12.8
718
719
 2013 04 20 23 16 39.447     2013 04 20 23 19 17.175     157.7
720
 2013 04 20 14 58 16.234     2013 04 20 14 59 22.159      65.9
721
 2013 04 20 23 20 32.681     2013 04 20 23 23 26.868     174.2
722
 2013 04 20 13 24 20.573     2013 04 20 13 24 26.413       5.8
 2013 04 20 15 02 16.110     2013 04 20 15 02 49.082      33.0
 2013 04 20 19 58 45.610     2013 04 20 20 02  3.863     198.3
723
 2013 04 20 13 13 32.502     2013 04 20 13 16 23.196     170.7
724
 2013 04 20 11 37 10.867     2013 04 20 11 39 47.483     156.6
 2013 04 20 23 24 14.457     2013 04 20 23 27 16.931     182.5
725
 2013 04 20 10 04 44.671     2013 04 20 10 07 57.922     193.3
726
 2013 04 20 21 44 54.027     2013 04 20 21 48  6.518     192.5
727
 2013 04 20 13 26 54.618     2013 04 20 13 29 46.507     171.9
 2013 04 20 18 21 33.189     2013 04 20 18 23   .802      87.6
 2013 04 20 19 59 49.705     2013 04 20 20 03 11.472     201.8
728
 2013 04 20 15 00 36.244     2013 04 20 15 04  7.813     211.6
 2013 04 20 21 36 14.745     2013 04 20 21 38 54.152     159.4
729
 2013 04 20 21 49 42.568     2013 04 20 21 50 36.200      53.6
730
 2013 04 20 20 09 45.422     2013 04 20 20 10 20.943      35.5
731
732
733
 2013 04 20 10 06 54.406     2013 04 20 10 09 36.114     161.7
 2013 04 20 20 11 43.443     2013 04 20 20 12 45.068      61.6
734
 2013 04 20 13 19 49.214     2013 04 20 13 22 42.639     173.4
735
 2013 04 20 20 02 14.137     2013 04 20 20 04 56.762     162.6
736
 2013 04 20 11 46 30.011     2013 04 20 11 49 58.321     208.3
 2013 04 20 20 05  6.286     2013 04 20 20 08 18.612     192.3
737
 2013 04 20 13 20 52.553     2013 04 20 13 23 45.840     173.3
 2013 04 20 21 42 16.901     2013 04 20 21 42 56.002      39.1
738
 2013 04 20 20 05   .931     2013 04 20 20 05 44.503      43.6
739
 2013 04 20 21 49 35.539     2013 04 20 21 50 38.684      63.1
740
 2013 04 20 11 40   .737     2013 04 20 11 43 13.118     192.4
741
 2013 04 20 11 41 32.675     2013 04 20 11 44  6.959     154.3
 2013 04 20 21 43 53.294     2013 04 20 21 47 33.678     220.4
742
 2013 04 20 11 50 26.540     2013 04 20 11 51 18.064      51.5
 2013 04 20 20 02 44.195     2013 04 20 20 05 24.792     160.6
743
 2013 04 20 11 46  3.635     2013 04 20 11 49 10.449     186.8
744
 2013 04 20 23 25  2.081     2013 04 20 23 26  7.113      65.0
745
 2013 04 20 11 48 22.611     2013 04 20 11 51  7.775     165.2
 2013 04 20 20 04 23.033     2013 04 20 20 07 11.582     168.5
746
 2013 04 20 11 40 57.183     2013 04 20 11 43 37.817     160.6
747
 2013 04 20 21 46 34.460     2013 04 20 21 49  9.481     155.0
748
 2013 04 20 23 22 42.361     2013 04 20 23 25 16.973     154.6
749
 2013 04 20 23 22 19.697     2013 04 20 23 25 56.105     216.4
750
 2013 04 20 23 16 23.052     2013 04 20 23 18 59.483     156.4
751
 2013 04 20 10 03 44.667     2013 04 20 10 06 20.580     155.9
752
 2013 04 20 21 40 54.005     2013 04 20 21 43 43.080     169.1
753
 2013 04 20 13 16 57.257     2013 04 20 13 17  8.483      11.2
 2013 04 20 23 19 27.987     2013 04 20 23 22 37.459     189.5
754
 2013 04 20 23 22 47.865     2013 04 20 23 25 53.972     186.1
755
 2013 04 20 11 50 16.919     2013 04 20 11 51  2.489      45.6
 2013 04 20 18 27  6.517     2013 04 20 18 30 10.915     184.4
756
 2013 04 20 21 40  2.260     2013 04 20 21 40 17.176      14.9
757
758
 2013 04 20 13 18 18.925     2013 04 20 13 18 51.647      32.7
759
 2013 04 20 21 36 21.267     2013 04 20 21 37 20.432      59.2
760
 2013 04 20 13 25 21.414     2013 04 20 13 28   .086     158.7
 2013 04 20 20 00 24.557     2013 04 20 20 03 33.147     188.6
761
 2013 04 20 21 45 27.957     2013 04 20 21 48 19.550     171.6
762
 2013 04 20 21 46 36.260     2013 04 20 21 50  9.994     213.7
763
 2013 04 20 23 21 13.091     2013 04 20 23 21 59.217      46.1
764
 2013 04 20 11 47 18.522     2013 04 20 11 50 41.980     203.5
 2013 04 20 20 05 12.108     2013 04 20 20 07 48.698     156.6
765
 2013 04 20 11 50  9.870     2013 04 20 11 52 54.864     165.0
 2013 04 20 18 25 32.260     2013 04 20 18 25 35.569       3.3
766
 2013 04 20 20 05 34.859     2013 04 20 20 09 22.588     227.7
767
 2013 04 20 10 01 57.139     2013 04 20 10 05 34.682     217.5
 2013 04 20 21 49  6.073     2013 04 20 21 51 40.983     154.9
768
 2013 04 20 11 47 25.206     2013 04 20 11 50 19.672     174.5
 2013 04 20 20 04 47.302     2013 04 20 20 07 28.917     161.6
769
 2013 04 20 15 01   .053     2013 04 20 15 04 47.358     227.3
 2013 04 20 21 36 16.894     2013 04 20 21 39 20.161     183.3
770
 2013 04 20 13 18 38.119     2013 04 20 13 19 53.364      75.2
771
 2013 04 20 10 03 13.539     2013 04 20 10 06 17.203     183.7
 2013 04 20 21 48 28.081     2013 04 20 21 52  5.176     217.1
772
 2013 04 20 10 09  2.994     2013 04 20 10 11 43.220     160.2
 2013 04 20 20 08 33.538     2013 04 20 20 11 21.923     168.4
773
 2013 04 20 10 05 35.183     2013 04 20 10 08 39.430     184.2
774
 2013 04 20 13 19 58.068     2013 04 20 13 22 33.840     155.8
775
 2013 04 20 15 00 57.462     2013 04 20 15 03 34.840     157.4
 2013 04 20 21 35 10.020     2013 04 20 21 37 50.645     160.6
776
 2013 04 20 20 06 18.100     2013 04 20 20 08 54.106     156.0
777
 2013 04 20 13 17 52.132     2013 04 20 13 20 47.942     175.8
 2013 04 20 23 18 34.976     2013 04 20 23 21 36.568     181.6
778
779
 2013 04 20 13 22 58.899     2013 04 20 13 25 35.459     156.6
 2013 04 20 21 38 32.190     2013 04 20 21 41 15.523     163.3
780
781
 2013 04 20 10 06 11.206     2013 04 20 10 08 50.613     159.4
782
 2013 04 20 13 28 30.106     2013 04 20 13 31 34.706     184.6
 2013 04 20 18 24   .153     2013 04 20 18 26 43.838     163.7
783
 2013 04 20 13 20 46.356     2013 04 20 13 23 57.416     191.1
784
 2013 04 20 10 04  5.010     2013 04 20 10 07 25.743     200.7
785
 2013 04 20 13 25 48.379     2013 04 20 13 28 58.645     190.3
 2013 04 20 20 01 22.869     2013 04 20 20 04  1.152     158.3
786
 2013 04 20 10 10   .993     2013 04 20 10 13 45.959     225.0
 2013 04 20 20 06 25.122     2013 04 20 20 06 55.397      30.3
787
 2013 04 20 23 22 17.777     2013 04 20 23 25 16.342     178.6
788
 2013 04 20 21 40 28.610     2013 04 20 21 43 45.356     196.7
789
 2013 04 20 21 40 37.382     2013 04 20 21 43 14.972     157.6
790
 2013 04 20 11 44 56.301     2013 04 20 11 47 38.190     161.9
791
 2013 04 20 11 40 50.004     2013 04 20 11 44  1.284     191.3
 2013 04 20 21 44 51.868     2013 04 20 21 48 32.066     220.2
792
793
 2013 04 20 20 13  9.686     2013 04 20 20 16 45.315     215.6
794
795
 2013 04 20 11 48 17.139     2013 04 20 11 51   .212     163.1
 2013 04 20 20 03 43.182     2013 04 20 20 06 22.654     159.5
796
 2013 04 20 11 44 29.486     2013 04 20 11 48  3.976     214.5
797
798
 2013 04 20 13 21  8.146     2013 04 20 13 24 21.975     193.8
 2013 04 20 21 39 27.272     2013 04 20 21 42 46.627     199.4
799
 2013 04 20 11 44 32.359     2013 04 20 11 45 33.603      61.2
 2013 04 20 21 42 18.493     2013 04 20 21 45 50.749     212.3
800
 2013 04 20 23 15 22.292     2013 04 20 23 18  9.961     167.7
801
 2013 04 20 14 59 36.627     2013 04 20 15 02 14.770     158.1
 2013 04 20 21 34 26.112     2013 04 20 21 37 57.939     211.8
802
 2013 04 20 20 06  7.785     2013 04 20 20 09 17.278     189.5
803
 2013 04 20 10 03 10.941     2013 04 20 10 05 47.764     156.8
 2013 04 20 21 49 18.575     2013 04 20 21 49 42.896      24.3
804
 2013 04 20 15 01 39.541     2013 04 20 15 05 26.999     227.5
 2013 04 20 21 35 54.056     2013 04 20 21 36 50.069      56.0
805
 2013 04 20 20 12 22.764     2013 04 20 20 15 20.898     178.1
806
 2013 04 20 13 16 44.073     2013 04 20 13 19 31.263     167.2
 2013 04 20 23 19  5.898     2013 04 20 23 21 47.646     161.7
807
 2013 04 20 10 08  8.951     2013 04 20 10 11 22.075     193.1
 2013 04 20 20 08 21.150     2013 04 20 20 10 59.574     158.4
808
 2013 04 20 15 01 10.665     2013 04 20 15 04 24.726     194.1
 2013 04 20 16 38 51.358     2013 04 20 16 42 43.542     232.2
 2013 04 20 19 55 48.978     2013 04 20 19 59 39.831     230.9
 2013 04 20 21 34  5.853     2013 04 20 21 37 21.665     195.8
809
 2013 04 20 13 23 58.880     2013 04 20 13 26 59.407     180.5
 2013 04 20 21 37  2.088     2013 04 20 21 37 42.097      40.0
810
 2013 04 20 10 11 34.573     2013 04 20 10 14 35.274     180.7
811
 2013 04 20 13 15 30.781     2013 04 20 13 18 35.960     185.2
812
 2013 04 20 15 00 54.211     2013 04 20 15 04  7.072     192.9
 2013 04 20 21 35 59.871     2013 04 20 21 38 44.822     165.0
813
814
 2013 04 20 21 46 53.311     2013 04 20 21 49 32.518     159.2
815
 2013 04 20 14 58 55.944     2013 04 20 15 01 48.595     172.7
816
 2013 04 20 13 25 18.472     2013 04 20 13 26 15.408      56.9
 2013 04 20 21 37 16.543     2013 04 20 21 39 53.702     157.2
817
818
 2013 04 20 10 07 46.247     2013 04 20 10 11  7.821     201.6
 2013 04 20 20 08 15.930     2013 04 20 20 11  7.801     171.9
819
 2013 04 20 11 49 16.172     2013 04 20 11 51 58.411     162.2
 2013 04 20 20 03  3.497     2013 04 20 20 06 45.426     221.9
820
 2013 04 20 11 45  6.663     2013 04 20 11 47 51.974     165.3
821
 2013 04 20 23 22 20.972     2013 04 20 23 25 58.823     217.9
822
 2013 04 20 11 41  4.424     2013 04 20 11 43 38.575     154.2
823
 2013 04 20 10 11  1.935     2013 04 20 10 14 26.933     205.0
824
 2013 04 20 23 23 13.749     2013 04 20 23 25 49.909     156.2
825
 2013 04 20 13 15 22.050     2013 04 20 13 18 49.872     207.8
826
 2013 04 20 13 12  8.469     2013 04 20 13 12 27.238      18.8
827
 2013 04 20 23 21 53.252     2013 04 20 23 24 57.869     184.6
828
 2013 04 20 21 46 16.898     2013 04 20 21 49 58.337     221.4
829
 2013 04 20 13 28 30.051     2013 04 20 13 31 46.289     196.2
 2013 04 20 18 24 11.273     2013 04 20 18 26 54.310     163.0
830
 2013 04 20 14 59 50.709     2013 04 20 15 02 43.142     172.4
 2013 04 20 21 35 20.365     2013 04 20 21 38 29.917     189.6
831
832
 2013 04 20 23 23 13.552     2013 04 20 23 26   .834     167.3
833
 2013 04 20 10 05 22.452     2013 04 20 10 08  7.002     164.5
834
835
 2013 04 20 11 45 13.189     2013 04 20 11 47 54.567     161.4
836
 2013 04 20 13 20 30.931     2013 04 20 13 23 19.519     168.6
837
 2013 04 20 13 27 55.916     2013 04 20 13 31 41.383     225.5
 2013 04 20 18 24  7.807     2013 04 20 18 27 14.778     187.0
838
 2013 04 20 15 00 45.545     2013 04 20 15 03 25.652     160.1
 2013 04 20 21 35 24.040     2013 04 20 21 38  1.290     157.2
839
 2013 04 20 13 27 21.071     2013 04 20 13 31  4.642     223.6
 2013 04 20 18 23 27.278     2013 04 20 18 27 21.254     234.0
840
 2013 04 20 23 21 25.136     2013 04 20 23 24 10.256     165.1
841
 2013 04 20 11 37 47.361     2013 04 20 11 41  6.048     198.7
 2013 04 20 23 22 47.991     2013 04 20 23 26 25.154     217.2
842
 2013 04 20 13 22  9.957     2013 04 20 13 25 16.825     186.9
 2013 04 20 21 39 32.544     2013 04 20 21 42  8.344     155.8
843
 2013 04 20 21 36 36.819     2013 04 20 21 39 25.903     169.1
844
 2013 04 20 10 11 51.087     2013 04 20 10 11 59.222       8.1
 2013 04 20 20 07 38.714     2013 04 20 20 10 22.778     164.1
845
 2013 04 20 23 21  1.971     2013 04 20 23 24  2.647     180.7
846
 2013 04 20 13 23  7.255     2013 04 20 13 26 42.482     215.2
 2013 04 20 21 37  9.787     2013 04 20 21 40 17.194     187.4
847
 2013 04 20 13 17 21.005     2013 04 20 13 19 55.574     154.6
 2013 04 20 23 18 27.761     2013 04 20 23 21  3.131     155.4
848
 2013 04 20 11 46 27.011     2013 04 20 11 49  2.877     155.9
 2013 04 20 20 07 49.244     2013 04 20 20 07 49.943        .7
849
 2013 04 20 13 19 57.768     2013 04 20 13 22 33.143     155.4
850
 2013 04 20 13 23 38.517     2013 04 20 13 24 26.484      48.0
851
852
 2013 04 20 11 51 35.139     2013 04 20 11 54 24.367     169.2
 2013 04 20 18 26 30.606     2013 04 20 18 29  7.836     157.2
853
 2013 04 20 10 06 30.428     2013 04 20 10 07 30.147      59.7
854
 2013 04 20 13 21 49.419     2013 04 20 13 24 36.588     167.2
 2013 04 20 21 38  9.727     2013 04 20 21 41 13.700     184.0
855
 2013 04 20 13 25 15.987     2013 04 20 13 28 10.025     174.0
 2013 04 20 20 00 48.000     2013 04 20 20 03 57.378     189.4
856
 2013 04 20 11 36 36.814     2013 04 20 11 39 51.744     194.9
 2013 04 20 23 23 57.092     2013 04 20 23 26 33.009     155.9
857
 2013 04 20 10 07 51.833     2013 04 20 10 08 11.205      19.4
 2013 04 20 20 10 16.843     2013 04 20 20 13 27.150     190.3
858
 2013 04 20 11 46   .346     2013 04 20 11 48 48.245     167.9
859
 2013 04 20 13 21 44.016     2013 04 20 13 24 23.515     159.5
 2013 04 20 21 38 19.463     2013 04 20 21 41 31.696     192.2
860
 2013 04 20 14 58 22.374     2013 04 20 15 02   .411     218.0
861
 2013 04 20 10 08 52.333     2013 04 20 10 12  1.496     189.2
 2013 04 20 20 08  5.793     2013 04 20 20 10 47.427     161.6
862
 2013 04 20 11 48 38.204     2013 04 20 11 52 24.905     226.7
 2013 04 20 20 02 20.298     2013 04 20 20 05 39.696     199.4
863
 2013 04 20 23 15 31.021     2013 04 20 23 18 36.690     185.7
864
 2013 04 20 11 42 50.023     2013 04 20 11 44  9.537      79.5
 2013 04 20 21 44 28.539     2013 04 20 21 47 53.844     205.3
865
 2013 04 20 21 47 23.603     2013 04 20 21 50 47.468     203.9
866
 2013 04 20 11 45 56.865     2013 04 20 11 48 34.097     157.2
867
 2013 04 20 11 54 35.690     2013 04 20 11 54 45.048       9.4
 2013 04 20 13 28 46.966     2013 04 20 13 32 14.569     207.6
 2013 04 20 18 24 31.335     2013 04 20 18 27  8.982     157.6
868
 2013 04 20 11 43 57.989     2013 04 20 11 46 34.178     156.2
 2013 04 20 21 43 11.087     2013 04 20 21 46 31.540     200.5
869
 2013 04 20 13 25 22.813     2013 04 20 13 28 30.838     188.0
 2013 04 20 19 59 41.511     2013 04 20 20 02 27.396     165.9
870
 2013 04 20 10 10 44.617     2013 04 20 10 14  3.873     199.3
871
 2013 04 20 10 04 26.302     2013 04 20 10 07  2.041     155.7
872
 2013 04 20 15 01 14.363     2013 04 20 15 04 13.382     179.0
 2013 04 20 21 35 43.639     2013 04 20 21 38 41.208     177.6
873
 2013 04 20 20 11 44.237     2013 04 20 20 14 27.575     163.3
874
 2013 04 20 14 59 23.161     2013 04 20 15 03 15.362     232.2
 2013 04 20 21 36  2.941     2013 04 20 21 39 16.231     193.3
875
 2013 04 20 13 23 13.999     2013 04 20 13 26 33.270     199.3
 2013 04 20 21 37 20.638     2013 04 20 21 40 28.914     188.3
876
 2013 04 20 20 05 20.327     2013 04 20 20 08 34.485     194.2
877
 2013 04 20 20 05 53.806     2013 04 20 20 08 41.881     168.1
878
 2013 04 20 13 14 36.906     2013 04 20 13 17 19.254     162.3
879
 2013 04 20 21 46  7.149     2013 04 20 21 46 33.036      25.9
880
 2013 04 20 13 27 44.080     2013 04 20 13 30 35.557     171.5
 2013 04 20 18 23  2.448     2013 04 20 18 26 31.880     209.4
881
 2013 04 20 20 06 22.891     2013 04 20 20 06 35.764      12.9
882
 2013 04 20 21 36 46.119     2013 04 20 21 39 37.713     171.6
883
 2013 04 20 10 02 22.489     2013 04 20 10 05 49.221     206.7
 2013 04 20 21 48 56.986     2013 04 20 21 51 43.515     166.5
884
 2013 04 20 10 08 31.584     2013 04 20 10 11 13.671     162.1
 2013 04 20 20 09 29.185     2013 04 20 20 12 10.069     160.9
885
 2013 04 20 13 22 18.172     2013 04 20 13 25 30.134     192.0
 2013 04 20 21 37 52.052     2013 04 20 21 40 29.528     157.5
886
 2013 04 20 23 21  6.770     2013 04 20 23 24 44.251     217.5
887
 2013 04 20 15 03 47.258     2013 04 20 15 07   .531     193.3
 2013 04 20 19 59  2.046     2013 04 20 20 01 45.600     163.6
888
 2013 04 20 15 00 19.029     2013 04 20 15 03 11.357     172.3
 2013 04 20 21 35 36.873     2013 04 20 21 38 19.880     163.0
889
 2013 04 20 15 01 12.915     2013 04 20 15 03 52.978     160.1
 2013 04 20 21 34 53.135     2013 04 20 21 37 46.627     173.5
890
 2013 04 20 11 46   .349     2013 04 20 11 49 16.051     195.7
 2013 04 20 20 08 22.670     2013 04 20 20 08 44.836      22.2
891
 2013 04 20 10 02 34.684     2013 04 20 10 05  8.530     153.8
 2013 04 20 21 49 49.562     2013 04 20 21 52 54.392     184.8
892
 2013 04 20 10 05 21.091     2013 04 20 10 07 59.595     158.5
893
894
 2013 04 20 11 46 52.881     2013 04 20 11 49 31.122     158.2
 2013 04 20 20 03 39.573     2013 04 20 20 07 15.145     215.6
895
 2013 04 20 11 40 28.585     2013 04 20 11 43 19.569     171.0
896
 2013 04 20 21 40 36.891     2013 04 20 21 43 37.444     180.6
897
 2013 04 20 10 09 29.385     2013 04 20 10 12 25.189     175.8
 2013 04 20 20 08 38.920     2013 04 20 20 09 28.256      49.3
898
 2013 04 20 10 06 36.266     2013 04 20 10 10  1.380     205.1
 2013 04 20 20 10 35.170     2013 04 20 20 13 36.776     181.6
899
900
 2013 04 20 11 37 13.758     2013 04 20 11 40 26.238     192.5
901
 2013 04 20 13 27 17.011     2013 04 20 13 30 44.181     207.2
 2013 04 20 18 23  6.924     2013 04 20 18 23 10.768       3.8
 2013 04 20 20 01  4.317     2013 04 20 20 01 36.243      31.9
902
 2013 04 20 20 06 10.860     2013 04 20 20 09 56.482     225.6
903
 2013 04 20 11 49 37.845     2013 04 20 11 53  2.278     204.4
904
905
 2013 04 20 20 05 44.129     2013 04 20 20 05 44.959        .8
906
 2013 04 20 13 23 51.786     2013 04 20 13 27  7.144     195.4
907
 2013 04 20 21 46 45.337     2013 04 20 21 49 46.236     180.9
908
 2013 04 20 21 36  8.143     2013 04 20 21 39 40.811     212.7
909
910
 2013 04 20 13 14 24.664     2013 04 20 13 16 59.512     154.8
911
912
 2013 04 20 11 42 52.387     2013 04 20 11 45 27.682     155.3
 2013 04 20 21 43 58.627     2013 04 20 21 46 32.967     154.3
913
 2013 04 20 21 48 50.747     2013 04 20 21 49 42.743      52.0
914
 2013 04 20 10 03 47.530     2013 04 20 10 06 36.094     168.6
915
 2013 04 20 13 20 22.556     2013 04 20 13 23  4.954     162.4
916
 2013 04 20 13 28 45.603     2013 04 20 13 31 39.273     173.7
 2013 04 20 18 23 58.173     2013 04 20 18 26 36.456     158.3
917
 2013 04 20 11 47 40.241     2013 04 20 11 50 37.327     177.1
 2013 04 20 20 03 31.025     2013 04 20 20 06 11.709     160.7
918
 2013 04 20 20 05  3.666     2013 04 20 20 08 53.604     229.9
919
 2013 04 20 13 15 36.675     2013 04 20 13 17 45.052     128.4
 2013 04 20 23 20  1.485     2013 04 20 23 22 53.139     171.7
920
 2013 04 20 11 51 11.641     2013 04 20 11 54 37.165     205.5
 2013 04 20 18 27   .931     2013 04 20 18 29 38.278     157.3
921
922
 2013 04 20 13 25 11.661     2013 04 20 13 29   .292     228.6
 2013 04 20 20 01 40.689     2013 04 20 20 04 30.860     170.2
923
 2013 04 20 11 46 54.432     2013 04 20 11 49 33.311     158.9
 2013 04 20 20 04 10.984     2013 04 20 20 07 36.451     205.5
924
 2013 04 20 11 46 37.548     2013 04 20 11 46 57.918      20.4
 2013 04 20 21 42  9.128     2013 04 20 21 44 44.029     154.9
925
 2013 04 20 11 41 15.656     2013 04 20 11 44  2.277     166.6
 2013 04 20 21 44 25.875     2013 04 20 21 48  3.023     217.1
926
 2013 04 20 10 10 47.957     2013 04 20 10 11 13.849      25.9
 2013 04 20 20 07 39.644     2013 04 20 20 11  2.746     203.1
927
 2013 04 20 10 02 32.056     2013 04 20 10 05 10.955     158.9
 2013 04 20 21 49 40.532     2013 04 20 21 52 37.162     176.6
928
 2013 04 20 11 43  1.740     2013 04 20 11 43 17.542      15.8
 2013 04 20 21 44 13.050     2013 04 20 21 45  5.374      52.3
929
 2013 04 20 21 48  9.922     2013 04 20 21 50 47.949     158.0
930
 2013 04 20 13 20 48.366     2013 04 20 13 23 52.778     184.4
 2013 04 20 21 41 59.370     2013 04 20 21 43  3.258      63.9
931
 2013 04 20 11 41 28.216     2013 04 20 11 41 38.334      10.1
 2013 04 20 21 42 19.516     2013 04 20 21 46  4.630     225.1
932
 2013 04 20 11 51 50.931     2013 04 20 11 54 40.311     169.4
 2013 04 20 18 25 31.298     2013 04 20 18 28 19.086     167.8
933
934
 2013 04 20 11 51  1.045     2013 04 20 11 53 51.427     170.4
 2013 04 20 18 25 25.100     2013 04 20 18 28  9.935     164.8
935
 2013 04 20 15 01 18.749     2013 04 20 15 01 30.419      11.7
 2013 04 20 21 36 15.659     2013 04 20 21 39 59.374     223.7
936
 2013 04 20 21 40 38.655     2013 04 20 21 41 36.557      57.9
937
 2013 04 20 10 04 41.756     2013 04 20 10 05 44.857      63.1
938
 2013 04 20 10 13 48.910     2013 04 20 10 14  8.541      19.6
 2013 04 20 20 06  4.183     2013 04 20 20 06 17.773      13.6
939
 2013 04 20 13 19  6.267     2013 04 20 13 22 30.246     204.0
940
 2013 04 20 11 50 39.722     2013 04 20 11 54 14.150     214.4
 2013 04 20 13 28 22.141     2013 04 20 13 28 38.596      16.5
 2013 04 20 18 24 50.898     2013 04 20 18 27 32.651     161.8
941
 2013 04 20 14 57 57.064     2013 04 20 15 01  5.840     188.8
 2013 04 20 23 13 23.540     2013 04 20 23 17  2.467     218.9
942
 2013 04 20 11 38 49.123     2013 04 20 11 42   .382     191.3
943
 2013 04 20 13 18 12.968     2013 04 20 13 20 50.360     157.4
 2013 04 20 23 17 46.565     2013 04 20 23 20 37.208     170.6
944
 2013 04 20 10 04 15.516     2013 04 20 10 05 37.434      81.9
945
 2013 04 20 15 03 48.762     2013 04 20 15 07   .503     191.7
 2013 04 20 19 59   .967     2013 04 20 20 01 45.253     164.3
946
 2013 04 20 20 05 34.686     2013 04 20 20 06  5.823      31.1
947
 2013 04 20 14 59 10.722     2013 04 20 15 02  6.347     175.6
 2013 04 20 21 38 35.401     2013 04 20 21 38 58.517      23.1
948
 2013 04 20 13 13 39.725     2013 04 20 13 13 58.913      19.2
949
 2013 04 20 21 47  4.430     2013 04 20 21 49 40.555     156.1
950
 2013 04 20 13 16 41.766     2013 04 20 13 19 17.855     156.1
 2013 04 20 23 18 19.791     2013 04 20 23 21 23.518     183.7
951
 2013 04 20 21 47 32.933     2013 04 20 21 51  6.854     213.9
952
 2013 04 20 13 15 26.194     2013 04 20 13 18 30.039     183.8
953
 2013 04 20 10 05 45.270     2013 04 20 10 08 19.575     154.3
954
 2013 04 20 11 41 57.677     2013 04 20 11 45 11.128     193.5
 2013 04 20 21 42 54.415     2013 04 20 21 46 10.745     196.3
955
956
 2013 04 20 10 08  3.297     2013 04 20 10 10 48.875     165.6
 2013 04 20 20 08 51.968     2013 04 20 20 11 33.911     161.9
957
 2013 04 20 11 46  3.302     2013 04 20 11 49 20.865     197.6
 2013 04 20 20 07 54.909     2013 04 20 20 08 41.974      47.1
958
 2013 04 20 10 05 42.221     2013 04 20 10 08 16.189     154.0
959
 2013 04 20 13 13 30.101     2013 04 20 13 16 20.681     170.6
960
 2013 04 20 13 16 32.030     2013 04 20 13 19  8.332     156.3
 2013 04 20 23 18 17.474     2013 04 20 23 21 32.218     194.7
961
 2013 04 20 13 26 50.277     2013 04 20 13 29 53.605     183.3
 2013 04 20 20 01  8.222     2013 04 20 20 04 19.276     191.1
962
 2013 04 20 13 22 20.718     2013 04 20 13 22 46.789      26.1
 2013 04 20 23 15 45.908     2013 04 20 23 19 16.510     210.6
963
 2013 04 20 11 43 47.674     2013 04 20 11 47 13.641     206.0
 2013 04 20 21 43 28.772     2013 04 20 21 43 30.519       1.7
964
 2013 04 20 11 44 19.211     2013 04 20 11 47 22.811     183.6
 2013 04 20 21 41 58.666     2013 04 20 21 45 31.591     212.9
965
 2013 04 20 10 09 51.459     2013 04 20 10 13 17.113     205.7
 2013 04 20 20 06 54.719     2013 04 20 20 10 40.815     226.1
966
 2013 04 20 15 03 23.316     2013 04 20 15 06 17.564     174.2
 2013 04 20 19 58 34.793     2013 04 20 20 01 12.656     157.9
967
968
 2013 04 20 11 51 18.537     2013 04 20 11 54 30.432     191.9
 2013 04 20 18 25 12.016     2013 04 20 18 27 50.498     158.5
969
 2013 04 20 21 47  9.176     2013 04 20 21 50 18.171     189.0
970
971
 2013 04 20 11 48 54.271     2013 04 20 11 52   .721     186.4
 2013 04 20 20 02 48.782     2013 04 20 20 06  9.587     200.8
972
 2013 04 20 15 03  3.064     2013 04 20 15 05 52.257     169.2
 2013 04 20 19 58 16.138     2013 04 20 20 01   .607     164.5
973
 2013 04 20 23 20 24.749     2013 04 20 23 23 22.487     177.7
974
 2013 04 20 11 49 37.328     2013 04 20 11 50 12.499      35.2
 2013 04 20 18 26 35.050     2013 04 20 18 26 37.404       2.4
975
 2013 04 20 11 46  1.299     2013 04 20 11 49 34.216     212.9
976
 2013 04 20 13 28 50.609     2013 04 20 13 32  4.826     194.2
 2013 04 20 18 24 21.476     2013 04 20 18 26 59.109     157.6
977
 2013 04 20 13 15 55.564     2013 04 20 13 17  7.236      71.7
 2013 04 20 23 20  3.555     2013 04 20 23 22 40.452     156.9
978
 2013 04 20 13 21 13.772     2013 04 20 13 24 10.749     177.0
 2013 04 20 21 39  9.720     2013 04 20 21 42 36.792     207.1
979
 2013 04 20 20 05 48.329     2013 04 20 20 09 34.314     226.0
980
 2013 04 20 15 02 49.330     2013 04 20 15 05 38.736     169.4
 2013 04 20 19 58  5.328     2013 04 20 20 00 59.697     174.4
981
 2013 04 20 11 46   .767     2013 04 20 11 48 37.072     156.3
982
 2013 04 20 20 11 27.427     2013 04 20 20 14  6.857     159.4
983
 2013 04 20 13 14 46.313     2013 04 20 13 17 45.982     179.7
984
985
 2013 04 20 13 19  1.191     2013 04 20 13 20 50.610     109.4
986
 2013 04 20 21 36 32.702     2013 04 20 21 39 29.348     176.6
987
 2013 04 20 11 46 44.760     2013 04 20 11 49 47.308     182.5
 2013 04 20 20 03  6.547     2013 04 20 20 06 44.725     218.2
988
 2013 04 20 21 39 56.932     2013 04 20 21 43 34.351     217.4
989
 2013 04 20 20 05 37.233     2013 04 20 20 09  5.643     208.4
990
 2013 04 20 11 45 51.218     2013 04 20 11 48 38.702     167.5
991
 2013 04 20 13 26 12.995     2013 04 20 13 28 52.063     159.1
 2013 04 20 20 00 47.075     2013 04 20 20 03 24.491     157.4
992
993
 2013 04 20 23 22 43.891     2013 04 20 23 25 46.711     182.8
994
 2013 04 20 23 15 46.317     2013 04 20 23 18 42.038     175.7
995
 2013 04 20 13 20 35.794     2013 04 20 13 23 22.020     166.2
996
 2013 04 20 23 15 12.091     2013 04 20 23 16 13.435      61.3
997
 2013 04 20 20 12 39.851     2013 04 20 20 15 27.541     167.7
998
 2013 04 20 10 04 44.191     2013 04 20 10 07 18.378     154.2
999
 2013 04 20 11 51   .040     2013 04 20 11 54 25.636     205.6
 2013 04 20 13 28 38.407     2013 04 20 13 28 51.939      13.5
 2013 04 20 18 25   .974     2013 04 20 18 27 38.483     157.5
