s4
0
 2013 04 20 13 37 11.984     2013 04 20 13 40 43.245     211.3
 2013 04 20 21 50 50.515     2013 04 20 21 51 18.389      27.9
1
2
 2013 04 20 10 24  7.077     2013 04 20 10 26 50.278     163.2
3
 2013 04 20 11 52 39.155     2013 04 20 11 56  8.206     209.1
4
 2013 04 20 13 36  4.778     2013 04 20 13 38 44.572     159.8
 2013 04 20 21 53  7.396     2013 04 20 21 55 45.432     158.0
5
 2013 04 20 13 27 19.732     2013 04 20 13 29 13.392     113.7
6
 2013 04 20 21 50 42.888     2013 04 20 21 54  4.046     201.2
7
 2013 04 20 22 00 30.763     2013 04 20 22 03 11.837     161.1
8
 2013 04 20 13 37 41.272     2013 04 20 13 40 48.079     186.8
9
 2013 04 20 11 55 11.238     2013 04 20 11 57 57.586     166.3
 2013 04 20 21 58 43.470     2013 04 20 22 01 33.447     170.0
10
 2013 04 20 13 38  8.189     2013 04 20 13 41 19.522     191.3
 2013 04 20 20 14 47.105     2013 04 20 20 18 30.358     223.3
11
 2013 04 20 11 58 38.473     2013 04 20 12 01 33.566     175.1
12
 2013 04 20 10 22 38.217     2013 04 20 10 25 58.090     199.9
13
 2013 04 20 13 32 32.443     2013 04 20 13 35 34.855     182.4
14
 2013 04 20 21 54 56.271     2013 04 20 21 57 39.802     163.5
15
 2013 04 20 11 54 28.775     2013 04 20 11 57 14.302     165.5
 2013 04 20 22 01 24.490     2013 04 20 22 01 43.955      19.5
16
 2013 04 20 13 35 36.364     2013 04 20 13 38 16.470     160.1
 2013 04 20 21 52 45.839     2013 04 20 21 55 28.673     162.8
17
18
 2013 04 20 12 01 15.637     2013 04 20 12 03 58.057     162.4
 2013 04 20 20 17 55.521     2013 04 20 20 20 31.926     156.4
19
 2013 04 20 12 02 33.677     2013 04 20 12 05 26.035     172.4
 2013 04 20 20 16 47.614     2013 04 20 20 18 18.707      91.1
20
 2013 04 20 20 26 45.216     2013 04 20 20 29 22.237     157.0
21
 2013 04 20 10 22 25.536     2013 04 20 10 23 18.236      52.7
22
 2013 04 20 11 53 14.861     2013 04 20 11 55 51.865     157.0
23
 2013 04 20 23 35 17.054     2013 04 20 23 37 52.898     155.8
24
 2013 04 20 12 02 59.415     2013 04 20 12 06 22.752     203.3
 2013 04 20 18 44  9.308     2013 04 20 18 44  9.879        .6
25
 2013 04 20 13 38 54.997     2013 04 20 13 42 33.441     218.4
 2013 04 20 15 16 54.384     2013 04 20 15 18 46.344     112.0
 2013 04 20 20 13 31.548     2013 04 20 20 16  9.204     157.7
26
 2013 04 20 11 58 33.480     2013 04 20 12 01 53.374     199.9
27
 2013 04 20 15 12  7.847     2013 04 20 15 12 14.756       6.9
 2013 04 20 21 53 50.461     2013 04 20 21 54  8.564      18.1
28
 2013 04 20 11 55 25.158     2013 04 20 11 58  2.961     157.8
 2013 04 20 21 58 22.781     2013 04 20 22 01 11.930     169.1
29
 2013 04 20 13 30 35.102     2013 04 20 13 30 40.233       5.1
 2013 04 20 23 33 33.549     2013 04 20 23 37 12.446     218.9
30
 2013 04 20 13 36  6.123     2013 04 20 13 38 59.432     173.3
 2013 04 20 21 53 24.089     2013 04 20 21 56  7.859     163.8
31
 2013 04 20 20 24 21.155     2013 04 20 20 25 28.000      66.8
32
 2013 04 20 10 15 17.032     2013 04 20 10 18 44.243     207.2
 2013 04 20 22 03 18.143     2013 04 20 22 06  4.819     166.7
33
 2013 04 20 12 00 23.582     2013 04 20 12 03 23.867     180.3
 2013 04 20 20 17 27.657     2013 04 20 20 20 31.116     183.5
34
 2013 04 20 10 16 56.714     2013 04 20 10 20 20.156     203.4
35
 2013 04 20 11 55 34.325     2013 04 20 11 59  3.615     209.3
 2013 04 20 21 59  5.245     2013 04 20 22 01 47.575     162.3
36
 2013 04 20 13 38  4.149     2013 04 20 13 40 56.074     171.9
 2013 04 20 20 14 17.915     2013 04 20 20 14 18.795        .9
37
 2013 04 20 10 18 47.322     2013 04 20 10 22 33.574     226.3
38
 2013 04 20 15 12 32.286     2013 04 20 15 13 11.943      39.7
 2013 04 20 21 50 10.966     2013 04 20 21 53 48.446     217.5
39
 2013 04 20 12 00 57.258     2013 04 20 12 03 38.846     161.6
 2013 04 20 20 17 58.665     2013 04 20 20 20 38.823     160.2
40
 2013 04 20 12 00 37.679     2013 04 20 12 04 30.725     233.0
 2013 04 20 20 16 54.667     2013 04 20 20 19 33.212     158.5
41
 2013 04 20 00 00   .000     2013 04 20 00 00   .307        .3
 2013 04 20 11 49  9.143     2013 04 20 11 52 45.926     216.8
 2013 04 20 23 38 24.327     2013 04 20 23 41  1.695     157.4
42
 2013 04 20 15 13 24.309     2013 04 20 15 16 25.211     180.9
 2013 04 20 21 49 44.903     2013 04 20 21 52 49.249     184.3
43
 2013 04 20 12 00 56.498     2013 04 20 12 04 44.558     228.1
 2013 04 20 20 19 17.880     2013 04 20 20 22  8.890     171.0
44
 2013 04 20 15 16 26.177     2013 04 20 15 19 21.372     175.2
 2013 04 20 20 12 18.599     2013 04 20 20 15  9.868     171.3
45
 2013 04 20 11 51 21.664     2013 04 20 11 54  4.530     162.9
46
 2013 04 20 12 00 54.304     2013 04 20 12 03 39.066     164.8
 2013 04 20 20 17 52.601     2013 04 20 20 20 33.982     161.4
47
 2013 04 20 22 00 39.876     2013 04 20 22 03 16.095     156.2
48
 2013 04 20 22 02 34.924     2013 04 20 22 05 12.876     158.0
49
 2013 04 20 15 11 35.365     2013 04 20 15 11 58.424      23.1
50
 2013 04 20 12 04 39.410     2013 04 20 12 08  1.468     202.1
 2013 04 20 13 42 29.477     2013 04 20 13 43 21.659      52.2
 2013 04 20 18 38 57.633     2013 04 20 18 41 42.304     164.7
51
 2013 04 20 13 33  2.955     2013 04 20 13 35 55.552     172.6
52
 2013 04 20 13 36 41.664     2013 04 20 13 40 32.038     230.4
 2013 04 20 21 53  9.967     2013 04 20 21 53 11.298       1.3
53
 2013 04 20 11 51 54.910     2013 04 20 11 55 46.421     231.5
54
 2013 04 20 11 52  9.288     2013 04 20 11 53  1.495      52.2
55
 2013 04 20 10 20 50.677     2013 04 20 10 23 33.944     163.3
 2013 04 20 20 23  6.575     2013 04 20 20 25 56.508     169.9
56
 2013 04 20 20 28  3.701     2013 04 20 20 30 39.458     155.8
57
 2013 04 20 13 40 58.847     2013 04 20 13 41 23.009      24.2
 2013 04 20 15 15 19.804     2013 04 20 15 15 30.386      10.6
 2013 04 20 20 12 22.309     2013 04 20 20 13 13.944      51.6
58
 2013 04 20 11 50 12.659     2013 04 20 11 53 28.280     195.6
 2013 04 20 23 38  3.189     2013 04 20 23 40 57.928     174.7
59
 2013 04 20 12 01 44.080     2013 04 20 12 04 47.604     183.5
 2013 04 20 20 18 31.246     2013 04 20 20 21 42.729     191.5
60
 2013 04 20 11 59 20.489     2013 04 20 11 59 23.105       2.6
 2013 04 20 21 56 25.375     2013 04 20 21 59 31.139     185.8
61
 2013 04 20 20 20  7.255     2013 04 20 20 23 13.258     186.0
62
 2013 04 20 11 59 22.765     2013 04 20 12 03 12.783     230.0
 2013 04 20 20 19 49.663     2013 04 20 20 20 31.639      42.0
63
 2013 04 20 12 01  4.922     2013 04 20 12 03 55.508     170.6
 2013 04 20 20 17 44.414     2013 04 20 20 20 21.479     157.1
64
 2013 04 20 15 14 58.325     2013 04 20 15 17 37.145     158.8
 2013 04 20 21 49 10.095     2013 04 20 21 52 15.139     185.0
65
 2013 04 20 13 39 58.771     2013 04 20 13 40 59.501      60.7
 2013 04 20 20 15 46.652     2013 04 20 20 19 11.316     204.7
66
 2013 04 20 21 54 21.683     2013 04 20 21 58  8.956     227.3
67
 2013 04 20 11 59 50.733     2013 04 20 12 03 32.829     222.1
 2013 04 20 20 16 47.392     2013 04 20 20 20 13.133     205.7
68
 2013 04 20 22 01 13.007     2013 04 20 22 03 51.296     158.3
69
 2013 04 20 20 21  9.593     2013 04 20 20 23 48.278     158.7
70
 2013 04 20 11 51 44.494     2013 04 20 11 55  5.192     200.7
71
 2013 04 20 11 55 41.473     2013 04 20 11 59 32.744     231.3
 2013 04 20 21 59  1.686     2013 04 20 22 02  3.435     181.7
72
 2013 04 20 15 14 59.817     2013 04 20 15 17 39.054     159.2
 2013 04 20 21 49 23.306     2013 04 20 21 52 28.389     185.1
73
 2013 04 20 20 25 17.985     2013 04 20 20 28 23.500     185.5
74
 2013 04 20 20 25 57.977     2013 04 20 20 28 52.075     174.1
75
 2013 04 20 13 30 41.408     2013 04 20 13 33 18.484     157.1
 2013 04 20 23 32 51.669     2013 04 20 23 35 27.590     155.9
76
 2013 04 20 20 26 38.497     2013 04 20 20 30 22.857     224.4
77
 2013 04 20 23 34 59.100     2013 04 20 23 37 44.310     165.2
78
 2013 04 20 11 51 44.964     2013 04 20 11 55 20.872     215.9
79
 2013 04 20 11 51 34.608     2013 04 20 11 54 22.689     168.1
80
 2013 04 20 11 59 27.633     2013 04 20 12 03 18.096     230.5
 2013 04 20 20 19 24.754     2013 04 20 20 22 37.805     193.1
81
 2013 04 20 20 26 30.747     2013 04 20 20 29  5.757     155.0
82
 2013 04 20 11 53 24.584     2013 04 20 11 57  3.873     219.3
83
 2013 04 20 20 27 31.303     2013 04 20 20 31 17.936     226.6
84
 2013 04 20 10 16 54.574     2013 04 20 10 19 50.281     175.7
85
 2013 04 20 13 37 51.960     2013 04 20 13 41 31.277     219.3
 2013 04 20 20 13   .063     2013 04 20 20 16 24.190     204.1
86
 2013 04 20 11 50 55.173     2013 04 20 11 54 40.889     225.7
87
 2013 04 20 11 55 33.445     2013 04 20 11 58 49.245     195.8
 2013 04 20 21 57 12.732     2013 04 20 22 00  3.058     170.3
88
89
 2013 04 20 15 14 22.524     2013 04 20 15 14 58.415      35.9
 2013 04 20 21 50 42.715     2013 04 20 21 53 44.478     181.8
90
 2013 04 20 23 36 37.899     2013 04 20 23 39 15.777     157.9
91
 2013 04 20 13 38  1.119     2013 04 20 13 41 11.664     190.5
 2013 04 20 20 13 13.817     2013 04 20 20 16 49.814     216.0
92
 2013 04 20 12 02 46.240     2013 04 20 12 06 13.342     207.1
 2013 04 20 18 41 49.353     2013 04 20 18 42  7.903      18.5
93
 2013 04 20 15 15 23.982     2013 04 20 15 18 41.485     197.5
 2013 04 20 20 15 14.704     2013 04 20 20 15 42.282      27.6
 2013 04 20 21 49 47.234     2013 04 20 21 50 48.203      61.0
94
 2013 04 20 20 19 51.875     2013 04 20 20 22 43.303     171.4
95
 2013 04 20 13 32  8.807     2013 04 20 13 34 57.377     168.6
 2013 04 20 23 31 58.360     2013 04 20 23 32 35.722      37.4
96
97
 2013 04 20 13 38 53.839     2013 04 20 13 41 37.445     163.6
 2013 04 20 20 14 44.921     2013 04 20 20 17 41.229     176.3
98
 2013 04 20 22 01 19.948     2013 04 20 22 05  6.290     226.3
99
 2013 04 20 11 59 48.769     2013 04 20 12 02 26.280     157.5
 2013 04 20 20 17 49.217     2013 04 20 20 17 56.037       6.8
100
 2013 04 20 11 59 43.217     2013 04 20 12 02 37.209     174.0
 2013 04 20 20 20 32.787     2013 04 20 20 21 15.509      42.7
101
 2013 04 20 10 21  2.323     2013 04 20 10 23 46.341     164.0
 2013 04 20 20 23  4.319     2013 04 20 20 25 46.634     162.3
102
 2013 04 20 12 00 36.704     2013 04 20 12 04 13.338     216.6
 2013 04 20 20 17  5.168     2013 04 20 20 19 46.793     161.6
103
 2013 04 20 10 22 19.156     2013 04 20 10 26  7.661     228.5
104
 2013 04 20 10 22 44.747     2013 04 20 10 25 22.851     158.1
 2013 04 20 20 22  9.020     2013 04 20 20 25 47.475     218.5
105
 2013 04 20 11 52 13.611     2013 04 20 11 55 32.512     198.9
106
 2013 04 20 12 03 32.448     2013 04 20 12 06 21.039     168.6
 2013 04 20 18 38 53.027     2013 04 20 18 42 26.546     213.5
107
 2013 04 20 22 00 29.144     2013 04 20 22 04  3.187     214.0
108
 2013 04 20 10 16  6.422     2013 04 20 10 19 14.408     188.0
109
 2013 04 20 10 23 23.859     2013 04 20 10 26  8.782     164.9
110
 2013 04 20 11 58 54.999     2013 04 20 12 02 30.167     215.2
111
 2013 04 20 12 02 40.263     2013 04 20 12 06 12.248     212.0
112
 2013 04 20 12 06 11.283     2013 04 20 12 08 56.021     164.7
 2013 04 20 17 01 27.124     2013 04 20 17 04 43.760     196.6
 2013 04 20 18 38 58.677     2013 04 20 18 39  4.369       5.7
113
 2013 04 20 00 00   .000     2013 04 20 00 01 18.414      78.4
 2013 04 20 11 50 15.681     2013 04 20 11 52 55.172     159.5
 2013 04 20 23 38 59.754     2013 04 20 23 42 19.660     199.9
114
 2013 04 20 13 40 44.475     2013 04 20 13 43 27.863     163.4
 2013 04 20 18 36 18.179     2013 04 20 18 36 52.754      34.6
 2013 04 20 20 14 33.256     2013 04 20 20 18 19.506     226.3
115
 2013 04 20 13 37  7.227     2013 04 20 13 38 43.575      96.3
116
 2013 04 20 22 00 19.534     2013 04 20 22 03 45.334     205.8
117
118
 2013 04 20 11 55 39.005     2013 04 20 11 59  9.475     210.5
 2013 04 20 21 59  2.125     2013 04 20 22 01 47.925     165.8
119
 2013 04 20 10 16 42.974     2013 04 20 10 19 20.440     157.5
120
 2013 04 20 11 53 21.668     2013 04 20 11 55 58.575     156.9
121
 2013 04 20 10 16 13.559     2013 04 20 10 19  8.077     174.5
 2013 04 20 22 02 54.499     2013 04 20 22 06 38.564     224.1
122
 2013 04 20 10 20 29.033     2013 04 20 10 23  6.277     157.2
 2013 04 20 20 23 24.497     2013 04 20 20 26 29.895     185.4
123
 2013 04 20 10 23  3.217     2013 04 20 10 25 44.399     161.2
 2013 04 20 20 21 41.426     2013 04 20 20 22 29.846      48.4
124
 2013 04 20 13 35 31.233     2013 04 20 13 39 23.650     232.4
 2013 04 20 21 51 38.361     2013 04 20 21 54 15.074     156.7
125
 2013 04 20 21 59  9.928     2013 04 20 21 59 39.042      29.1
126
127
 2013 04 20 13 37 34.077     2013 04 20 13 40 12.358     158.3
128
 2013 04 20 11 59 48.462     2013 04 20 12 03  2.382     193.9
 2013 04 20 20 17   .605     2013 04 20 20 20 45.240     224.6
129
 2013 04 20 21 55 35.643     2013 04 20 21 58 22.820     167.2
130
 2013 04 20 23 35 59.794     2013 04 20 23 38 37.797     158.0
131
132
 2013 04 20 13 37 47.343     2013 04 20 13 41 41.704     234.4
 2013 04 20 20 15 13.762     2013 04 20 20 19  1.326     227.6
133
 2013 04 20 13 38 12.007     2013 04 20 13 41 18.224     186.2
 2013 04 20 20 13 24.533     2013 04 20 20 16 48.383     203.8
134
 2013 04 20 23 36 15.242     2013 04 20 23 39 57.364     222.1
135
 2013 04 20 13 28 31.258     2013 04 20 13 31 17.076     165.8
136
 2013 04 20 22 02 41.233     2013 04 20 22 05 16.813     155.6
137
 2013 04 20 13 37 25.390     2013 04 20 13 40 51.212     205.8
138
 2013 04 20 15 13 50.009     2013 04 20 15 16 35.614     165.6
 2013 04 20 21 48 56.819     2013 04 20 21 51 39.090     162.3
139
 2013 04 20 10 18 55.396     2013 04 20 10 21 34.070     158.7
140
 2013 04 20 10 18 23.782     2013 04 20 10 21 31.405     187.6
141
 2013 04 20 12 05 27.316     2013 04 20 12 08 10.397     163.1
 2013 04 20 18 39 29.392     2013 04 20 18 42 35.450     186.1
142
143
 2013 04 20 11 53  3.930     2013 04 20 11 55 59.138     175.2
144
 2013 04 20 11 58   .115     2013 04 20 12 01 42.414     222.3
145
 2013 04 20 10 18 15.400     2013 04 20 10 21 48.268     212.9
146
 2013 04 20 11 57 10.029     2013 04 20 11 57 26.852      16.8
147
 2013 04 20 20 25 13.419     2013 04 20 20 28 53.794     220.4
148
 2013 04 20 15 16 58.392     2013 04 20 15 20 19.107     200.7
 2013 04 20 20 13  4.757     2013 04 20 20 15 42.367     157.6
149
 2013 04 20 10 23  8.765     2013 04 20 10 25 45.983     157.2
150
 2013 04 20 13 38 40.760     2013 04 20 13 41 52.257     191.5
 2013 04 20 20 15 13.163     2013 04 20 20 18 12.189     179.0
151
 2013 04 20 12 02 27.743     2013 04 20 12 03 27.961      60.2
 2013 04 20 20 16 25.450     2013 04 20 20 20 16.290     230.8
152
 2013 04 20 23 35 39.948     2013 04 20 23 39 11.610     211.7
153
 2013 04 20 10 20 34.866     2013 04 20 10 24 13.798     218.9
 2013 04 20 20 22  9.814     2013 04 20 20 25  9.299     179.5
154
 2013 04 20 10 18 29.154     2013 04 20 10 22  8.423     219.3
 2013 04 20 20 28 45.663     2013 04 20 20 28 52.931       7.3
155
 2013 04 20 13 28 57.568     2013 04 20 13 31 38.555     161.0
 2013 04 20 23 36 44.969     2013 04 20 23 37 12.996      28.0
156
 2013 04 20 13 29  1.771     2013 04 20 13 32 41.965     220.2
 2013 04 20 23 34 19.868     2013 04 20 23 37 13.820     174.0
157
 2013 04 20 15 14  2.639     2013 04 20 15 17 34.450     211.8
 2013 04 20 16 52   .811     2013 04 20 16 55 53.006     232.2
 2013 04 20 21 48 18.629     2013 04 20 21 51  3.868     165.2
158
 2013 04 20 21 50 44.184     2013 04 20 21 54  6.400     202.2
159
 2013 04 20 12 03 53.313     2013 04 20 12 06 39.262     165.9
 2013 04 20 18 39 12.141     2013 04 20 18 42 19.594     187.5
160
 2013 04 20 13 36 38.300     2013 04 20 13 39 47.176     188.9
 2013 04 20 21 53  8.545     2013 04 20 21 56 38.190     209.6
161
 2013 04 20 15 16 52.895     2013 04 20 15 19 53.259     180.4
 2013 04 20 20 12 42.809     2013 04 20 20 15 21.014     158.2
162
 2013 04 20 13 36 12.028     2013 04 20 13 39 17.959     185.9
 2013 04 20 21 53 28.114     2013 04 20 21 56 23.541     175.4
163
 2013 04 20 23 38 58.151     2013 04 20 23 40 21.488      83.3
164
 2013 04 20 10 20 58.272     2013 04 20 10 24  9.187     190.9
 2013 04 20 20 22 32.577     2013 04 20 20 25 17.151     164.6
165
166
 2013 04 20 10 23  6.878     2013 04 20 10 26 18.651     191.8
167
 2013 04 20 13 40 16.456     2013 04 20 13 43 15.104     178.6
 2013 04 20 20 15  6.102     2013 04 20 20 18 19.326     193.2
168
 2013 04 20 13 35 13.183     2013 04 20 13 37 51.895     158.7
 2013 04 20 21 52 44.492     2013 04 20 21 55 47.192     182.7
169
 2013 04 20 11 57 13.239     2013 04 20 12 00 48.976     215.7
170
 2013 04 20 10 29  9.459     2013 04 20 10 29 42.256      32.8
 2013 04 20 18 42   .404     2013 04 20 18 44 45.840     165.4
171
 2013 04 20 15 15 14.499     2013 04 20 15 18 26.539     192.0
 2013 04 20 21 49 50.811     2013 04 20 21 53 31.405     220.6
172
 2013 04 20 15 15 43.524     2013 04 20 15 18 42.023     178.5
 2013 04 20 20 11 38.776     2013 04 20 20 15 19.026     220.2
173
 2013 04 20 20 19 47.129     2013 04 20 20 19 52.284       5.2
174
 2013 04 20 11 57 59.024     2013 04 20 12 00 39.741     160.7
175
 2013 04 20 23 35 52.420     2013 04 20 23 39 27.609     215.2
176
 2013 04 20 20 21 15.960     2013 04 20 20 23 53.163     157.2
177
 2013 04 20 13 33 15.669     2013 04 20 13 36 29.608     193.9
178
 2013 04 20 12 00  3.861     2013 04 20 12 03 41.534     217.7
 2013 04 20 20 16 55.772     2013 04 20 20 20  6.543     190.8
179
 2013 04 20 21 56  4.172     2013 04 20 21 59 12.335     188.2
180
 2013 04 20 13 39 45.428     2013 04 20 13 42 46.285     180.9
 2013 04 20 20 13 56.757     2013 04 20 20 16 48.205     171.4
181
 2013 04 20 11 53 55.174     2013 04 20 11 56 53.116     177.9
 2013 04 20 22 02 21.350     2013 04 20 22 02 53.387      32.0
182
 2013 04 20 12 00 32.420     2013 04 20 12 03 21.455     169.0
 2013 04 20 20 17 42.062     2013 04 20 20 20 39.685     177.6
183
 2013 04 20 11 52 27.432     2013 04 20 11 55 11.883     164.5
184
 2013 04 20 13 33 23.087     2013 04 20 13 33 45.902      22.8
 2013 04 20 21 57 29.257     2013 04 20 21 58  8.007      38.8
185
 2013 04 20 12 06 43.867     2013 04 20 12 07 27.008      43.1
 2013 04 20 13 41 35.333     2013 04 20 13 45 25.842     230.5
 2013 04 20 18 38 20.562     2013 04 20 18 41 11.142     170.6
186
 2013 04 20 12 02 11.037     2013 04 20 12 05 56.231     225.2
 2013 04 20 20 16  8.405     2013 04 20 20 19 56.824     228.4
187
 2013 04 20 22 04 43.586     2013 04 20 22 05 22.980      39.4
188
 2013 04 20 22 01 47.393     2013 04 20 22 04 54.163     186.8
189
 2013 04 20 23 39 10.516     2013 04 20 23 39 20.624      10.1
190
 2013 04 20 22 02  6.326     2013 04 20 22 04 46.666     160.3
191
 2013 04 20 13 35 22.857     2013 04 20 13 38 15.434     172.6
 2013 04 20 21 52 23.834     2013 04 20 21 55 14.657     170.8
192
 2013 04 20 10 25 13.408     2013 04 20 10 25 40.576      27.2
 2013 04 20 20 21 33.391     2013 04 20 20 24 11.343     158.0
193
 2013 04 20 11 49 25.721     2013 04 20 11 53  9.103     223.4
 2013 04 20 23 38 11.758     2013 04 20 23 40 46.648     154.9
194
 2013 04 20 12 01  6.321     2013 04 20 12 04 37.506     211.2
 2013 04 20 20 19  7.054     2013 04 20 20 21 57.524     170.5
195
 2013 04 20 13 41 19.984     2013 04 20 13 43 59.097     159.1
 2013 04 20 18 36 41.350     2013 04 20 18 39 41.817     180.5
196
 2013 04 20 13 39 20.370     2013 04 20 13 42  9.791     169.4
 2013 04 20 20 15  6.009     2013 04 20 20 17 44.075     158.1
197
 2013 04 20 22 00  1.449     2013 04 20 22 02 36.390     154.9
198
 2013 04 20 12 06  2.333     2013 04 20 12 06  8.323       6.0
 2013 04 20 20 15 55.677     2013 04 20 20 19 33.609     217.9
199
 2013 04 20 10 19 10.035     2013 04 20 10 22 15.450     185.4
200
 2013 04 20 12 04 25.833     2013 04 20 12 07 11.359     165.5
 2013 04 20 18 39 30.381     2013 04 20 18 42 10.705     160.3
201
202
 2013 04 20 22 01 32.510     2013 04 20 22 04 30.353     177.8
203
 2013 04 20 00 00   .000     2013 04 20 00 00  3.172       3.2
 2013 04 20 11 49 54.367     2013 04 20 11 53  6.228     191.9
 2013 04 20 23 38 22.135     2013 04 20 23 41  4.477     162.3
204
 2013 04 20 13 33 16.823     2013 04 20 13 36 18.973     182.2
205
 2013 04 20 11 49 19.069     2013 04 20 11 53 10.476     231.4
 2013 04 20 23 38  8.338     2013 04 20 23 40 43.387     155.0
206
 2013 04 20 10 19 21.907     2013 04 20 10 22 41.259     199.4
 2013 04 20 20 24 31.820     2013 04 20 20 27 56.674     204.9
207
 2013 04 20 22 02 40.389     2013 04 20 22 05 30.015     169.6
208
 2013 04 20 21 54 21.433     2013 04 20 21 54 59.836      38.4
209
210
211
212
 2013 04 20 13 28  8.966     2013 04 20 13 29 16.343      67.4
 2013 04 20 23 34 29.645     2013 04 20 23 38  3.735     214.1
213
 2013 04 20 20 25 23.772     2013 04 20 20 28 32.399     188.6
214
 2013 04 20 10 22 54.684     2013 04 20 10 25 48.924     174.2
215
 2013 04 20 10 17  7.826     2013 04 20 10 20 20.484     192.7
216
 2013 04 20 12 02  3.480     2013 04 20 12 04 47.308     163.8
 2013 04 20 20 17 28.155     2013 04 20 20 20 37.061     188.9
217
 2013 04 20 11 56 57.051     2013 04 20 11 57  2.087       5.0
218
219
 2013 04 20 11 58 56.961     2013 04 20 12 01 36.748     159.8
220
 2013 04 20 11 56  5.955     2013 04 20 11 59 42.774     216.8
 2013 04 20 21 58 38.947     2013 04 20 22 01 54.732     195.8
221
 2013 04 20 11 52  2.517     2013 04 20 11 54 46.982     164.5
222
 2013 04 20 12 05 59.985     2013 04 20 12 08 44.720     164.7
 2013 04 20 17 01 35.649     2013 04 20 17 02  1.974      26.3
 2013 04 20 18 39 51.586     2013 04 20 18 43 37.862     226.3
223
 2013 04 20 11 59 30.149     2013 04 20 12 00 33.590      63.4
 2013 04 20 21 56 13.044     2013 04 20 21 58 59.162     166.1
224
 2013 04 20 13 35 56.388     2013 04 20 13 39 20.571     204.2
 2013 04 20 21 53 45.165     2013 04 20 21 56 36.991     171.8
225
226
 2013 04 20 11 58 38.076     2013 04 20 12 01 15.479     157.4
227
 2013 04 20 20 25 48.989     2013 04 20 20 28 43.415     174.4
228
 2013 04 20 10 16 45.801     2013 04 20 10 19 51.279     185.5
229
 2013 04 20 10 16 37.869     2013 04 20 10 20 28.108     230.2
230
 2013 04 20 13 27 33.752     2013 04 20 13 27 54.451      20.7
 2013 04 20 23 38 16.346     2013 04 20 23 38 40.572      24.2
231
232
 2013 04 20 13 26 40.615     2013 04 20 13 26 51.846      11.2
233
 2013 04 20 13 31 16.935     2013 04 20 13 34 11.590     174.7
 2013 04 20 23 32 54.284     2013 04 20 23 35 59.402     185.1
234
 2013 04 20 13 33 52.286     2013 04 20 13 37 26.278     214.0
 2013 04 20 21 53 42.094     2013 04 20 21 53 50.075       8.0
235
 2013 04 20 15 14 24.488     2013 04 20 15 17  3.323     158.8
 2013 04 20 21 49 18.304     2013 04 20 21 51 57.321     159.0
236
 2013 04 20 10 18 44.815     2013 04 20 10 22 26.520     221.7
 2013 04 20 20 24 44.959     2013 04 20 20 25 24.828      39.9
237
 2013 04 20 13 32 17.783     2013 04 20 13 34 58.971     161.2
 2013 04 20 23 31 24.780     2013 04 20 23 35  6.649     221.9
238
 2013 04 20 22 02   .517     2013 04 20 22 05 10.263     189.7
239
240
 2013 04 20 13 39 21.185     2013 04 20 13 42 38.710     197.5
 2013 04 20 15 17  6.171     2013 04 20 15 17 22.073      15.9
 2013 04 20 20 13 45.853     2013 04 20 20 16 27.634     161.8
241
 2013 04 20 13 40 45.001     2013 04 20 13 44  4.246     199.2
 2013 04 20 18 36 58.743     2013 04 20 18 37 35.241      36.5
 2013 04 20 20 15   .380     2013 04 20 20 15 20.122      19.7
242
 2013 04 20 13 42 12.408     2013 04 20 13 45 20.821     188.4
 2013 04 20 18 38  8.724     2013 04 20 18 40 46.412     157.7
243
 2013 04 20 11 52 38.984     2013 04 20 11 56 28.532     229.5
244
 2013 04 20 11 54 17.517     2013 04 20 11 57 15.511     178.0
245
 2013 04 20 15 15 11.185     2013 04 20 15 17 53.516     162.3
 2013 04 20 21 49 26.001     2013 04 20 21 52 46.044     200.0
246
247
 2013 04 20 13 36 53.601     2013 04 20 13 39 45.099     171.5
 2013 04 20 21 51 54.911     2013 04 20 21 55 13.709     198.8
248
 2013 04 20 15 14 33.903     2013 04 20 15 17 54.753     200.8
 2013 04 20 21 50 16.152     2013 04 20 21 53  9.521     173.4
249
 2013 04 20 13 31 45.413     2013 04 20 13 35  1.950     196.5
 2013 04 20 23 32 25.133     2013 04 20 23 32 49.245      24.1
250
 2013 04 20 20 18 52.708     2013 04 20 20 19 35.954      43.2
251
 2013 04 20 10 23 18.433     2013 04 20 10 26 52.946     214.5
252
 2013 04 20 12 03 19.464     2013 04 20 12 03 40.041      20.6
 2013 04 20 18 41   .559     2013 04 20 18 44 12.813     192.3
253
 2013 04 20 12 02 33.880     2013 04 20 12 05 11.836     158.0
 2013 04 20 20 17 22.164     2013 04 20 20 19  5.681     103.5
254
 2013 04 20 12 05 12.740     2013 04 20 12 08 21.666     188.9
 2013 04 20 13 42 57.170     2013 04 20 13 43 44.446      47.3
 2013 04 20 17 00 20.190     2013 04 20 17 00 43.092      22.9
 2013 04 20 18 38 59.110     2013 04 20 18 42  7.675     188.6
255
 2013 04 20 10 17 50.356     2013 04 20 10 20 27.250     156.9
256
 2013 04 20 12 02 55.348     2013 04 20 12 05 39.008     163.7
257
 2013 04 20 12 05 59.043     2013 04 20 12 08 41.523     162.5
 2013 04 20 17 01 31.100     2013 04 20 17 01 57.554      26.5
 2013 04 20 18 39 48.460     2013 04 20 18 43 32.266     223.8
258
 2013 04 20 15 14 55.497     2013 04 20 15 17 41.557     166.1
 2013 04 20 21 49 39.709     2013 04 20 21 52 41.608     181.9
259
 2013 04 20 13 41  6.498     2013 04 20 13 43 46.448     160.0
 2013 04 20 18 36 26.366     2013 04 20 18 39 39.003     192.6
260
261
 2013 04 20 12 05  4.415     2013 04 20 12 08  6.224     181.8
 2013 04 20 18 40 35.173     2013 04 20 18 43 21.243     166.1
262
 2013 04 20 12 02 22.077     2013 04 20 12 05 47.041     205.0
 2013 04 20 20 16 19.079     2013 04 20 20 18   .412     101.3
263
 2013 04 20 10 15 59.730     2013 04 20 10 19 11.045     191.3
264
 2013 04 20 12 04  5.361     2013 04 20 12 07 53.859     228.5
 2013 04 20 18 41  6.837     2013 04 20 18 43 47.101     160.3
265
 2013 04 20 13 39 23.298     2013 04 20 13 42 59.861     216.6
 2013 04 20 20 15 47.159     2013 04 20 20 18 26.908     159.7
266
 2013 04 20 13 34 34.394     2013 04 20 13 38  8.731     214.3
 2013 04 20 21 54  2.982     2013 04 20 21 57  1.676     178.7
267
 2013 04 20 10 19 26.500     2013 04 20 10 23 16.124     229.6
268
269
270
 2013 04 20 11 54  4.429     2013 04 20 11 56 53.223     168.8
 2013 04 20 22 02 10.720     2013 04 20 22 02 42.016      31.3
271
 2013 04 20 12 02 23.033     2013 04 20 12 05  5.544     162.5
 2013 04 20 20 17 14.340     2013 04 20 20 20 49.120     214.8
272
 2013 04 20 13 30  2.610     2013 04 20 13 32 41.882     159.3
 2013 04 20 23 32 43.737     2013 04 20 23 35 46.372     182.6
273
 2013 04 20 11 59 24.887     2013 04 20 11 59 33.499       8.6
 2013 04 20 20 19 46.293     2013 04 20 20 22 43.526     177.2
274
 2013 04 20 10 19 52.648     2013 04 20 10 22 45.951     173.3
 2013 04 20 20 24  7.026     2013 04 20 20 27 23.644     196.6
275
276
 2013 04 20 12 00  3.939     2013 04 20 12 02 52.465     168.5
 2013 04 20 20 18 32.005     2013 04 20 20 21 50.800     198.8
277
 2013 04 20 10 17 48.983     2013 04 20 10 20 34.750     165.8
278
 2013 04 20 13 35 37.628     2013 04 20 13 38 55.387     197.8
 2013 04 20 21 53 51.501     2013 04 20 21 56 29.347     157.8
279
 2013 04 20 10 14 17.216     2013 04 20 10 17 51.810     214.6
 2013 04 20 22 03 44.394     2013 04 20 22 06 24.950     160.6
280
 2013 04 20 13 33 45.712     2013 04 20 13 36 55.791     190.1
281
 2013 04 20 10 20 49.256     2013 04 20 10 23 56.313     187.1
 2013 04 20 20 22 36.672     2013 04 20 20 25 28.023     171.4
282
 2013 04 20 13 37 20.692     2013 04 20 13 40   .134     159.4
 2013 04 20 21 51 53.526     2013 04 20 21 53 17.271      83.7
283
 2013 04 20 12 01 43.821     2013 04 20 12 04 35.406     171.6
 2013 04 20 20 18 25.310     2013 04 20 20 21 26.995     181.7
284
 2013 04 20 12 03 43.189     2013 04 20 12 06 21.390     158.2
 2013 04 20 18 39 23.730     2013 04 20 18 42 54.407     210.7
285
 2013 04 20 12 03 57.091     2013 04 20 12 04  8.035      10.9
 2013 04 20 13 42 15.102     2013 04 20 13 45 49.548     214.4
 2013 04 20 18 38 32.466     2013 04 20 18 41 10.211     157.7
286
 2013 04 20 12 01 41.790     2013 04 20 12 04 33.431     171.6
 2013 04 20 20 17 30.486     2013 04 20 20 20 19.494     169.0
287
 2013 04 20 13 31 23.160     2013 04 20 13 34 24.397     181.2
 2013 04 20 23 32 49.559     2013 04 20 23 36  8.695     199.1
288
 2013 04 20 10 20 10.795     2013 04 20 10 23 31.600     200.8
 2013 04 20 20 22 19.586     2013 04 20 20 25 50.228     210.6
289
 2013 04 20 11 55 43.399     2013 04 20 11 59 14.169     210.8
 2013 04 20 21 58 58.815     2013 04 20 22 01 47.917     169.1
290
 2013 04 20 11 53 46.694     2013 04 20 11 56 54.894     188.2
291
 2013 04 20 20 16  7.734     2013 04 20 20 19 20.666     192.9
292
 2013 04 20 12 00 30.182     2013 04 20 12 03 20.678     170.5
 2013 04 20 20 18 44.248     2013 04 20 20 21 33.045     168.8
293
 2013 04 20 11 51  7.002     2013 04 20 11 54 43.872     216.9
 2013 04 20 23 36 45.725     2013 04 20 23 37 52.324      66.6
294
 2013 04 20 21 54 43.527     2013 04 20 21 57 19.364     155.8
295
296
 2013 04 20 21 55 39.352     2013 04 20 21 59 14.153     214.8
297
 2013 04 20 10 21 13.507     2013 04 20 10 24 11.081     177.6
 2013 04 20 20 22 43.715     2013 04 20 20 25 21.473     157.8
298
 2013 04 20 12 03 52.489     2013 04 20 12 06 47.152     174.7
 2013 04 20 18 39  4.704     2013 04 20 18 42  6.474     181.8
299
300
 2013 04 20 13 26 21.654     2013 04 20 13 27 17.657      56.0
301
 2013 04 20 12 05 37.834     2013 04 20 12 08 18.987     161.2
 2013 04 20 17 04 52.629     2013 04 20 17 05  2.002       9.4
 2013 04 20 18 39 29.125     2013 04 20 18 42 46.479     197.4
302
 2013 04 20 12 05 46.307     2013 04 20 12 08 31.217     164.9
 2013 04 20 18 40   .366     2013 04 20 18 43 26.022     205.7
303
 2013 04 20 11 55 16.565     2013 04 20 11 55 34.685      18.1
 2013 04 20 21 59 23.378     2013 04 20 22 02 18.743     175.4
304
305
 2013 04 20 12 03 55.409     2013 04 20 12 06 58.564     183.2
 2013 04 20 18 40 19.035     2013 04 20 18 43 23.116     184.1
306
 2013 04 20 12 00 20.332     2013 04 20 12 03 50.401     210.1
 2013 04 20 20 19 20.742     2013 04 20 20 21 59.496     158.8
307
 2013 04 20 10 22 32.692     2013 04 20 10 25 23.946     171.3
 2013 04 20 20 22 39.756     2013 04 20 20 23 49.713      70.0
308
 2013 04 20 10 22 15.998     2013 04 20 10 25 41.382     205.4
 2013 04 20 20 21 38.377     2013 04 20 20 24 41.429     183.1
309
 2013 04 20 15 15 32.959     2013 04 20 15 18 18.148     165.2
 2013 04 20 20 11 10.147     2013 04 20 20 15  4.293     234.1
 2013 04 20 21 49 17.096     2013 04 20 21 51  1.485     104.4
310
 2013 04 20 11 53 15.607     2013 04 20 11 54 29.209      73.6
 2013 04 20 21 59 42.017     2013 04 20 22 03 29.972     228.0
311
312
313
 2013 04 20 23 34 54.271     2013 04 20 23 37 32.894     158.6
314
 2013 04 20 11 55 35.888     2013 04 20 11 58 32.917     177.0
 2013 04 20 21 57 31.186     2013 04 20 22 00 21.042     169.9
315
 2013 04 20 13 32 31.649     2013 04 20 13 35 26.164     174.5
316
 2013 04 20 12 00 21.262     2013 04 20 12 02 59.247     158.0
 2013 04 20 20 18  1.032     2013 04 20 20 21 12.510     191.5
317
 2013 04 20 22 01 16.844     2013 04 20 22 03 54.409     157.6
318
 2013 04 20 10 17 19.448     2013 04 20 10 20  9.915     170.5
319
 2013 04 20 10 16 19.530     2013 04 20 10 18 56.624     157.1
 2013 04 20 22 03 17.239     2013 04 20 22 03 31.844      14.6
320
 2013 04 20 15 13 28.681     2013 04 20 15 16 19.242     170.6
 2013 04 20 21 49 34.396     2013 04 20 21 52 38.195     183.8
321
 2013 04 20 13 39  3.757     2013 04 20 13 39 24.824      21.1
 2013 04 20 21 51 27.399     2013 04 20 21 54  6.426     159.0
322
 2013 04 20 20 25 37.050     2013 04 20 20 28 11.970     154.9
323
 2013 04 20 20 23 21.833     2013 04 20 20 23 54.475      32.6
324
 2013 04 20 10 25 47.709     2013 04 20 10 28 42.177     174.5
 2013 04 20 18 42 51.766     2013 04 20 18 45 48.532     176.8
325
 2013 04 20 13 34 32.664     2013 04 20 13 37 50.572     197.9
 2013 04 20 21 51 42.405     2013 04 20 21 55 24.683     222.3
326
 2013 04 20 18 41   .728     2013 04 20 18 44 23.050     202.3
327
 2013 04 20 23 29 28.112     2013 04 20 23 33 12.369     224.3
328
329
 2013 04 20 10 18 42.116     2013 04 20 10 21 23.815     161.7
330
331
 2013 04 20 13 38 41.360     2013 04 20 13 41 24.085     162.7
 2013 04 20 20 14 34.592     2013 04 20 20 17 45.342     190.7
332
 2013 04 20 20 19 44.677     2013 04 20 20 22 26.481     161.8
333
 2013 04 20 13 30 32.592     2013 04 20 13 33 36.079     183.5
 2013 04 20 23 33 31.937     2013 04 20 23 36 10.463     158.5
334
335
 2013 04 20 23 35 46.316     2013 04 20 23 38 21.200     154.9
336
 2013 04 20 13 40 37.210     2013 04 20 13 43 33.356     176.1
 2013 04 20 18 40 36.358     2013 04 20 18 40 39.746       3.4
 2013 04 20 20 14 52.085     2013 04 20 20 18 33.639     221.6
337
 2013 04 20 11 51  6.605     2013 04 20 11 54 34.349     207.7
338
 2013 04 20 20 25 48.450     2013 04 20 20 28 37.370     168.9
339
 2013 04 20 10 19 35.795     2013 04 20 10 22 18.705     162.9
 2013 04 20 20 26 14.570     2013 04 20 20 27 38.558      84.0
340
 2013 04 20 11 52 32.837     2013 04 20 11 55 45.513     192.7
341
 2013 04 20 12 00 50.936     2013 04 20 12 03 48.538     177.6
 2013 04 20 20 17 36.571     2013 04 20 20 20 17.933     161.4
342
343
344
 2013 04 20 15 15 48.071     2013 04 20 15 18 27.033     159.0
 2013 04 20 20 11  9.552     2013 04 20 20 14 28.286     198.7
345
 2013 04 20 11 59 19.532     2013 04 20 12 03 12.619     233.1
 2013 04 20 20 19 23.455     2013 04 20 20 22 44.918     201.5
346
 2013 04 20 13 31   .509     2013 04 20 13 34 42.955     222.4
 2013 04 20 23 33 11.927     2013 04 20 23 36 46.338     214.4
347
 2013 04 20 21 55 26.395     2013 04 20 21 58 13.093     166.7
348
 2013 04 20 10 21 30.414     2013 04 20 10 24 30.467     180.1
 2013 04 20 20 22 35.260     2013 04 20 20 25 10.613     155.4
349
350
 2013 04 20 23 35 11.661     2013 04 20 23 36  4.054      52.4
351
 2013 04 20 13 41 47.331     2013 04 20 13 44 39.884     172.6
 2013 04 20 18 37 35.767     2013 04 20 18 40 23.099     167.3
352
 2013 04 20 10 16 30.965     2013 04 20 10 19 33.452     182.5
353
 2013 04 20 11 59  8.344     2013 04 20 12 02 13.918     185.6
354
355
 2013 04 20 22 00 57.601     2013 04 20 22 04  2.098     184.5
356
 2013 04 20 23 35  7.106     2013 04 20 23 38 48.778     221.7
357
 2013 04 20 20 26 49.382     2013 04 20 20 29 24.377     155.0
358
 2013 04 20 12 04 52.741     2013 04 20 12 08 21.246     208.5
 2013 04 20 18 40 56.216     2013 04 20 18 43 41.605     165.4
359
 2013 04 20 13 34 17.200     2013 04 20 13 37 53.067     215.9
 2013 04 20 21 51 24.024     2013 04 20 21 51 47.995      24.0
360
 2013 04 20 12 01 34.214     2013 04 20 12 04 15.706     161.5
 2013 04 20 20 17 51.279     2013 04 20 20 20 33.507     162.2
361
 2013 04 20 18 41 23.668     2013 04 20 18 44 11.324     167.7
362
 2013 04 20 10 24 43.154     2013 04 20 10 25  2.814      19.7
 2013 04 20 20 21 45.615     2013 04 20 20 24 28.054     162.4
363
 2013 04 20 13 39  7.602     2013 04 20 13 42 12.242     184.6
 2013 04 20 20 15 19.615     2013 04 20 20 18   .070     160.5
364
 2013 04 20 13 32 57.643     2013 04 20 13 36 31.833     214.2
365
 2013 04 20 12 02 16.818     2013 04 20 12 04 54.872     158.1
 2013 04 20 20 17 34.314     2013 04 20 20 21   .843     206.5
366
 2013 04 20 10 15 54.551     2013 04 20 10 19 42.423     227.9
367
 2013 04 20 10 23 48.041     2013 04 20 10 26 58.002     190.0
368
 2013 04 20 11 52 17.264     2013 04 20 11 52 39.657      22.4
369
 2013 04 20 10 19  6.059     2013 04 20 10 19 14.135       8.1
 2013 04 20 22 02 50.600     2013 04 20 22 05 29.335     158.7
370
 2013 04 20 23 35 53.243     2013 04 20 23 39 19.822     206.6
371
 2013 04 20 13 35 38.059     2013 04 20 13 39 25.215     227.2
 2013 04 20 21 54  3.212     2013 04 20 21 56 51.648     168.4
372
 2013 04 20 10 16 43.657     2013 04 20 10 19 21.721     158.1
373
 2013 04 20 13 36 21.190     2013 04 20 13 40  6.957     225.8
 2013 04 20 21 53 29.771     2013 04 20 21 57  8.408     218.6
374
 2013 04 20 13 41 22.496     2013 04 20 13 44 39.758     197.3
 2013 04 20 18 37 39.034     2013 04 20 18 40 47.428     188.4
375
 2013 04 20 13 29 53.448     2013 04 20 13 32 39.488     166.0
 2013 04 20 23 33 27.195     2013 04 20 23 36 18.920     171.7
376
 2013 04 20 10 18  6.282     2013 04 20 10 21  6.101     179.8
377
 2013 04 20 12 03 30.478     2013 04 20 12 06 42.863     192.4
 2013 04 20 18 40 10.032     2013 04 20 18 43 42.615     212.6
378
 2013 04 20 11 54  9.326     2013 04 20 11 56 46.254     156.9
379
 2013 04 20 10 23 11.092     2013 04 20 10 25 58.324     167.2
 2013 04 20 20 21 22.857     2013 04 20 20 21 39.518      16.7
380
 2013 04 20 21 50 46.890     2013 04 20 21 50 51.029       4.1
381
 2013 04 20 20 20  9.183     2013 04 20 20 23 12.284     183.1
382
 2013 04 20 10 23 47.320     2013 04 20 10 27  9.808     202.5
383
384
 2013 04 20 21 50 44.597     2013 04 20 21 53 57.453     192.9
385
 2013 04 20 13 35 43.836     2013 04 20 13 35 49.378       5.5
 2013 04 20 23 30 30.611     2013 04 20 23 33 32.151     181.5
386
387
388
 2013 04 20 11 51 54.198     2013 04 20 11 55 22.140     207.9
389
 2013 04 20 10 19 53.831     2013 04 20 10 23 19.750     205.9
 2013 04 20 20 22 10.817     2013 04 20 20 22 26.521      15.7
390
 2013 04 20 13 38 58.258     2013 04 20 13 41 55.059     176.8
 2013 04 20 20 13 58.987     2013 04 20 20 16 41.469     162.5
391
 2013 04 20 10 25 16.733     2013 04 20 10 25 40.374      23.6
 2013 04 20 20 21 33.249     2013 04 20 20 24 10.856     157.6
392
 2013 04 20 13 31 30.494     2013 04 20 13 35 16.125     225.6
 2013 04 20 23 30 59.689     2013 04 20 23 33 53.715     174.0
393
 2013 04 20 10 24 13.791     2013 04 20 10 27 17.345     183.6
394
 2013 04 20 13 37  2.301     2013 04 20 13 40  1.741     179.4
 2013 04 20 21 51 36.586     2013 04 20 21 55 10.837     214.3
395
 2013 04 20 21 55 21.628     2013 04 20 21 59  7.077     225.4
396
 2013 04 20 13 37 42.386     2013 04 20 13 40 29.962     167.6
397
 2013 04 20 10 14 38.126     2013 04 20 10 18 14.092     216.0
 2013 04 20 22 03 35.636     2013 04 20 22 06 10.630     155.0
398
 2013 04 20 23 35  4.888     2013 04 20 23 38 46.793     221.9
399
 2013 04 20 11 52 16.800     2013 04 20 11 53 40.850      84.1
 2013 04 20 23 37 49.312     2013 04 20 23 40 28.340     159.0
400
 2013 04 20 10 21 20.356     2013 04 20 10 24 29.331     189.0
 2013 04 20 20 22 29.840     2013 04 20 20 25  5.705     155.9
401
 2013 04 20 13 35 17.377     2013 04 20 13 35 44.465      27.1
 2013 04 20 21 54 21.089     2013 04 20 21 57  5.046     164.0
402
 2013 04 20 11 53 25.072     2013 04 20 11 56 18.515     173.4
403
 2013 04 20 10 17 49.467     2013 04 20 10 20 29.559     160.1
404
405
 2013 04 20 11 59 46.169     2013 04 20 12 02 26.889     160.7
 2013 04 20 20 18  5.477     2013 04 20 20 18 31.339      25.9
406
407
 2013 04 20 15 16 23.599     2013 04 20 15 19 22.801     179.2
 2013 04 20 20 12 20.851     2013 04 20 20 15 14.188     173.3
408
 2013 04 20 13 34 28.265     2013 04 20 13 37 52.044     203.8
 2013 04 20 21 51 36.628     2013 04 20 21 55 22.379     225.8
409
 2013 04 20 12 04 45.465     2013 04 20 12 05 16.636      31.2
 2013 04 20 18 41 18.507     2013 04 20 18 44 11.795     173.3
410
 2013 04 20 11 54 39.237     2013 04 20 11 57 21.452     162.2
 2013 04 20 21 57 43.351     2013 04 20 21 57 48.996       5.6
411
 2013 04 20 13 34 57.642     2013 04 20 13 37 35.224     157.6
 2013 04 20 21 52 48.372     2013 04 20 21 56  8.536     200.2
412
413
 2013 04 20 15 14 18.152     2013 04 20 15 17 29.015     190.9
 2013 04 20 16 51 59.251     2013 04 20 16 52  4.945       5.7
 2013 04 20 21 48 33.458     2013 04 20 21 51 20.748     167.3
414
 2013 04 20 13 39 54.071     2013 04 20 13 43  2.134     188.1
 2013 04 20 20 15 22.468     2013 04 20 20 18 15.011     172.5
415
 2013 04 20 12 04 50.572     2013 04 20 12 05 16.103      25.5
 2013 04 20 18 41 17.277     2013 04 20 18 44 16.277     179.0
416
 2013 04 20 10 27 22.397     2013 04 20 10 27 30.665       8.3
417
 2013 04 20 13 38 59.689     2013 04 20 13 41 46.106     166.4
 2013 04 20 20 14 53.326     2013 04 20 20 17 43.419     170.1
418
 2013 04 20 12 02 25.449     2013 04 20 12 05 11.212     165.8
 2013 04 20 20 17 45.342     2013 04 20 20 19 34.937     109.6
419
 2013 04 20 13 38   .278     2013 04 20 13 40 38.691     158.4
 2013 04 20 20 17 40.746     2013 04 20 20 17 49.556       8.8
420
 2013 04 20 13 38 41.713     2013 04 20 13 42  2.286     200.6
 2013 04 20 20 15 22.994     2013 04 20 20 18 17.277     174.3
421
 2013 04 20 12 02 55.510     2013 04 20 12 06 20.282     204.8
422
423
 2013 04 20 10 18 11.467     2013 04 20 10 18 14.396       2.9
 2013 04 20 20 25 11.483     2013 04 20 20 25 18.731       7.2
424
 2013 04 20 10 24 31.167     2013 04 20 10 25 44.689      73.5
 2013 04 20 20 21 32.749     2013 04 20 20 24 16.723     164.0
425
 2013 04 20 11 51 18.099     2013 04 20 11 54 48.298     210.2
 2013 04 20 23 36 38.713     2013 04 20 23 36 54.311      15.6
426
 2013 04 20 13 32  1.792     2013 04 20 13 34 56.047     174.3
 2013 04 20 23 31 22.780     2013 04 20 23 34 41.522     198.7
427
 2013 04 20 10 17 52.513     2013 04 20 10 20 32.819     160.3
428
429
430
 2013 04 20 15 15 37.010     2013 04 20 15 18 15.633     158.6
 2013 04 20 20 11  2.082     2013 04 20 20 14 42.084     220.0
 2013 04 20 21 48 57.192     2013 04 20 21 50   .927      63.7
431
 2013 04 20 11 50 33.675     2013 04 20 11 53 53.313     199.6
432
 2013 04 20 13 34 21.790     2013 04 20 13 35   .164      38.4
 2013 04 20 23 31  7.058     2013 04 20 23 33 43.391     156.3
433
 2013 04 20 20 20 25.253     2013 04 20 20 23 12.168     166.9
434
435
 2013 04 20 11 57 33.734     2013 04 20 11 58 30.689      57.0
436
 2013 04 20 10 16 33.591     2013 04 20 10 19 13.447     159.9
437
 2013 04 20 10 20 57.737     2013 04 20 10 24 20.589     202.9
 2013 04 20 20 24 14.557     2013 04 20 20 26 58.107     163.6
438
 2013 04 20 12 02  4.050     2013 04 20 12 05  8.698     184.6
 2013 04 20 20 16 58.365     2013 04 20 20 20 15.469     197.1
439
 2013 04 20 11 49 17.683     2013 04 20 11 50  8.839      51.2
 2013 04 20 23 38  8.381     2013 04 20 23 40 43.555     155.2
440
 2013 04 20 13 39 36.166     2013 04 20 13 42 15.134     159.0
 2013 04 20 20 14 33.652     2013 04 20 20 17 11.577     157.9
441
 2013 04 20 13 36 51.137     2013 04 20 13 39 56.865     185.7
 2013 04 20 21 52 55.916     2013 04 20 21 56 41.601     225.7
442
 2013 04 20 13 31 22.708     2013 04 20 13 34 24.284     181.6
 2013 04 20 23 32 50.053     2013 04 20 23 36  9.023     199.0
443
 2013 04 20 15 13  5.615     2013 04 20 15 16 50.217     224.6
 2013 04 20 21 50 16.598     2013 04 20 21 53 21.581     185.0
444
 2013 04 20 12 00  9.608     2013 04 20 12 03  8.743     179.1
 2013 04 20 20 17 22.517     2013 04 20 20 20 43.715     201.2
445
 2013 04 20 12 01  3.051     2013 04 20 12 04  8.785     185.7
 2013 04 20 20 17 28.495     2013 04 20 20 20  5.184     156.7
446
 2013 04 20 13 29  1.802     2013 04 20 13 32 28.959     207.2
 2013 04 20 23 34  9.265     2013 04 20 23 37 13.227     184.0
447
 2013 04 20 21 54 32.716     2013 04 20 21 58 14.565     221.8
448
 2013 04 20 15 15 41.544     2013 04 20 15 18 25.096     163.6
 2013 04 20 20 10 57.870     2013 04 20 20 14 14.042     196.2
449
 2013 04 20 12 00 20.125     2013 04 20 12 03 14.256     174.1
 2013 04 20 20 17 31.873     2013 04 20 20 20 41.584     189.7
450
 2013 04 20 15 15 58.436     2013 04 20 15 18 52.012     173.6
 2013 04 20 20 11 49.949     2013 04 20 20 15  9.977     200.0
451
452
 2013 04 20 20 26 20.447     2013 04 20 20 29 49.491     209.0
453
 2013 04 20 10 20 19.039     2013 04 20 10 23  4.159     165.1
 2013 04 20 20 22 59.921     2013 04 20 20 26 22.623     202.7
454
 2013 04 20 11 54 33.439     2013 04 20 11 54 44.705      11.3
 2013 04 20 21 56 32.968     2013 04 20 21 57 18.614      45.6
455
 2013 04 20 20 20 45.653     2013 04 20 20 23 24.023     158.4
456
 2013 04 20 11 52 32.504     2013 04 20 11 55  9.572     157.1
457
458
 2013 04 20 15 14  6.934     2013 04 20 15 17 38.095     211.2
 2013 04 20 16 52  5.399     2013 04 20 16 55 56.032     230.6
 2013 04 20 21 48 18.172     2013 04 20 21 51  6.185     168.0
459
 2013 04 20 20 27 11.105     2013 04 20 20 30 17.290     186.2
460
 2013 04 20 15 14 38.344     2013 04 20 15 17 50.115     191.8
 2013 04 20 21 50  8.976     2013 04 20 21 53  3.067     174.1
461
 2013 04 20 20 20 17.714     2013 04 20 20 23 49.005     211.3
462
 2013 04 20 10 23 14.333     2013 04 20 10 26 48.876     214.5
463
 2013 04 20 12 03  6.525     2013 04 20 12 06 55.632     229.1
 2013 04 20 18 40 27.524     2013 04 20 18 44 13.368     225.8
464
 2013 04 20 20 21 13.016     2013 04 20 20 23 49.020     156.0
465
 2013 04 20 10 21 31.528     2013 04 20 10 24 52.807     201.3
 2013 04 20 20 23 45.733     2013 04 20 20 26 57.918     192.2
466
 2013 04 20 11 59 48.026     2013 04 20 12 02 36.170     168.1
 2013 04 20 20 18 22.994     2013 04 20 20 22  4.998     222.0
467
 2013 04 20 10 15 33.949     2013 04 20 10 18 11.724     157.8
 2013 04 20 22 04  2.139     2013 04 20 22 07 10.510     188.4
468
469
 2013 04 20 22 04  3.833     2013 04 20 22 04 51.726      47.9
470
471
 2013 04 20 10 15 40.664     2013 04 20 10 16  2.283      21.6
 2013 04 20 22 02 32.418     2013 04 20 22 05 41.187     188.8
472
 2013 04 20 12 02 34.566     2013 04 20 12 03  3.121      28.6
473
 2013 04 20 13 41  3.906     2013 04 20 13 43 43.449     159.5
 2013 04 20 18 36 33.701     2013 04 20 18 40  1.185     207.5
474
 2013 04 20 20 29 26.411     2013 04 20 20 30 11.430      45.0
475
 2013 04 20 11 54 13.908     2013 04 20 11 56 51.018     157.1
476
 2013 04 20 13 40  9.266     2013 04 20 13 43 35.368     206.1
 2013 04 20 20 15 26.347     2013 04 20 20 18 44.517     198.2
477
 2013 04 20 11 55 54.918     2013 04 20 11 58 38.934     164.0
 2013 04 20 21 58 29.982     2013 04 20 22 01  5.269     155.3
478
479
480
 2013 04 20 13 33 22.233     2013 04 20 13 36 30.723     188.5
481
 2013 04 20 11 55  6.482     2013 04 20 11 57 51.364     164.9
 2013 04 20 21 57 45.131     2013 04 20 22 01  3.580     198.4
482
 2013 04 20 18 41 21.537     2013 04 20 18 42  7.389      45.9
483
 2013 04 20 20 29 16.248     2013 04 20 20 30 10.896      54.6
484
485
 2013 04 20 12 05 51.415     2013 04 20 12 06 31.237      39.8
 2013 04 20 18 41 10.741     2013 04 20 18 41 41.748      31.0
486
 2013 04 20 13 31 45.890     2013 04 20 13 34 34.460     168.6
 2013 04 20 23 32 23.736     2013 04 20 23 35 55.602     211.9
487
488
 2013 04 20 15 15 48.399     2013 04 20 15 18 31.304     162.9
 2013 04 20 20 11 24.770     2013 04 20 20 14 55.307     210.5
489
 2013 04 20 13 32 19.473     2013 04 20 13 35  1.777     162.3
 2013 04 20 23 31 43.930     2013 04 20 23 32  5.956      22.0
490
 2013 04 20 12 03 51.091     2013 04 20 12 06 58.801     187.7
 2013 04 20 18 40 21.201     2013 04 20 18 43 28.232     187.0
491
 2013 04 20 13 29  5.740     2013 04 20 13 31 45.113     159.4
 2013 04 20 23 36  4.167     2013 04 20 23 37  2.224      58.1
492
 2013 04 20 13 34 37.767     2013 04 20 13 37 47.501     189.7
 2013 04 20 21 51 50.282     2013 04 20 21 55 29.230     218.9
493
 2013 04 20 21 54 57.044     2013 04 20 21 58 10.362     193.3
494
 2013 04 20 10 15 51.645     2013 04 20 10 19  7.581     195.9
 2013 04 20 22 02 56.260     2013 04 20 22 06 13.066     196.8
495
496
 2013 04 20 10 29 37.870     2013 04 20 10 29 43.264       5.4
 2013 04 20 18 41 54.291     2013 04 20 18 44 42.955     168.7
497
 2013 04 20 11 59 28.928     2013 04 20 12 02 33.894     185.0
 2013 04 20 20 18 36.716     2013 04 20 20 19 10.148      33.4
498
499
 2013 04 20 13 37 36.844     2013 04 20 13 40 14.832     158.0
500
 2013 04 20 22 02 41.425     2013 04 20 22 05 22.289     160.9
501
 2013 04 20 10 16 44.518     2013 04 20 10 20 24.013     219.5
502
 2013 04 20 13 32 52.485     2013 04 20 13 33 10.239      17.8
503
 2013 04 20 13 38  5.043     2013 04 20 13 38 35.823      30.8
 2013 04 20 21 51 16.087     2013 04 20 21 54 38.170     202.1
504
 2013 04 20 12 06  9.507     2013 04 20 12 08 49.496     160.0
 2013 04 20 17 01 28.410     2013 04 20 17 04 56.996     208.6
 2013 04 20 18 39 13.176     2013 04 20 18 39 51.153      38.0
505
506
 2013 04 20 15 15 50.821     2013 04 20 15 18 29.449     158.6
 2013 04 20 20 11 17.470     2013 04 20 20 14 38.654     201.2
507
 2013 04 20 13 28  2.134     2013 04 20 13 31 43.938     221.8
 2013 04 20 23 37 37.950     2013 04 20 23 38 14.874      36.9
508
 2013 04 20 12 05 38.147     2013 04 20 12 08 45.885     187.7
 2013 04 20 18 40 25.216     2013 04 20 18 43 51.096     205.9
509
 2013 04 20 13 33 37.356     2013 04 20 13 36 40.522     183.2
510
 2013 04 20 12 00 20.199     2013 04 20 12 03  1.684     161.5
 2013 04 20 20 17 48.981     2013 04 20 20 21  2.247     193.3
511
 2013 04 20 23 37  4.397     2013 04 20 23 40  2.890     178.5
512
 2013 04 20 21 59  9.417     2013 04 20 22 02 32.758     203.3
513
 2013 04 20 10 22 36.486     2013 04 20 10 26  2.184     205.7
514
 2013 04 20 12 00 58.162     2013 04 20 12 03 36.657     158.5
 2013 04 20 20 18 22.993     2013 04 20 20 21  1.501     158.5
515
 2013 04 20 11 50 27.442     2013 04 20 11 53 17.217     169.8
 2013 04 20 23 38 50.261     2013 04 20 23 40 17.046      86.8
516
 2013 04 20 12 05 52.278     2013 04 20 12 08 31.922     159.6
 2013 04 20 17 05  2.511     2013 04 20 17 05 25.889      23.4
 2013 04 20 18 39 45.600     2013 04 20 18 43 18.268     212.7
517
 2013 04 20 13 30 53.832     2013 04 20 13 33 54.227     180.4
 2013 04 20 23 33 15.870     2013 04 20 23 36  5.082     169.2
518
 2013 04 20 13 40 34.190     2013 04 20 13 43 16.076     161.9
 2013 04 20 18 35 48.411     2013 04 20 18 39 39.732     231.3
 2013 04 20 20 14  4.070     2013 04 20 20 17 39.648     215.6
519
 2013 04 20 10 21  5.704     2013 04 20 10 23 53.944     168.2
 2013 04 20 20 23 52.931     2013 04 20 20 26 28.179     155.2
520
521
 2013 04 20 10 15 56.600     2013 04 20 10 18 55.345     178.7
522
 2013 04 20 15 13  3.161     2013 04 20 15 16  8.994     185.8
 2013 04 20 21 49 34.282     2013 04 20 21 53  4.174     209.9
523
 2013 04 20 11 56 30.898     2013 04 20 11 59 54.644     203.7
 2013 04 20 21 58 14.124     2013 04 20 22 01 47.652     213.5
524
 2013 04 20 10 20 51.764     2013 04 20 10 23 30.869     159.1
 2013 04 20 20 23 42.649     2013 04 20 20 26 23.371     160.7
525
 2013 04 20 10 17 39.057     2013 04 20 10 20 25.670     166.6
526
 2013 04 20 23 35 40.478     2013 04 20 23 39  4.925     204.4
527
 2013 04 20 11 58   .065     2013 04 20 12 01  1.177     181.1
528
529
 2013 04 20 13 40 36.177     2013 04 20 13 43 22.149     166.0
 2013 04 20 18 40 22.986     2013 04 20 18 40 26.128       3.1
 2013 04 20 20 14 42.440     2013 04 20 20 18 16.985     214.5
530
 2013 04 20 12 03 27.019     2013 04 20 12 06  6.792     159.8
 2013 04 20 18 39 16.945     2013 04 20 18 39 54.431      37.5
531
 2013 04 20 21 51  1.153     2013 04 20 21 53 43.185     162.0
532
 2013 04 20 21 59 45.307     2013 04 20 22 03  4.552     199.2
533
 2013 04 20 10 25 25.401     2013 04 20 10 28 46.970     201.6
 2013 04 20 18 42 22.951     2013 04 20 18 45 34.282     191.3
534
 2013 04 20 12 03 53.240     2013 04 20 12 06 49.334     176.1
 2013 04 20 18 40  8.757     2013 04 20 18 43 18.744     190.0
535
 2013 04 20 10 21 22.011     2013 04 20 10 21 24.603       2.6
 2013 04 20 20 21 47.105     2013 04 20 20 24 22.712     155.6
536
 2013 04 20 10 24 50.687     2013 04 20 10 27 28.857     158.2
537
 2013 04 20 21 58 54.694     2013 04 20 22 02 32.264     217.6
538
 2013 04 20 11 55 25.261     2013 04 20 11 58  3.848     158.6
 2013 04 20 21 58  2.454     2013 04 20 22 00 58.106     175.7
539
 2013 04 20 11 49 54.545     2013 04 20 11 53 45.133     230.6
 2013 04 20 23 37 46.843     2013 04 20 23 40 30.971     164.1
540
 2013 04 20 12 04 37.840     2013 04 20 12 08  2.702     204.9
 2013 04 20 13 42 30.275     2013 04 20 13 43 43.471      73.2
 2013 04 20 18 38 55.585     2013 04 20 18 41 40.326     164.7
541
 2013 04 20 12 05  6.833     2013 04 20 12 08 22.365     195.5
 2013 04 20 13 42 56.563     2013 04 20 13 44 46.932     110.4
 2013 04 20 17 00 14.522     2013 04 20 17 00 39.002      24.5
 2013 04 20 18 38 54.686     2013 04 20 18 42   .981     186.3
542
 2013 04 20 15 16 53.050     2013 04 20 15 19 43.667     170.6
 2013 04 20 20 12 31.623     2013 04 20 20 15  9.812     158.2
543
 2013 04 20 10 20 36.687     2013 04 20 10 23 53.860     197.2
 2013 04 20 20 24 24.626     2013 04 20 20 26 59.691     155.1
544
 2013 04 20 11 52 28.633     2013 04 20 11 55  5.543     156.9
545
546
547
 2013 04 20 12 02 21.099     2013 04 20 12 05 12.709     171.6
 2013 04 20 20 17   .576     2013 04 20 20 20 35.589     215.0
548
 2013 04 20 10 23 29.045     2013 04 20 10 26 22.714     173.7
549
550
 2013 04 20 11 53  6.167     2013 04 20 11 55 44.057     157.9
551
 2013 04 20 13 35   .262     2013 04 20 13 38 10.721     190.5
 2013 04 20 21 53 47.955     2013 04 20 21 56 36.962     169.0
552
 2013 04 20 11 54 28.285     2013 04 20 11 57 19.070     170.8
 2013 04 20 22 01 22.412     2013 04 20 22 01 37.388      15.0
553
 2013 04 20 13 35  7.591     2013 04 20 13 38 39.705     212.1
 2013 04 20 21 51 49.747     2013 04 20 21 54 41.963     172.2
554
 2013 04 20 10 25   .054     2013 04 20 10 27 43.638     163.6
 2013 04 20 18 46 15.889     2013 04 20 18 46 47.321      31.4
555
 2013 04 20 23 35 51.915     2013 04 20 23 38 26.886     155.0
556
 2013 04 20 23 33 30.407     2013 04 20 23 34 54.187      83.8
557
 2013 04 20 13 39 42.712     2013 04 20 13 42 25.118     162.4
 2013 04 20 20 14 56.885     2013 04 20 20 17 36.244     159.4
558
 2013 04 20 10 23 36.923     2013 04 20 10 26 14.679     157.8
559
 2013 04 20 20 26 12.462     2013 04 20 20 29 43.180     210.7
560
 2013 04 20 12 02 43.900     2013 04 20 12 06 33.361     229.5
 2013 04 20 18 37 53.590     2013 04 20 18 41 45.253     231.7
561
 2013 04 20 11 52 21.972     2013 04 20 11 55 50.997     209.0
562
 2013 04 20 11 56 24.321     2013 04 20 11 59 53.537     209.2
 2013 04 20 21 56 46.021     2013 04 20 21 59 24.369     158.3
563
 2013 04 20 11 52  5.848     2013 04 20 11 54 49.556     163.7
564
 2013 04 20 11 54  4.277     2013 04 20 11 56 43.142     158.9
565
566
 2013 04 20 11 54 41.109     2013 04 20 11 57 20.085     159.0
 2013 04 20 21 58 22.744     2013 04 20 22 01 55.955     213.2
567
568
 2013 04 20 20 19 58.726     2013 04 20 20 22 34.658     155.9
569
 2013 04 20 10 17 24.349     2013 04 20 10 20 26.338     182.0
570
 2013 04 20 13 36 51.340     2013 04 20 13 39 57.727     186.4
 2013 04 20 21 51 37.697     2013 04 20 21 54 59.787     202.1
571
 2013 04 20 20 20 53.394     2013 04 20 20 24  1.615     188.2
572
 2013 04 20 13 37 40.282     2013 04 20 13 41 14.054     213.8
 2013 04 20 20 18 53.988     2013 04 20 20 19   .200       6.2
573
574
 2013 04 20 13 36 36.926     2013 04 20 13 37 49.390      72.5
575
 2013 04 20 13 32 37.044     2013 04 20 13 35 21.657     164.6
 2013 04 20 23 30 57.394     2013 04 20 23 31 21.479      24.1
576
 2013 04 20 15 14  3.827     2013 04 20 15 16 58.873     175.0
 2013 04 20 21 48 49.905     2013 04 20 21 51 27.316     157.4
577
578
 2013 04 20 15 15 46.224     2013 04 20 15 18 49.738     183.5
 2013 04 20 20 11 47.267     2013 04 20 20 15 23.359     216.1
579
 2013 04 20 22 01 24.218     2013 04 20 22 03 59.297     155.1
580
581
582
 2013 04 20 10 20 23.268     2013 04 20 10 23 46.750     203.5
 2013 04 20 20 22 20.073     2013 04 20 20 25 34.837     194.8
583
 2013 04 20 20 16 30.160     2013 04 20 20 19 33.567     183.4
584
 2013 04 20 12 00 40.226     2013 04 20 12 01 15.723      35.5
 2013 04 20 20 19 32.634     2013 04 20 20 22 20.504     167.9
585
 2013 04 20 10 22 53.527     2013 04 20 10 25 31.840     158.3
 2013 04 20 20 21 58.761     2013 04 20 20 24   .080     121.3
586
 2013 04 20 13 40 34.061     2013 04 20 13 43 16.735     162.7
 2013 04 20 18 35 47.908     2013 04 20 18 39 37.576     229.7
 2013 04 20 20 14  2.105     2013 04 20 20 17 38.400     216.3
587
 2013 04 20 13 37 14.554     2013 04 20 13 37 28.668      14.1
 2013 04 20 20 12 24.138     2013 04 20 20 12 33.581       9.4
588
589
 2013 04 20 10 17 44.023     2013 04 20 10 20 22.056     158.0
590
 2013 04 20 12 00 23.889     2013 04 20 12 03 30.679     186.8
 2013 04 20 20 19  1.745     2013 04 20 20 21 46.778     165.0
591
 2013 04 20 10 20  9.914     2013 04 20 10 23  3.800     173.9
 2013 04 20 20 22 45.162     2013 04 20 20 26 20.508     215.3
592
 2013 04 20 13 33  5.396     2013 04 20 13 36   .073     174.7
593
 2013 04 20 12 03  9.767     2013 04 20 12 06 23.780     194.0
 2013 04 20 18 38 22.394     2013 04 20 18 42  6.367     224.0
594
 2013 04 20 13 31 58.572     2013 04 20 13 34 43.930     165.4
 2013 04 20 23 31 37.863     2013 04 20 23 34 53.584     195.7
595
596
 2013 04 20 13 35 55.408     2013 04 20 13 39  2.793     187.4
 2013 04 20 21 52  9.434     2013 04 20 21 54 46.254     156.8
597
 2013 04 20 10 18 32.469     2013 04 20 10 19  3.304      30.8
598
 2013 04 20 11 51 22.076     2013 04 20 11 54  6.898     164.8
599
 2013 04 20 23 35  8.625     2013 04 20 23 35 56.064      47.4
600
601
 2013 04 20 11 58 21.939     2013 04 20 12 01 11.065     169.1
602
 2013 04 20 11 58 25.918     2013 04 20 12 01 56.784     210.9
603
 2013 04 20 23 34 30.758     2013 04 20 23 37 30.604     179.8
604
 2013 04 20 11 52 46.949     2013 04 20 11 52 58.690      11.7
 2013 04 20 22 03 34.487     2013 04 20 22 03 58.724      24.2
605
 2013 04 20 11 53 15.948     2013 04 20 11 56 51.860     215.9
 2013 04 20 22 03 27.048     2013 04 20 22 03 34.402       7.4
606
 2013 04 20 12 02 52.662     2013 04 20 12 05 35.649     163.0
607
 2013 04 20 10 21 58.727     2013 04 20 10 25  3.738     185.0
 2013 04 20 20 22 13.133     2013 04 20 20 24 59.163     166.0
608
 2013 04 20 13 35 34.591     2013 04 20 13 35 45.361      10.8
 2013 04 20 21 51 32.282     2013 04 20 21 54  9.146     156.9
609
 2013 04 20 11 57 59.439     2013 04 20 12 01  7.737     188.3
610
 2013 04 20 11 50 45.196     2013 04 20 11 54  4.074     198.9
 2013 04 20 23 37 27.371     2013 04 20 23 40 55.170     207.8
611
 2013 04 20 12 04 21.225     2013 04 20 12 08 13.575     232.4
 2013 04 20 13 42 34.916     2013 04 20 13 46  8.632     213.7
 2013 04 20 18 38 37.554     2013 04 20 18 41 22.066     164.5
612
 2013 04 20 20 27 36.372     2013 04 20 20 30 16.440     160.1
613
 2013 04 20 15 12 52.034     2013 04 20 15 16 39.228     227.2
 2013 04 20 21 50  8.738     2013 04 20 21 53 29.747     201.0
614
615
 2013 04 20 15 16 52.027     2013 04 20 15 20  9.768     197.7
 2013 04 20 20 12 59.069     2013 04 20 20 15 37.096     158.0
616
 2013 04 20 13 34 28.646     2013 04 20 13 37  6.164     157.5
 2013 04 20 21 55 55.113     2013 04 20 21 56 36.240      41.1
617
 2013 04 20 11 58  3.537     2013 04 20 12 01  8.657     185.1
618
 2013 04 20 12 00 32.891     2013 04 20 12 03 18.976     166.1
 2013 04 20 20 17 46.103     2013 04 20 20 20 43.974     177.9
619
 2013 04 20 18 41 20.226     2013 04 20 18 44 11.826     171.6
620
 2013 04 20 11 56 30.732     2013 04 20 11 59  8.116     157.4
 2013 04 20 21 57 48.457     2013 04 20 22 00 30.209     161.8
621
 2013 04 20 13 32 36.800     2013 04 20 13 36 21.427     224.6
622
 2013 04 20 13 35 13.592     2013 04 20 13 37 52.096     158.5
 2013 04 20 21 53  2.527     2013 04 20 21 56  1.518     179.0
623
 2013 04 20 12 04 33.127     2013 04 20 12 07 29.577     176.4
 2013 04 20 18 39 20.227     2013 04 20 18 41 57.564     157.3
624
 2013 04 20 13 29 40.282     2013 04 20 13 32 23.651     163.4
 2013 04 20 23 33 21.564     2013 04 20 23 36 28.796     187.2
625
 2013 04 20 12 03 33.851     2013 04 20 12 06 14.123     160.3
 2013 04 20 18 39  3.611     2013 04 20 18 42 44.286     220.7
626
 2013 04 20 20 27  2.931     2013 04 20 20 30 46.256     223.3
627
 2013 04 20 11 52 17.041     2013 04 20 11 54 57.379     160.3
628
 2013 04 20 10 19 49.603     2013 04 20 10 23 16.379     206.8
 2013 04 20 20 25  5.964     2013 04 20 20 26  7.550      61.6
629
 2013 04 20 10 22  2.646     2013 04 20 10 24 53.020     170.4
 2013 04 20 20 22 27.252     2013 04 20 20 25 15.624     168.4
630
 2013 04 20 15 16  9.862     2013 04 20 15 18 50.863     161.0
 2013 04 20 20 11 43.781     2013 04 20 20 14 47.067     183.3
631
 2013 04 20 11 56 15.314     2013 04 20 11 59 12.339     177.0
 2013 04 20 21 58 26.100     2013 04 20 22 01 17.184     171.1
632
 2013 04 20 12 01 44.212     2013 04 20 12 04 43.357     179.1
 2013 04 20 20 18 29.275     2013 04 20 20 21 37.366     188.1
633
 2013 04 20 13 37  5.273     2013 04 20 13 40 49.621     224.3
634
 2013 04 20 13 33 30.410     2013 04 20 13 36 34.638     184.2
635
 2013 04 20 13 33 26.439     2013 04 20 13 36 14.235     167.8
636
 2013 04 20 15 16 42.927     2013 04 20 15 19 26.905     164.0
 2013 04 20 20 12 16.019     2013 04 20 20 14 56.555     160.5
637
 2013 04 20 12 04 31.395     2013 04 20 12 08  2.354     211.0
 2013 04 20 18 40 59.451     2013 04 20 18 43 36.562     157.1
638
639
 2013 04 20 13 35 13.303     2013 04 20 13 38 48.025     214.7
 2013 04 20 21 54  7.167     2013 04 20 21 56 43.221     156.1
640
 2013 04 20 10 16 27.715     2013 04 20 10 19 18.328     170.6
641
 2013 04 20 12 04  4.750     2013 04 20 12 06 43.076     158.3
 2013 04 20 18 39 41.348     2013 04 20 18 42 43.688     182.3
642
 2013 04 20 23 35 50.389     2013 04 20 23 38 42.300     171.9
643
 2013 04 20 13 32  1.315     2013 04 20 13 34 46.639     165.3
 2013 04 20 23 32  5.926     2013 04 20 23 35 53.768     227.8
644
 2013 04 20 12 02 23.972     2013 04 20 12 05 20.508     176.5
 2013 04 20 20 16 51.035     2013 04 20 20 20 32.521     221.5
645
 2013 04 20 12 02 40.255     2013 04 20 12 05 31.616     171.4
646
 2013 04 20 20 25 50.447     2013 04 20 20 28 28.089     157.6
647
 2013 04 20 23 35  1.463     2013 04 20 23 38 43.882     222.4
648
 2013 04 20 22 05  8.224     2013 04 20 22 05 51.550      43.3
649
 2013 04 20 21 56 14.648     2013 04 20 21 59  4.078     169.4
650
 2013 04 20 20 21 27.376     2013 04 20 20 24  5.010     157.6
651
652
 2013 04 20 11 51 46.551     2013 04 20 11 54 24.668     158.1
653
 2013 04 20 13 29 11.161     2013 04 20 13 32 47.095     215.9
 2013 04 20 23 34 16.591     2013 04 20 23 37  5.773     169.2
654
 2013 04 20 10 19 27.624     2013 04 20 10 22 23.371     175.7
 2013 04 20 20 24  4.823     2013 04 20 20 27 50.502     225.7
655
 2013 04 20 10 19 44.093     2013 04 20 10 22 26.179     162.1
 2013 04 20 20 26 45.582     2013 04 20 20 27  6.012      20.4
656
 2013 04 20 13 31  6.611     2013 04 20 13 33 43.896     157.3
 2013 04 20 23 32 45.016     2013 04 20 23 35 24.595     159.6
657
 2013 04 20 10 20 39.533     2013 04 20 10 24 29.244     229.7
 2013 04 20 20 22  2.291     2013 04 20 20 24 55.588     173.3
658
 2013 04 20 13 32 21.727     2013 04 20 13 35 46.665     204.9
 2013 04 20 23 30 28.607     2013 04 20 23 34 17.843     229.2
659
 2013 04 20 12 00 21.264     2013 04 20 12 03 28.362     187.1
 2013 04 20 20 17 21.382     2013 04 20 20 20 24.889     183.5
660
661
 2013 04 20 11 59 46.533     2013 04 20 12 03  8.214     201.7
 2013 04 20 20 16 55.098     2013 04 20 20 20 38.358     223.3
662
 2013 04 20 20 20 19.208     2013 04 20 20 22 55.041     155.8
663
 2013 04 20 11 50 53.732     2013 04 20 11 54 34.393     220.7
664
 2013 04 20 11 57 55.526     2013 04 20 12 01 44.029     228.5
665
 2013 04 20 20 26 37.234     2013 04 20 20 29 15.274     158.0
666
667
 2013 04 20 11 51 56.251     2013 04 20 11 55 38.675     222.4
668
 2013 04 20 15 13 38.429     2013 04 20 15 16 20.519     162.1
 2013 04 20 21 48 56.159     2013 04 20 21 51 48.665     172.5
669
 2013 04 20 20 16 14.431     2013 04 20 20 18 52.523     158.1
670
 2013 04 20 11 55 27.412     2013 04 20 11 58 19.286     171.9
 2013 04 20 21 58 48.414     2013 04 20 22 01 25.945     157.5
671
 2013 04 20 12 03 21.234     2013 04 20 12 06 49.379     208.1
 2013 04 20 18 40 19.212     2013 04 20 18 43 55.917     216.7
672
 2013 04 20 12 01  4.224     2013 04 20 12 03 50.368     166.1
 2013 04 20 20 17 50.573     2013 04 20 20 20 28.014     157.4
673
 2013 04 20 13 32 21.270     2013 04 20 13 35  4.098     162.8
 2013 04 20 23 31 18.078     2013 04 20 23 35  3.904     225.8
674
 2013 04 20 20 19 52.144     2013 04 20 20 23 22.921     210.8
675
676
 2013 04 20 13 33 35.442     2013 04 20 13 37  9.310     213.9
677
 2013 04 20 11 54 16.065     2013 04 20 11 57 20.323     184.3
 2013 04 20 21 59  1.281     2013 04 20 22 02 30.184     208.9
678
 2013 04 20 22 00 12.003     2013 04 20 22 02 47.341     155.3
679
 2013 04 20 13 28 59.333     2013 04 20 13 31 39.499     160.2
 2013 04 20 23 36 40.007     2013 04 20 23 37 10.355      30.3
680
 2013 04 20 12 00 34.311     2013 04 20 12 03 41.944     187.6
 2013 04 20 20 17 25.018     2013 04 20 20 20 15.520     170.5
681
 2013 04 20 20 21  4.532     2013 04 20 20 23 41.270     156.7
682
 2013 04 20 11 58 19.354     2013 04 20 12 01  9.162     169.8
683
 2013 04 20 11 58 41.689     2013 04 20 12 01 57.173     195.5
684
 2013 04 20 11 51 15.446     2013 04 20 11 51 45.521      30.1
685
686
 2013 04 20 13 32 21.278     2013 04 20 13 35  5.376     164.1
 2013 04 20 23 31 42.623     2013 04 20 23 31 47.452       4.8
687
 2013 04 20 11 50  5.346     2013 04 20 11 53 20.535     195.2
 2013 04 20 23 38 10.029     2013 04 20 23 40 59.193     169.2
688
 2013 04 20 11 56 55.391     2013 04 20 11 59 59.564     184.2
 2013 04 20 21 56 48.014     2013 04 20 21 59 43.907     175.9
689
 2013 04 20 12 02 19.410     2013 04 20 12 05 17.643     178.2
 2013 04 20 20 17 57.657     2013 04 20 20 19  7.709      70.1
690
 2013 04 20 13 36 23.873     2013 04 20 13 39  7.879     164.0
 2013 04 20 21 52 27.495     2013 04 20 21 55 13.526     166.0
691
692
693
 2013 04 20 11 56 59.353     2013 04 20 11 59 48.507     169.2
 2013 04 20 21 57 42.314     2013 04 20 22 01 11.836     209.5
694
 2013 04 20 10 20  8.649     2013 04 20 10 23 27.307     198.7
 2013 04 20 20 22 20.778     2013 04 20 20 25 54.680     213.9
695
 2013 04 20 13 34 45.548     2013 04 20 13 37 52.776     187.2
 2013 04 20 21 53 40.080     2013 04 20 21 56 45.756     185.7
696
 2013 04 20 11 54 24.277     2013 04 20 11 57 53.698     209.4
 2013 04 20 22 00 44.522     2013 04 20 22 00 59.767      15.2
697
 2013 04 20 10 18 50.554     2013 04 20 10 21 31.909     161.4
698
 2013 04 20 13 31 19.684     2013 04 20 13 34 56.034     216.3
 2013 04 20 23 32 51.764     2013 04 20 23 34 13.914      82.1
699
 2013 04 20 11 53 44.727     2013 04 20 11 56 27.494     162.8
700
 2013 04 20 20 25 47.480     2013 04 20 20 28 22.613     155.1
701
 2013 04 20 12 04 50.492     2013 04 20 12 08 10.607     200.1
 2013 04 20 13 42 41.112     2013 04 20 13 43 57.668      76.6
 2013 04 20 18 38 56.512     2013 04 20 18 41 48.769     172.3
702
 2013 04 20 10 15 41.282     2013 04 20 10 18 42.994     181.7
 2013 04 20 22 03 21.178     2013 04 20 22 06 27.382     186.2
703
 2013 04 20 11 52  7.895     2013 04 20 11 55 22.008     194.1
704
 2013 04 20 13 35 19.036     2013 04 20 13 35 39.181      20.1
 2013 04 20 21 54 20.807     2013 04 20 21 57  6.820     166.0
705
 2013 04 20 11 55 31.054     2013 04 20 11 56  1.862      30.8
706
 2013 04 20 11 53 38.005     2013 04 20 11 57 17.563     219.6
 2013 04 20 21 59 29.415     2013 04 20 22 03  8.591     219.2
707
708
709
 2013 04 20 13 35  5.860     2013 04 20 13 38 47.930     222.1
 2013 04 20 21 51 43.501     2013 04 20 21 54 33.956     170.5
710
 2013 04 20 21 51  3.838     2013 04 20 21 54  1.861     178.0
711
 2013 04 20 12 05 17.448     2013 04 20 12 08 34.564     197.1
 2013 04 20 18 40 41.344     2013 04 20 18 43 45.338     184.0
712
713
 2013 04 20 23 29 41.902     2013 04 20 23 33  1.286     199.4
714
715
 2013 04 20 20 23 40.691     2013 04 20 20 23 46.641       6.0
716
 2013 04 20 22 02 57.895     2013 04 20 22 05 36.704     158.8
717
 2013 04 20 10 17 35.884     2013 04 20 10 18  1.924      26.0
 2013 04 20 22 03 19.872     2013 04 20 22 06 15.157     175.3
718
 2013 04 20 21 58 56.281     2013 04 20 21 59 15.247      19.0
719
 2013 04 20 13 31 30.624     2013 04 20 13 34 45.843     195.2
 2013 04 20 23 31 28.006     2013 04 20 23 34 17.657     169.7
720
 2013 04 20 21 53 42.306     2013 04 20 21 54 26.084      43.8
721
 2013 04 20 23 35 36.764     2013 04 20 23 38 14.350     157.6
722
 2013 04 20 13 38 30.925     2013 04 20 13 41 50.147     199.2
 2013 04 20 20 13 33.181     2013 04 20 20 16 25.588     172.4
723
 2013 04 20 13 26 52.326     2013 04 20 13 28  1.398      69.1
724
 2013 04 20 11 50 45.636     2013 04 20 11 53 39.871     174.2
725
726
727
 2013 04 20 13 40 51.885     2013 04 20 13 43 31.587     159.7
 2013 04 20 18 36 10.875     2013 04 20 18 39 42.694     211.8
 2013 04 20 20 13 59.630     2013 04 20 20 14 53.498      53.9
728
 2013 04 20 15 14 21.754     2013 04 20 15 14 40.519      18.8
 2013 04 20 21 50 44.868     2013 04 20 21 53 48.029     183.2
729
 2013 04 20 22 01 59.083     2013 04 20 22 04 48.220     169.1
730
 2013 04 20 20 21 24.555     2013 04 20 20 24 25.615     181.1
731
732
 2013 04 20 10 19 40.227     2013 04 20 10 23 17.992     217.8
 2013 04 20 20 25 45.591     2013 04 20 20 26  7.469      21.9
733
 2013 04 20 10 20 26.329     2013 04 20 10 23 10.962     164.6
 2013 04 20 20 23 56.606     2013 04 20 20 26 48.934     172.3
734
 2013 04 20 13 33 49.982     2013 04 20 13 36 27.692     157.7
735
 2013 04 20 12 01 45.881     2013 04 20 12 05 31.115     225.2
 2013 04 20 20 16 30.623     2013 04 20 20 19 43.601     193.0
736
 2013 04 20 20 19 58.463     2013 04 20 20 22 36.433     158.0
737
 2013 04 20 13 34 21.825     2013 04 20 13 38  6.707     224.9
 2013 04 20 21 54  7.917     2013 04 20 21 57 13.068     185.2
738
739
 2013 04 20 22 02  3.204     2013 04 20 22 04 51.202     168.0
740
 2013 04 20 11 54  1.421     2013 04 20 11 56 38.891     157.5
741
 2013 04 20 11 54 59.977     2013 04 20 11 58  7.810     187.8
 2013 04 20 21 59  8.099     2013 04 20 22 01 51.246     163.1
742
 2013 04 20 12 01 22.000     2013 04 20 12 04 33.898     191.9
 2013 04 20 20 17 17.441     2013 04 20 20 19 58.063     160.6
743
 2013 04 20 11 59 59.663     2013 04 20 12 02 38.645     159.0
 2013 04 20 20 17 44.913     2013 04 20 20 21 27.085     222.2
744
 2013 04 20 23 37 42.716     2013 04 20 23 40 29.523     166.8
745
 2013 04 20 12 01 48.412     2013 04 20 12 05 10.380     202.0
 2013 04 20 20 18 32.510     2013 04 20 20 22  5.955     213.4
746
 2013 04 20 11 54 37.915     2013 04 20 11 57 24.402     166.5
 2013 04 20 21 58 40.422     2013 04 20 22 02  4.397     204.0
747
 2013 04 20 22 01  7.537     2013 04 20 22 04  6.827     179.3
748
 2013 04 20 11 50 41.337     2013 04 20 11 54 20.283     218.9
 2013 04 20 23 37 12.811     2013 04 20 23 40 37.798     205.0
749
 2013 04 20 23 37 44.630     2013 04 20 23 40 23.882     159.3
750
 2013 04 20 13 31 31.270     2013 04 20 13 35  5.683     214.4
 2013 04 20 23 31  9.219     2013 04 20 23 34  1.999     172.8
751
 2013 04 20 10 16 53.920     2013 04 20 10 20 18.849     204.9
752
 2013 04 20 21 55 44.326     2013 04 20 21 58 21.994     157.7
753
754
 2013 04 20 11 49 28.117     2013 04 20 11 49 30.632       2.5
 2013 04 20 23 37 59.448     2013 04 20 23 40 34.603     155.2
755
 2013 04 20 18 41 43.070     2013 04 20 18 44 22.653     159.6
756
 2013 04 20 21 55 17.628     2013 04 20 21 58 13.764     176.1
757
 2013 04 20 10 17 53.419     2013 04 20 10 21 36.032     222.6
758
759
 2013 04 20 13 34 46.098     2013 04 20 13 35 58.143      72.0
 2013 04 20 21 51 31.200     2013 04 20 21 54 36.884     185.7
760
 2013 04 20 13 39  5.084     2013 04 20 13 42  3.236     178.2
 2013 04 20 20 15 11.676     2013 04 20 20 17 54.791     163.1
761
 2013 04 20 21 59 37.349     2013 04 20 22 00 24.119      46.8
762
 2013 04 20 22 01 49.749     2013 04 20 22 04 28.757     159.0
763
 2013 04 20 11 52 14.506     2013 04 20 11 55 54.175     219.7
764
 2013 04 20 20 19 38.717     2013 04 20 20 22 28.891     170.2
765
 2013 04 20 12 03 38.875     2013 04 20 12 06 53.587     194.7
 2013 04 20 18 40 19.673     2013 04 20 18 43 38.779     199.1
766
 2013 04 20 10 27 32.798     2013 04 20 10 27 44.818      12.0
767
 2013 04 20 10 15 56.955     2013 04 20 10 18 41.258     164.3
 2013 04 20 22 03 25.702     2013 04 20 22 06 52.642     206.9
768
 2013 04 20 12 00 46.322     2013 04 20 12 04 28.066     221.7
 2013 04 20 20 19 21.285     2013 04 20 20 22  2.428     161.1
769
 2013 04 20 13 40 42.642     2013 04 20 13 40 56.168      13.5
 2013 04 20 21 50 36.293     2013 04 20 21 54 22.311     226.0
770
771
 2013 04 20 10 17   .118     2013 04 20 10 19 37.083     157.0
772
 2013 04 20 10 22 33.816     2013 04 20 10 25 18.892     165.1
 2013 04 20 20 22 36.946     2013 04 20 20 26 25.236     228.3
773
 2013 04 20 10 19 21.947     2013 04 20 10 21 58.852     156.9
774
 2013 04 20 13 33 37.071     2013 04 20 13 36 43.165     186.1
775
 2013 04 20 15 14 55.584     2013 04 20 15 17 42.543     167.0
 2013 04 20 21 49 40.874     2013 04 20 21 52 43.185     182.3
776
 2013 04 20 20 20 43.217     2013 04 20 20 23 36.232     173.0
777
 2013 04 20 13 31 15.650     2013 04 20 13 32 30.765      75.1
 2013 04 20 23 32 52.036     2013 04 20 23 32 56.943       4.9
778
779
 2013 04 20 13 36 45.202     2013 04 20 13 39 35.830     170.6
 2013 04 20 21 52 55.090     2013 04 20 21 56 17.068     202.0
780
781
 2013 04 20 10 19 19.183     2013 04 20 10 22 50.989     211.8
 2013 04 20 20 24 43.365     2013 04 20 20 27 58.936     195.6
782
 2013 04 20 12 07 48.858     2013 04 20 12 08  1.219      12.4
 2013 04 20 13 42 12.905     2013 04 20 13 45 40.514     207.6
 2013 04 20 18 38 25.974     2013 04 20 18 41  3.537     157.6
783
 2013 04 20 13 34 53.975     2013 04 20 13 37 34.108     160.1
 2013 04 20 21 52 31.136     2013 04 20 21 55 58.347     207.2
784
785
 2013 04 20 13 39 24.748     2013 04 20 13 43 12.254     227.5
 2013 04 20 20 15 53.382     2013 04 20 20 18 36.115     162.7
786
 2013 04 20 10 23 57.479     2013 04 20 10 26 52.459     175.0
787
 2013 04 20 23 37 24.809     2013 04 20 23 40  1.330     156.5
788
 2013 04 20 21 55 33.295     2013 04 20 21 58 11.524     158.2
789
 2013 04 20 21 55 15.917     2013 04 20 21 58  4.301     168.4
790
 2013 04 20 11 58 39.029     2013 04 20 12 01 21.861     162.8
791
 2013 04 20 22 00  7.045     2013 04 20 22 02 49.296     162.3
792
 2013 04 20 13 34 10.971     2013 04 20 13 37 51.710     220.7
 2013 04 20 21 54 35.930     2013 04 20 21 55 21.245      45.3
793
 2013 04 20 20 28 13.580     2013 04 20 20 30 53.218     159.6
794
795
 2013 04 20 12 02  1.186     2013 04 20 12 04 41.129     159.9
 2013 04 20 20 17 59.687     2013 04 20 20 21 10.616     190.9
796
797
 2013 04 20 23 37 28.710     2013 04 20 23 40 43.724     195.0
798
 2013 04 20 13 34 33.997     2013 04 20 13 34 53.462      19.5
 2013 04 20 21 54 32.240     2013 04 20 21 57 12.436     160.2
799
 2013 04 20 11 55 48.765     2013 04 20 11 58 46.049     177.3
 2013 04 20 21 57 29.827     2013 04 20 22 00 11.330     161.5
800
 2013 04 20 23 29 48.844     2013 04 20 23 33 29.274     220.4
801
 2013 04 20 15 13 36.636     2013 04 20 15 16 20.476     163.8
 2013 04 20 21 49 28.620     2013 04 20 21 52 26.177     177.6
802
 2013 04 20 20 20 59.311     2013 04 20 20 23 35.834     156.5
803
 2013 04 20 10 16 18.648     2013 04 20 10 19 47.431     208.8
804
 2013 04 20 13 37 30.916     2013 04 20 13 38 42.784      71.9
 2013 04 20 20 12 39.929     2013 04 20 20 16 21.829     221.9
805
 2013 04 20 20 27  9.243     2013 04 20 20 29 45.419     156.2
806
 2013 04 20 13 30  8.914     2013 04 20 13 33 56.393     227.5
 2013 04 20 23 33 59.321     2013 04 20 23 36 44.740     165.4
807
 2013 04 20 10 21 58.773     2013 04 20 10 24 37.384     158.6
 2013 04 20 20 22 50.660     2013 04 20 20 25 38.761     168.1
808
 2013 04 20 15 15 22.847     2013 04 20 15 18 13.445     170.6
 2013 04 20 16 52 56.609     2013 04 20 16 53  2.557       5.9
 2013 04 20 20 10 35.721     2013 04 20 20 14  4.563     208.8
 2013 04 20 21 48 27.389     2013 04 20 21 52 19.726     232.3
809
 2013 04 20 13 38   .817     2013 04 20 13 40 40.630     159.8
 2013 04 20 20 17 22.332     2013 04 20 20 17 42.126      19.8
810
 2013 04 20 10 25 18.045     2013 04 20 10 27 55.939     157.9
 2013 04 20 18 43  7.396     2013 04 20 18 46 45.318     217.9
811
 2013 04 20 13 29 38.314     2013 04 20 13 32 15.264     156.9
 2013 04 20 23 32 54.256     2013 04 20 23 36 19.399     205.1
812
 2013 04 20 15 14 41.541     2013 04 20 15 18 30.150     228.6
 2013 04 20 21 50 26.357     2013 04 20 21 53 41.364     195.0
813
 2013 04 20 21 59 53.169     2013 04 20 21 59 58.211       5.0
814
 2013 04 20 22 01 33.459     2013 04 20 22 04 23.169     169.7
815
 2013 04 20 15 12 41.921     2013 04 20 15 16 12.142     210.2
 2013 04 20 21 49 42.639     2013 04 20 21 53 29.938     227.3
816
 2013 04 20 13 36 29.980     2013 04 20 13 39 41.755     191.8
 2013 04 20 21 51 48.207     2013 04 20 21 54 47.025     178.8
817
 2013 04 20 11 54  7.203     2013 04 20 11 57 33.918     206.7
818
 2013 04 20 10 21 39.126     2013 04 20 10 24 19.953     160.8
 2013 04 20 20 22 58.152     2013 04 20 20 25 35.262     157.1
819
 2013 04 20 12 02 59.648     2013 04 20 12 05 39.572     159.9
820
 2013 04 20 11 58 26.873     2013 04 20 12 02  1.013     214.1
821
 2013 04 20 23 37 46.401     2013 04 20 23 40 26.126     159.7
822
 2013 04 20 11 54 31.731     2013 04 20 11 57 39.384     187.7
 2013 04 20 21 59  7.820     2013 04 20 22 02 14.731     186.9
823
 2013 04 20 10 24 53.251     2013 04 20 10 27 38.801     165.6
824
 2013 04 20 11 50 15.149     2013 04 20 11 53 32.482     197.3
 2013 04 20 23 37 59.260     2013 04 20 23 40 56.119     176.9
825
 2013 04 20 13 29 38.379     2013 04 20 13 32 19.845     161.5
 2013 04 20 23 32 33.472     2013 04 20 23 36  5.928     212.5
826
827
 2013 04 20 11 51 27.085     2013 04 20 11 52  4.770      37.7
828
 2013 04 20 22 01 32.893     2013 04 20 22 04 14.774     161.9
829
 2013 04 20 12 03 59.855     2013 04 20 12 05 11.247      71.4
 2013 04 20 13 42 12.231     2013 04 20 13 45 53.589     221.4
 2013 04 20 18 38 36.716     2013 04 20 18 41 14.309     157.6
830
 2013 04 20 15 13 38.537     2013 04 20 15 17  4.479     205.9
 2013 04 20 21 50 18.446     2013 04 20 21 53  1.142     162.7
831
 2013 04 20 11 56 30.660     2013 04 20 11 56 44.030      13.4
832
 2013 04 20 11 49 53.656     2013 04 20 11 53 16.590     202.9
 2013 04 20 23 38 12.073     2013 04 20 23 40 54.263     162.2
833
 2013 04 20 10 18 56.718     2013 04 20 10 21 39.501     162.8
834
835
 2013 04 20 11 58 35.677     2013 04 20 12 02   .934     205.3
836
 2013 04 20 13 34  1.064     2013 04 20 13 37 39.231     218.2
 2013 04 20 21 53 51.645     2013 04 20 21 57 30.135     218.5
837
 2013 04 20 12 03 45.556     2013 04 20 12 07 20.477     214.9
 2013 04 20 13 41 36.062     2013 04 20 13 41 37.940       1.9
 2013 04 20 18 38 42.324     2013 04 20 18 41 28.299     166.0
838
 2013 04 20 15 14 39.384     2013 04 20 15 17 38.973     179.6
 2013 04 20 21 49 59.587     2013 04 20 21 52 50.322     170.7
839
 2013 04 20 12 03  1.826     2013 04 20 12 06 54.573     232.7
 2013 04 20 18 38  9.137     2013 04 20 18 41 30.585     201.4
840
 2013 04 20 23 36 21.774     2013 04 20 23 39  5.090     163.3
841
 2013 04 20 11 51 50.966     2013 04 20 11 54 29.199     158.2
842
 2013 04 20 13 35 38.891     2013 04 20 13 36 53.995      75.1
 2013 04 20 21 54  5.736     2013 04 20 21 57  1.791     176.1
843
 2013 04 20 13 39 11.784     2013 04 20 13 39 39.452      27.7
 2013 04 20 21 51 26.857     2013 04 20 21 54  3.651     156.8
844
 2013 04 20 10 21 49.610     2013 04 20 10 24 59.248     189.6
 2013 04 20 20 22 14.706     2013 04 20 20 24 55.708     161.0
845
846
 2013 04 20 13 37 17.436     2013 04 20 13 40 13.792     176.4
 2013 04 20 21 51 26.372     2013 04 20 21 52 46.941      80.6
847
 2013 04 20 13 31   .441     2013 04 20 13 34  4.591     184.2
 2013 04 20 23 33 11.394     2013 04 20 23 36  9.099     177.7
848
 2013 04 20 12 00  1.261     2013 04 20 12 02 55.645     174.4
 2013 04 20 20 18 39.796     2013 04 20 20 21 56.495     196.7
849
 2013 04 20 13 33 38.704     2013 04 20 13 36 40.283     181.6
850
 2013 04 20 20 19 16.344     2013 04 20 20 19 45.519      29.2
851
 2013 04 20 10 19 43.739     2013 04 20 10 22 54.015     190.3
 2013 04 20 20 26 14.194     2013 04 20 20 26 31.427      17.2
852
 2013 04 20 12 05  5.383     2013 04 20 12 08 21.771     196.4
 2013 04 20 18 40 45.451     2013 04 20 18 43 36.885     171.4
853
 2013 04 20 10 20 30.914     2013 04 20 10 23 22.472     171.6
 2013 04 20 20 22 52.404     2013 04 20 20 26  2.029     189.6
854
 2013 04 20 13 35 46.348     2013 04 20 13 38 25.064     158.7
 2013 04 20 21 53  7.855     2013 04 20 21 55 45.070     157.2
855
 2013 04 20 13 38 53.480     2013 04 20 13 42 21.431     208.0
 2013 04 20 20 15 35.753     2013 04 20 20 18 18.512     162.8
856
 2013 04 20 00 00   .000     2013 04 20 00 00 55.933      55.9
 2013 04 20 11 50 38.908     2013 04 20 11 53 16.487     157.6
 2013 04 20 23 38 24.816     2013 04 20 23 41 57.168     212.4
857
858
 2013 04 20 11 59 47.655     2013 04 20 12 02 26.413     158.8
 2013 04 20 20 17 59.372     2013 04 20 20 18 18.615      19.2
859
 2013 04 20 13 35 34.876     2013 04 20 13 38 18.987     164.1
 2013 04 20 21 53 21.018     2013 04 20 21 56   .240     159.2
860
 2013 04 20 21 53 55.299     2013 04 20 21 54 16.062      20.8
861
 2013 04 20 10 22 40.351     2013 04 20 10 25 18.457     158.1
 2013 04 20 20 22 13.701     2013 04 20 20 25 46.272     212.6
862
 2013 04 20 12 02 39.260     2013 04 20 12 05 44.306     185.0
 2013 04 20 20 16 25.091     2013 04 20 20 16 41.913      16.8
863
 2013 04 20 13 32 31.083     2013 04 20 13 36 23.713     232.6
 2013 04 20 23 29 51.003     2013 04 20 23 30  7.281      16.3
864
865
 2013 04 20 22 02 33.428     2013 04 20 22 05  9.687     156.3
866
 2013 04 20 11 59 24.174     2013 04 20 12 02 34.874     190.7
 2013 04 20 20 18 41.107     2013 04 20 20 19  1.118      20.0
867
 2013 04 20 12 04 30.971     2013 04 20 12 08  3.901     212.9
 2013 04 20 13 42 29.526     2013 04 20 13 46 22.160     232.6
 2013 04 20 18 38 50.354     2013 04 20 18 41 33.831     163.5
868
 2013 04 20 11 57 23.609     2013 04 20 12 00 36.936     193.3
869
 2013 04 20 13 39 25.327     2013 04 20 13 42 10.093     164.8
 2013 04 20 20 14 19.010     2013 04 20 20 16 56.308     157.3
870
 2013 04 20 10 24 34.739     2013 04 20 10 27 17.364     162.6
871
 2013 04 20 10 17 49.985     2013 04 20 10 20 45.477     175.5
872
 2013 04 20 15 15  3.872     2013 04 20 15 18 33.100     209.2
 2013 04 20 21 50  5.731     2013 04 20 21 53 40.795     215.1
873
 2013 04 20 20 26 19.127     2013 04 20 20 29  3.048     163.9
874
 2013 04 20 21 51  2.901     2013 04 20 21 53 45.975     163.1
875
 2013 04 20 13 37 21.333     2013 04 20 13 40  8.275     166.9
 2013 04 20 21 51 36.656     2013 04 20 21 52 43.653      67.0
876
877
 2013 04 20 20 20  1.040     2013 04 20 20 23 39.502     218.5
878
 2013 04 20 13 28  1.680     2013 04 20 13 31 43.807     222.1
 2013 04 20 23 37 39.358     2013 04 20 23 38 15.335      36.0
879
 2013 04 20 10 21 32.225     2013 04 20 10 21 45.559      13.3
880
 2013 04 20 13 41 26.816     2013 04 20 13 44 40.518     193.7
 2013 04 20 18 37 39.878     2013 04 20 18 40 44.087     184.2
881
 2013 04 20 20 21 28.630     2013 04 20 20 24 23.019     174.4
882
 2013 04 20 13 36 45.481     2013 04 20 13 40 24.041     218.6
 2013 04 20 21 51  8.153     2013 04 20 21 54 38.382     210.2
883
 2013 04 20 10 16 18.826     2013 04 20 10 18 59.254     160.4
 2013 04 20 22 03  6.895     2013 04 20 22 04 10.249      63.4
884
 2013 04 20 10 21 40.619     2013 04 20 10 25 13.340     212.7
 2013 04 20 20 23 35.999     2013 04 20 20 27 10.971     215.0
885
 2013 04 20 13 36 24.792     2013 04 20 13 39  6.877     162.1
 2013 04 20 21 52 30.789     2013 04 20 21 55 17.247     166.5
886
 2013 04 20 23 36 31.936     2013 04 20 23 39 11.882     159.9
887
 2013 04 20 13 39 33.743     2013 04 20 13 43 12.701     219.0
 2013 04 20 15 17 41.283     2013 04 20 15 21 15.947     214.7
 2013 04 20 18 34 44.177     2013 04 20 18 35 43.349      59.2
 2013 04 20 20 13 23.608     2013 04 20 20 16 26.141     182.5
888
 2013 04 20 15 14  7.808     2013 04 20 15 17 31.550     203.7
 2013 04 20 21 50 22.669     2013 04 20 21 53   .799     158.1
889
 2013 04 20 15 15 15.194     2013 04 20 15 17 55.231     160.0
 2013 04 20 21 49 18.200     2013 04 20 21 52 43.221     205.0
890
 2013 04 20 11 59 15.000     2013 04 20 11 59 23.851       8.9
 2013 04 20 20 19 42.745     2013 04 20 20 22 50.852     188.1
891
 2013 04 20 10 15 53.209     2013 04 20 10 18 56.826     183.6
892
 2013 04 20 10 18 49.146     2013 04 20 10 21 38.568     169.4
893
 2013 04 20 10 24 54.209     2013 04 20 10 28 25.511     211.3
 2013 04 20 18 42  1.215     2013 04 20 18 45 51.837     230.6
894
 2013 04 20 12 00 32.097     2013 04 20 12 03 18.128     166.0
 2013 04 20 20 18 37.868     2013 04 20 20 21 27.878     170.0
895
 2013 04 20 11 54 17.894     2013 04 20 11 56 57.187     159.3
 2013 04 20 22 01 46.238     2013 04 20 22 02 22.322      36.1
896
 2013 04 20 21 54 49.049     2013 04 20 21 55 39.723      50.7
897
 2013 04 20 10 22 34.475     2013 04 20 10 24 18.595     104.1
898
 2013 04 20 20 25 23.712     2013 04 20 20 27 59.003     155.3
899
 2013 04 20 22 04 11.032     2013 04 20 22 05 34.857      83.8
900
901
 2013 04 20 12 06 50.564     2013 04 20 12 06 56.930       6.4
 2013 04 20 13 40 55.838     2013 04 20 13 42  9.640      73.8
 2013 04 20 18 37 49.403     2013 04 20 18 41 21.271     211.9
902
 2013 04 20 10 23 39.570     2013 04 20 10 27  5.821     206.3
903
 2013 04 20 12 02 59.407     2013 04 20 12 03 20.696      21.3
 2013 04 20 18 40 43.699     2013 04 20 18 44 24.910     221.2
904
 2013 04 20 10 25  7.679     2013 04 20 10 28 36.195     208.5
 2013 04 20 18 42 10.421     2013 04 20 18 45 42.111     211.7
905
 2013 04 20 12 03 20.695     2013 04 20 12 03 50.435      29.7
 2013 04 20 20 16 31.108     2013 04 20 20 19 55.190     204.1
906
 2013 04 20 13 37 23.286     2013 04 20 13 38 19.781      56.5
907
908
 2013 04 20 21 51 13.419     2013 04 20 21 54  6.526     173.1
909
 2013 04 20 10 22 43.868     2013 04 20 10 23 27.056      43.2
910
 2013 04 20 13 27 56.840     2013 04 20 13 31 16.041     199.2
911
 2013 04 20 22 02 17.872     2013 04 20 22 05 36.144     198.3
912
 2013 04 20 11 56 18.039     2013 04 20 11 59 30.387     192.3
 2013 04 20 21 58 26.919     2013 04 20 22 01 33.533     186.6
913
 2013 04 20 22 01  4.899     2013 04 20 22 03 54.957     170.1
914
 2013 04 20 10 17 24.802     2013 04 20 10 20  5.484     160.7
915
 2013 04 20 13 33 55.255     2013 04 20 13 37 21.558     206.3
 2013 04 20 21 56 34.149     2013 04 20 21 57 34.975      60.8
916
 2013 04 20 13 42 29.930     2013 04 20 13 45 42.478     192.5
 2013 04 20 18 38 19.065     2013 04 20 18 40 59.726     160.7
917
 2013 04 20 12 01 31.763     2013 04 20 12 04  9.794     158.0
 2013 04 20 20 18  4.232     2013 04 20 20 20 45.341     161.1
918
919
 2013 04 20 23 35  3.725     2013 04 20 23 37 42.234     158.5
920
 2013 04 20 12 04 36.822     2013 04 20 12 05 21.009      44.2
 2013 04 20 18 41 19.439     2013 04 20 18 44  4.633     165.2
921
 2013 04 20 21 56 11.503     2013 04 20 21 59 38.064     206.6
922
 2013 04 20 20 16 21.096     2013 04 20 20 18 57.860     156.8
923
 2013 04 20 12 00 21.523     2013 04 20 12 03 34.299     192.8
 2013 04 20 20 19  7.015     2013 04 20 20 21 50.978     164.0
924
 2013 04 20 11 57  1.981     2013 04 20 12 00  8.831     186.8
 2013 04 20 21 56 39.351     2013 04 20 21 59 41.724     182.4
925
 2013 04 20 11 54 29.807     2013 04 20 11 58 17.472     227.7
 2013 04 20 21 59 39.903     2013 04 20 22 02 21.291     161.4
926
 2013 04 20 10 21 10.528     2013 04 20 10 24 14.608     184.1
 2013 04 20 20 22 37.388     2013 04 20 20 25 16.080     158.7
927
 2013 04 20 10 16   .032     2013 04 20 10 18 49.637     169.6
 2013 04 20 22 03 46.397     2013 04 20 22 03 50.446       4.0
928
929
 2013 04 20 10 16  8.183     2013 04 20 10 19 37.258     209.1
 2013 04 20 22 02 25.838     2013 04 20 22 06  2.820     217.0
930
 2013 04 20 13 34 15.021     2013 04 20 13 35 17.581      62.6
 2013 04 20 21 54 20.016     2013 04 20 21 57 20.920     180.9
931
 2013 04 20 11 55 39.678     2013 04 20 11 58 33.571     173.9
 2013 04 20 21 57 34.738     2013 04 20 22 00 21.842     167.1
932
 2013 04 20 12 05 37.483     2013 04 20 12 08 16.260     158.8
 2013 04 20 18 39 38.985     2013 04 20 18 42 52.929     193.9
933
 2013 04 20 00 00   .000     2013 04 20 00 00  7.230       7.2
 2013 04 20 11 52  5.788     2013 04 20 11 52 35.758      30.0
 2013 04 20 23 38  5.362     2013 04 20 23 41  8.679     183.3
934
 2013 04 20 12 04 48.367     2013 04 20 12 07 26.920     158.6
 2013 04 20 18 39 51.853     2013 04 20 18 42 29.159     157.3
935
 2013 04 20 13 37 28.092     2013 04 20 13 41  4.621     216.5
 2013 04 20 20 12 38.535     2013 04 20 20 12 39.773       1.2
936
 2013 04 20 11 58 33.879     2013 04 20 12 01 55.308     201.4
937
 2013 04 20 20 25 54.307     2013 04 20 20 29 32.751     218.4
938
 2013 04 20 10 23 59.242     2013 04 20 10 27 10.706     191.5
939
940
 2013 04 20 12 04 35.909     2013 04 20 12 07 37.708     181.8
 2013 04 20 18 39 15.459     2013 04 20 18 41 53.433     158.0
941
 2013 04 20 15 11 38.167     2013 04 20 15 13  9.665      91.5
942
943
 2013 04 20 13 32   .300     2013 04 20 13 34 50.700     170.4
 2013 04 20 23 32  8.394     2013 04 20 23 33 29.890      81.5
944
945
 2013 04 20 13 39 34.098     2013 04 20 13 43 14.465     220.4
 2013 04 20 15 17 42.897     2013 04 20 15 21 15.685     212.8
 2013 04 20 18 34 45.029     2013 04 20 18 36 28.013     103.0
 2013 04 20 20 13 22.177     2013 04 20 20 16 26.027     183.9
946
 2013 04 20 10 23 46.584     2013 04 20 10 24 22.186      35.6
947
 2013 04 20 15 12 56.540     2013 04 20 15 16 30.225     213.7
 2013 04 20 21 49 59.082     2013 04 20 21 53 21.857     202.8
948
 2013 04 20 23 35 32.597     2013 04 20 23 39  9.868     217.3
949
 2013 04 20 22 01 39.873     2013 04 20 22 04 35.820     175.9
950
 2013 04 20 13 30 26.564     2013 04 20 13 33 21.117     174.6
 2013 04 20 23 33 29.786     2013 04 20 23 36  4.940     155.2
951
 2013 04 20 22 02 46.597     2013 04 20 22 05 25.412     158.8
952
 2013 04 20 13 29 33.092     2013 04 20 13 32 10.038     156.9
 2013 04 20 23 32 54.583     2013 04 20 23 36 25.666     211.1
953
 2013 04 20 10 18 59.932     2013 04 20 10 22 12.668     192.7
 2013 04 20 20 27 37.182     2013 04 20 20 28 21.400      44.2
954
 2013 04 20 11 55 58.209     2013 04 20 11 58 36.424     158.2
 2013 04 20 21 58   .078     2013 04 20 22 00 36.419     156.3
955
956
 2013 04 20 10 21 38.761     2013 04 20 10 24 19.753     161.0
 2013 04 20 20 23 25.697     2013 04 20 20 26  9.424     163.7
957
 2013 04 20 11 59 17.817     2013 04 20 11 59 20.962       3.1
 2013 04 20 20 19 45.619     2013 04 20 20 22 48.924     183.3
958
 2013 04 20 10 18 59.099     2013 04 20 10 22  6.923     187.8
 2013 04 20 20 28  3.464     2013 04 20 20 28 22.891      19.4
959
 2013 04 20 13 26 49.930     2013 04 20 13 27 59.711      69.8
960
 2013 04 20 13 30 17.198     2013 04 20 13 33 11.208     174.0
 2013 04 20 23 33 32.992     2013 04 20 23 36  8.573     155.6
961
 2013 04 20 13 40 29.615     2013 04 20 13 44  3.369     213.8
 2013 04 20 20 15 17.174     2013 04 20 20 17  7.356     110.2
962
 2013 04 20 13 33  1.044     2013 04 20 13 36  8.727     187.7
963
964
 2013 04 20 11 58 14.866     2013 04 20 12 00 52.403     157.5
965
 2013 04 20 10 23 44.021     2013 04 20 10 26 28.381     164.4
966
 2013 04 20 15 17 17.759     2013 04 20 15 20 31.084     193.3
 2013 04 20 20 13  4.660     2013 04 20 20 15 46.987     162.3
967
968
 2013 04 20 12 05 10.861     2013 04 20 12 07 58.937     168.1
 2013 04 20 18 39 26.488     2013 04 20 18 42 19.090     172.6
969
 2013 04 20 22 02 12.102     2013 04 20 22 04 46.971     154.9
970
 2013 04 20 20 20 36.279     2013 04 20 20 23 47.470     191.2
971
 2013 04 20 12 02 48.065     2013 04 20 12 05 29.569     161.5
 2013 04 20 20 16 52.342     2013 04 20 20 16 57.457       5.1
972
 2013 04 20 15 16 57.609     2013 04 20 15 20  5.255     187.6
 2013 04 20 20 12 52.515     2013 04 20 20 15 30.177     157.7
973
 2013 04 20 23 35 31.256     2013 04 20 23 38  7.639     156.4
974
 2013 04 20 18 41 24.322     2013 04 20 18 44 38.641     194.3
975
 2013 04 20 12 00  4.207     2013 04 20 12 02 54.250     170.0
 2013 04 20 20 17 28.331     2013 04 20 20 21   .957     212.6
976
 2013 04 20 12 04 22.922     2013 04 20 12 08 11.407     228.5
 2013 04 20 13 42 33.663     2013 04 20 13 46 10.994     217.3
 2013 04 20 18 38 40.057     2013 04 20 18 41 24.214     164.2
977
 2013 04 20 23 34 50.360     2013 04 20 23 37 44.203     173.8
978
 2013 04 20 13 34 42.751     2013 04 20 13 38 32.106     229.4
 2013 04 20 21 54 16.989     2013 04 20 21 57   .674     163.7
979
 2013 04 20 10 23 33.019     2013 04 20 10 23 53.960      20.9
980
 2013 04 20 15 16 43.430     2013 04 20 15 19 52.294     188.9
 2013 04 20 20 12 45.794     2013 04 20 20 15 26.416     160.6
981
 2013 04 20 11 59 36.499     2013 04 20 12 02 28.257     171.8
 2013 04 20 20 18 22.270     2013 04 20 20 18 36.113      13.8
982
 2013 04 20 20 25 57.959     2013 04 20 20 28 46.401     168.4
983
 2013 04 20 13 28  4.627     2013 04 20 13 28 27.376      22.7
 2013 04 20 23 34 39.242     2013 04 20 23 38  6.361     207.1
984
985
986
 2013 04 20 13 39 13.079     2013 04 20 13 39 32.516      19.4
 2013 04 20 21 51 26.720     2013 04 20 21 54  3.833     157.1
987
 2013 04 20 12 00 38.859     2013 04 20 12 03 17.320     158.5
 2013 04 20 20 18  4.809     2013 04 20 20 20 57.553     172.7
988
989
990
 2013 04 20 11 59 11.733     2013 04 20 12 02 47.489     215.8
 2013 04 20 20 19  2.071     2013 04 20 20 22 50.941     228.9
991
 2013 04 20 13 39 57.617     2013 04 20 13 42 53.944     176.3
 2013 04 20 20 15 11.975     2013 04 20 20 18  3.656     171.7
992
993
 2013 04 20 11 52 32.057     2013 04 20 11 53 32.904      60.8
 2013 04 20 23 37 53.570     2013 04 20 23 40 29.185     155.6
994
 2013 04 20 13 32 23.192     2013 04 20 13 36  6.576     223.4
 2013 04 20 23 30  8.913     2013 04 20 23 31 21.862      72.9
995
 2013 04 20 13 34 32.148     2013 04 20 13 37 11.693     159.5
 2013 04 20 21 52 46.870     2013 04 20 21 53 23.549      36.7
996
 2013 04 20 13 33 17.826     2013 04 20 13 36 40.313     202.5
997
 2013 04 20 20 27 18.684     2013 04 20 20 29 59.478     160.8
998
 2013 04 20 10 17 57.875     2013 04 20 10 21 12.296     194.4
999
 2013 04 20 12 04 54.706     2013 04 20 12 07 51.049     176.3
 2013 04 20 18 39 19.536     2013 04 20 18 42  3.885     164.3
