s2
0
 2013 04 20 13 53  1.266     2013 04 20 13 55 51.352     170.1
 2013 04 20 20 27 38.664     2013 04 20 20 31 33.173     234.5
1
 2013 04 20 22 09 41.228     2013 04 20 22 13  1.569     200.3
2
 2013 04 20 10 39 58.972     2013 04 20 10 42 43.816     164.8
3
 2013 04 20 22 14 29.622     2013 04 20 22 15 19.997      50.4
4
 2013 04 20 13 51 22.072     2013 04 20 13 54 32.623     190.6
 2013 04 20 22 07 30.773     2013 04 20 22 10 40.910     190.1
5
 2013 04 20 00 11  4.348     2013 04 20 00 14 18.149     193.8
6
 2013 04 20 13 50  8.148     2013 04 20 13 50 28.401      20.3
 2013 04 20 22 05 42.584     2013 04 20 22 08 27.895     165.3
7
 2013 04 20 22 14 42.679     2013 04 20 22 18 23.196     220.5
8
 2013 04 20 13 52 51.781     2013 04 20 13 54 48.422     116.6
 2013 04 20 20 29 35.544     2013 04 20 20 33 15.761     220.2
9
 2013 04 20 12 10 24.677     2013 04 20 12 12 12.100     107.4
 2013 04 20 22 13 30.831     2013 04 20 22 16 10.292     159.5
10
 2013 04 20 13 53 19.135     2013 04 20 13 54 37.279      78.1
 2013 04 20 20 30   .814     2013 04 20 20 33  1.786     181.0
11
 2013 04 20 12 14 29.689     2013 04 20 12 17  6.318     156.6
12
13
 2013 04 20 13 47 33.557     2013 04 20 13 47 50.077      16.5
14
 2013 04 20 22 09 11.722     2013 04 20 22 12 43.694     212.0
15
 2013 04 20 12 10 12.262     2013 04 20 12 12 58.610     166.3
 2013 04 20 22 12 53.381     2013 04 20 22 15 50.945     177.6
16
 2013 04 20 13 51  4.984     2013 04 20 13 53 51.394     166.4
 2013 04 20 22 07 27.423     2013 04 20 22 10  8.182     160.8
17
 2013 04 20 10 35  2.537     2013 04 20 10 38  6.644     184.1
18
 2013 04 20 12 16 57.196     2013 04 20 12 19 39.796     162.6
 2013 04 20 20 32 34.058     2013 04 20 20 35 33.048     179.0
19
 2013 04 20 12 18 22.023     2013 04 20 12 20 58.651     156.6
20
 2013 04 20 20 41 26.944     2013 04 20 20 44 25.328     178.4
21
22
 2013 04 20 12 08 38.982     2013 04 20 12 11 57.320     198.3
23
 2013 04 20 00 11  3.433     2013 04 20 00 14 14.842     191.4
24
 2013 04 20 12 18 18.141     2013 04 20 12 18 21.403       3.3
 2013 04 20 18 55 22.737     2013 04 20 18 58 47.771     205.0
25
 2013 04 20 13 54 41.589     2013 04 20 13 57 42.138     180.5
 2013 04 20 20 28 14.279     2013 04 20 20 31  3.814     169.5
26
 2013 04 20 12 14 36.048     2013 04 20 12 17 13.208     157.2
27
 2013 04 20 22 05  6.755     2013 04 20 22 08 25.821     199.1
28
 2013 04 20 12 10 47.810     2013 04 20 12 14  9.207     201.4
 2013 04 20 22 13  9.477     2013 04 20 22 15 49.291     159.8
29
30
 2013 04 20 13 51 16.190     2013 04 20 13 54 56.558     220.4
 2013 04 20 22 07 41.635     2013 04 20 22 11  8.549     206.9
31
32
 2013 04 20 10 31 39.120     2013 04 20 10 34 12.291     153.2
 2013 04 20 22 17 25.644     2013 04 20 22 18 28.466      62.8
33
 2013 04 20 12 16 16.869     2013 04 20 12 18 52.616     155.7
 2013 04 20 20 32 32.462     2013 04 20 20 35  9.542     157.1
34
 2013 04 20 10 33 16.273     2013 04 20 10 35 49.544     153.3
35
 2013 04 20 22 13 17.056     2013 04 20 22 16 58.111     221.1
36
 2013 04 20 13 53 18.482     2013 04 20 13 56 47.678     209.2
 2013 04 20 20 29 34.184     2013 04 20 20 32 50.452     196.3
37
 2013 04 20 10 35 14.031     2013 04 20 10 37 53.654     159.6
 2013 04 20 20 40 23.479     2013 04 20 20 41 12.469      49.0
38
 2013 04 20 22 05 14.133     2013 04 20 22 08  9.731     175.6
39
 2013 04 20 12 16 37.846     2013 04 20 12 19 21.930     164.1
 2013 04 20 20 32 47.423     2013 04 20 20 35 31.171     163.7
40
 2013 04 20 12 16 44.285     2013 04 20 12 19 42.465     178.2
 2013 04 20 20 31 41.417     2013 04 20 20 34 26.664     165.2
41
 2013 04 20 00 14 13.868     2013 04 20 00 17 21.544     187.7
 2013 04 20 12 05 25.346     2013 04 20 12 07 59.956     154.6
42
 2013 04 20 15 28 27.917     2013 04 20 15 32  7.557     219.6
 2013 04 20 22 04 38.060     2013 04 20 22 07 18.108     160.0
43
 2013 04 20 20 33 40.480     2013 04 20 20 37 24.811     224.3
44
 2013 04 20 15 31 37.139     2013 04 20 15 34 54.251     197.1
 2013 04 20 20 27 14.890     2013 04 20 20 29 53.966     159.1
45
 2013 04 20 12 07  1.611     2013 04 20 12 09 54.201     172.6
46
 2013 04 20 12 16 37.971     2013 04 20 12 19 18.605     160.6
 2013 04 20 20 32 42.819     2013 04 20 20 35 25.013     162.2
47
 2013 04 20 22 14 57.723     2013 04 20 22 18 21.815     204.1
48
 2013 04 20 10 31 32.532     2013 04 20 10 34 39.678     187.1
 2013 04 20 22 16 49.421     2013 04 20 22 20 22.741     213.3
49
 2013 04 20 22 08 41.202     2013 04 20 22 08 48.600       7.4
50
 2013 04 20 12 20 33.447     2013 04 20 12 23 23.950     170.5
 2013 04 20 17 19  8.774     2013 04 20 17 19 21.239      12.5
 2013 04 20 18 53 43.163     2013 04 20 18 56 52.804     189.6
51
 2013 04 20 13 48  7.839     2013 04 20 13 49 51.212     103.4
52
53
 2013 04 20 12 08 14.300     2013 04 20 12 10 54.807     160.5
54
 2013 04 20 22 14 55.732     2013 04 20 22 15 29.939      34.2
55
 2013 04 20 10 36 41.822     2013 04 20 10 39 30.541     168.7
 2013 04 20 20 38  4.045     2013 04 20 20 40 43.437     159.4
56
 2013 04 20 08 56 32.000     2013 04 20 08 59 40.018     188.0
 2013 04 20 20 42 42.094     2013 04 20 20 45 46.154     184.1
57
 2013 04 20 13 53  6.128     2013 04 20 13 56 24.601     198.5
 2013 04 20 20 27 33.394     2013 04 20 20 30 53.526     200.1
58
 2013 04 20 12 06 18.708     2013 04 20 12 08 51.867     153.2
59
 2013 04 20 12 17  2.416     2013 04 20 12 18 29.068      86.7
 2013 04 20 20 32 48.777     2013 04 20 20 32 59.186      10.4
60
 2013 04 20 12 11 24.947     2013 04 20 12 14 25.282     180.3
 2013 04 20 22 11 22.840     2013 04 20 22 13 58.014     155.2
61
 2013 04 20 20 35 14.555     2013 04 20 20 37 50.297     155.7
62
 2013 04 20 12 15 31.444     2013 04 20 12 18 23.994     172.5
 2013 04 20 20 31 48.301     2013 04 20 20 34 57.509     189.2
63
 2013 04 20 12 16 52.764     2013 04 20 12 19 30.023     157.3
 2013 04 20 20 32 27.900     2013 04 20 20 35 18.228     170.3
64
 2013 04 20 15 30 16.462     2013 04 20 15 32 59.516     163.1
 2013 04 20 20 25 19.516     2013 04 20 20 25 41.715      22.2
 2013 04 20 22 03 27.291     2013 04 20 22 07 11.596     224.3
65
 2013 04 20 12 17 38.518     2013 04 20 12 21 23.490     225.0
66
 2013 04 20 12 17 11.843     2013 04 20 12 17 35.713      23.9
67
 2013 04 20 12 15 57.137     2013 04 20 12 18 46.242     169.1
 2013 04 20 20 31 59.776     2013 04 20 20 34 45.285     165.5
68
 2013 04 20 22 15 27.406     2013 04 20 22 19   .637     213.2
69
 2013 04 20 10 37 56.411     2013 04 20 10 41 18.174     201.8
 2013 04 20 20 35 37.934     2013 04 20 20 39   .856     202.9
70
71
72
 2013 04 20 15 30 13.916     2013 04 20 15 33  6.810     172.9
 2013 04 20 20 29 13.769     2013 04 20 20 29 37.717      23.9
 2013 04 20 22 03 40.028     2013 04 20 22 07 25.454     225.4
73
74
 2013 04 20 20 40 58.582     2013 04 20 20 43 36.763     158.2
75
 2013 04 20 00 08 38.908     2013 04 20 00 11 47.382     188.5
 2013 04 20 13 46   .120     2013 04 20 13 49  7.355     187.2
76
 2013 04 20 20 42  3.725     2013 04 20 20 44 44.010     160.3
77
 2013 04 20 00 10 23.458     2013 04 20 00 10 58.611      35.2
78
 2013 04 20 12 07 59.349     2013 04 20 12 10 34.684     155.3
79
 2013 04 20 12 06 44.284     2013 04 20 12 07 28.179      43.9
80
 2013 04 20 20 34 34.946     2013 04 20 20 37 12.148     157.2
81
 2013 04 20 20 41  6.188     2013 04 20 20 44 14.870     188.7
82
 2013 04 20 12 09 38.838     2013 04 20 12 12 16.245     157.4
 2013 04 20 22 15 52.887     2013 04 20 22 16  1.324       8.4
83
 2013 04 20 08 57 52.361     2013 04 20 08 58 57.967      65.6
 2013 04 20 20 42 57.337     2013 04 20 20 45 38.102     160.8
84
 2013 04 20 10 32 57.418     2013 04 20 10 35 36.994     159.6
85
 2013 04 20 13 53 41.001     2013 04 20 13 56 38.439     177.4
 2013 04 20 20 28  6.653     2013 04 20 20 31  1.086     174.4
86
87
 2013 04 20 12 11 36.953     2013 04 20 12 14 11.181     154.2
 2013 04 20 22 12   .441     2013 04 20 22 14 39.080     158.6
88
 2013 04 20 10 34 26.123     2013 04 20 10 37 52.356     206.2
89
 2013 04 20 13 51 52.447     2013 04 20 13 55 40.977     228.5
 2013 04 20 22 04 57.594     2013 04 20 22 08 44.503     226.9
90
 2013 04 20 00 12  8.235     2013 04 20 00 15 53.991     225.8
 2013 04 20 12 09 12.285     2013 04 20 12 09 59.309      47.0
91
 2013 04 20 13 53 44.937     2013 04 20 13 56 26.042     161.1
 2013 04 20 20 28 23.243     2013 04 20 20 31 24.747     181.5
92
 2013 04 20 12 18 44.604     2013 04 20 12 21 32.796     168.2
 2013 04 20 18 53 21.829     2013 04 20 18 56 50.626     208.8
93
 2013 04 20 15 30 30.547     2013 04 20 15 34 21.276     230.7
 2013 04 20 20 26 45.314     2013 04 20 20 30 17.798     212.5
94
 2013 04 20 20 34 13.436     2013 04 20 20 38   .684     227.2
95
 2013 04 20 13 47 14.010     2013 04 20 13 51   .944     226.9
96
 2013 04 20 20 33 37.777     2013 04 20 20 34 25.232      47.5
97
 2013 04 20 13 54 12.799     2013 04 20 13 57 22.805     190.0
 2013 04 20 20 29 44.890     2013 04 20 20 32 22.917     158.0
98
 2013 04 20 22 16 35.364     2013 04 20 22 19 16.797     161.4
99
 2013 04 20 12 15 19.690     2013 04 20 12 18 21.222     181.5
 2013 04 20 20 33 10.993     2013 04 20 20 36 11.627     180.6
100
 2013 04 20 12 15 33.470     2013 04 20 12 18 10.109     156.6
 2013 04 20 20 32 33.669     2013 04 20 20 35 40.249     186.6
101
 2013 04 20 10 36 54.389     2013 04 20 10 39 41.820     167.4
 2013 04 20 20 37 54.537     2013 04 20 20 40 40.292     165.8
102
 2013 04 20 12 16 40.703     2013 04 20 12 19 28.668     168.0
 2013 04 20 20 31 55.798     2013 04 20 20 34 37.051     161.3
103
104
 2013 04 20 10 38 28.231     2013 04 20 10 41 26.651     178.4
105
106
 2013 04 20 12 19 18.484     2013 04 20 12 21 55.658     157.2
 2013 04 20 18 54 13.080     2013 04 20 18 57 11.266     178.2
107
 2013 04 20 22 15 40.254     2013 04 20 22 18 17.886     157.6
108
109
 2013 04 20 10 38 51.814     2013 04 20 10 42 29.927     218.1
110
 2013 04 20 12 15  1.466     2013 04 20 12 17 44.886     163.4
 2013 04 20 20 31 42.203     2013 04 20 20 32  6.210      24.0
111
 2013 04 20 18 55 15.995     2013 04 20 18 59  4.462     228.5
112
 2013 04 20 12 21 54.516     2013 04 20 12 24 32.195     157.7
 2013 04 20 17 16 49.348     2013 04 20 17 19 45.098     175.7
113
 2013 04 20 12 05 32.606     2013 04 20 12 09  8.863     216.3
114
 2013 04 20 13 56  6.613     2013 04 20 13 59  8.918     182.3
 2013 04 20 18 51 36.896     2013 04 20 18 55  5.539     208.6
115
 2013 04 20 20 30   .230     2013 04 20 20 30 18.492      18.3
116
 2013 04 20 22 15 27.413     2013 04 20 22 18  3.082     155.7
117
118
 2013 04 20 22 13 11.688     2013 04 20 22 15 15.978     124.3
119
 2013 04 20 10 32 22.179     2013 04 20 10 35 31.645     189.5
120
 2013 04 20 12 08 47.682     2013 04 20 12 12  1.978     194.3
 2013 04 20 22 17  8.835     2013 04 20 22 17 21.780      12.9
121
 2013 04 20 10 32 15.515     2013 04 20 10 34 56.088     160.6
122
 2013 04 20 10 36  8.656     2013 04 20 10 39 15.502     186.8
 2013 04 20 20 38 32.371     2013 04 20 20 41  7.258     154.9
123
 2013 04 20 10 38 52.350     2013 04 20 10 41 41.753     169.4
124
 2013 04 20 13 51 27.001     2013 04 20 13 54 25.663     178.7
 2013 04 20 22 06 10.254     2013 04 20 22 09  2.211     172.0
125
 2013 04 20 12 10 28.685     2013 04 20 12 10 41.914      13.2
 2013 04 20 22 10 48.984     2013 04 20 22 13 48.581     179.6
126
 2013 04 20 22 20 10.371     2013 04 20 22 20 11.277        .9
127
 2013 04 20 13 53   .033     2013 04 20 13 55 49.291     169.3
 2013 04 20 20 32 19.093     2013 04 20 20 32 39.909      20.8
128
 2013 04 20 12 15 47.683     2013 04 20 12 18 24.729     157.0
 2013 04 20 20 32 18.253     2013 04 20 20 35 13.300     175.0
129
 2013 04 20 12 15 17.885     2013 04 20 12 15 38.958      21.1
 2013 04 20 22 10 20.863     2013 04 20 22 13   .466     159.6
130
 2013 04 20 00 11 30.197     2013 04 20 00 15 15.575     225.4
131
 2013 04 20 20 42 23.074     2013 04 20 20 45 32.320     189.2
132
 2013 04 20 20 30 29.137     2013 04 20 20 33 31.444     182.3
133
 2013 04 20 13 53 54.479     2013 04 20 13 56 34.166     159.7
 2013 04 20 20 28 31.722     2013 04 20 20 31 24.743     173.0
134
 2013 04 20 12 07 18.002     2013 04 20 12 10 22.136     184.1
135
 2013 04 20 00 10  1.089     2013 04 20 00 13  5.173     184.1
 2013 04 20 13 43 33.882     2013 04 20 13 45  7.269      93.4
136
 2013 04 20 10 31 23.393     2013 04 20 10 34 29.904     186.5
 2013 04 20 22 17   .061     2013 04 20 22 20 22.430     202.4
137
 2013 04 20 13 53 13.337     2013 04 20 13 56   .822     167.5
 2013 04 20 20 27 51.550     2013 04 20 20 31 29.383     217.8
138
 2013 04 20 15 29 13.780     2013 04 20 15 31 51.385     157.6
 2013 04 20 22 03 38.225     2013 04 20 22 06 16.959     158.7
139
 2013 04 20 10 34 24.544     2013 04 20 10 37 55.200     210.7
 2013 04 20 20 38 56.407     2013 04 20 20 42 32.783     216.4
140
 2013 04 20 20 39 39.539     2013 04 20 20 43 13.677     214.1
141
 2013 04 20 12 21  9.802     2013 04 20 12 23 48.108     158.3
 2013 04 20 17 16  4.847     2013 04 20 17 19 59.101     234.3
 2013 04 20 18 54  6.687     2013 04 20 18 57 52.352     225.7
142
143
 2013 04 20 12 08 11.185     2013 04 20 12 08 19.529       8.3
 2013 04 20 22 16 48.911     2013 04 20 22 17 52.461      63.5
144
 2013 04 20 12 14  9.644     2013 04 20 12 16 54.679     165.0
145
 2013 04 20 20 40  3.928     2013 04 20 20 43 20.922     197.0
146
147
148
 2013 04 20 13 54 17.146     2013 04 20 13 57 52.107     215.0
 2013 04 20 15 32  8.866     2013 04 20 15 35 54.559     225.7
 2013 04 20 20 27 48.872     2013 04 20 20 30 35.659     166.8
149
 2013 04 20 10 38 48.065     2013 04 20 10 41 54.231     186.2
150
 2013 04 20 13 53 52.979     2013 04 20 13 55 39.711     106.7
 2013 04 20 20 30 14.624     2013 04 20 20 32 52.799     158.2
151
 2013 04 20 12 15 36.626     2013 04 20 12 18 36.863     180.2
 2013 04 20 20 31 43.559     2013 04 20 20 34 44.111     180.6
152
 2013 04 20 00 12 13.786     2013 04 20 00 14 48.112     154.3
153
 2013 04 20 10 36 57.451     2013 04 20 10 39 36.423     159.0
 2013 04 20 20 37 14.008     2013 04 20 20 39 49.728     155.7
154
 2013 04 20 20 40 10.386     2013 04 20 20 43  7.539     177.2
155
 2013 04 20 00 09 51.452     2013 04 20 00 12 38.499     167.0
 2013 04 20 13 44  4.425     2013 04 20 13 47 41.026     216.6
156
 2013 04 20 00 10 30.316     2013 04 20 00 13 12.421     162.1
157
 2013 04 20 15 29 37.339     2013 04 20 15 32 34.740     177.4
 2013 04 20 20 24 12.977     2013 04 20 20 24 16.493       3.5
 2013 04 20 22 02 44.040     2013 04 20 22 05 53.571     189.5
158
 2013 04 20 13 50  8.554     2013 04 20 13 50 54.212      45.7
 2013 04 20 22 05 44.216     2013 04 20 22 08 29.989     165.8
159
 2013 04 20 12 19 37.770     2013 04 20 12 22 15.579     157.8
 2013 04 20 18 54 25.965     2013 04 20 18 57  8.668     162.7
160
 2013 04 20 13 51 46.146     2013 04 20 13 52 36.754      50.6
161
 2013 04 20 13 57 34.457     2013 04 20 13 57 57.777      23.3
 2013 04 20 15 32  4.224     2013 04 20 15 35 26.116     201.9
 2013 04 20 20 27 29.882     2013 04 20 20 30 11.917     162.0
162
 2013 04 20 13 51 19.402     2013 04 20 13 52 19.078      59.7
 2013 04 20 22 07 40.027     2013 04 20 22 11 29.023     229.0
163
 2013 04 20 00 13 10.256     2013 04 20 00 15 49.142     158.9
164
 2013 04 20 10 37  9.622     2013 04 20 10 39 43.823     154.2
 2013 04 20 20 37 25.295     2013 04 20 20 40  8.265     163.0
165
 2013 04 20 00 11 44.408     2013 04 20 00 15 18.169     213.8
166
167
 2013 04 20 13 55 33.999     2013 04 20 13 59  3.007     209.0
 2013 04 20 18 55 24.702     2013 04 20 18 55 36.789      12.1
 2013 04 20 20 29 29.978     2013 04 20 20 30 34.537      64.6
168
 2013 04 20 13 50 39.301     2013 04 20 13 53 29.958     170.7
 2013 04 20 22 07 38.970     2013 04 20 22 10 15.630     156.7
169
170
 2013 04 20 10 41 53.726     2013 04 20 10 45   .957     187.2
 2013 04 20 18 57  4.691     2013 04 20 18 59 43.278     158.6
171
 2013 04 20 15 30 21.041     2013 04 20 15 34  5.989     224.9
 2013 04 20 20 26 29.022     2013 04 20 20 30 16.844     227.8
172
 2013 04 20 15 30 52.550     2013 04 20 15 34 17.532     205.0
 2013 04 20 20 26 45.754     2013 04 20 20 29 56.443     190.7
173
 2013 04 20 12 15   .631     2013 04 20 12 15 30.504      29.9
 2013 04 20 20 30 58.005     2013 04 20 20 34 18.318     200.3
174
 2013 04 20 12 13 20.231     2013 04 20 12 16 46.658     206.4
175
 2013 04 20 12 07 10.480     2013 04 20 12 10 47.441     217.0
176
 2013 04 20 10 37 27.105     2013 04 20 10 40 55.182     208.1
 2013 04 20 20 35 59.132     2013 04 20 20 38 52.393     173.3
177
 2013 04 20 22 11 48.554     2013 04 20 22 12 23.010      34.5
178
 2013 04 20 12 16  9.023     2013 04 20 12 18 56.212     167.2
 2013 04 20 20 32  3.271     2013 04 20 20 34 42.627     159.4
179
 2013 04 20 12 11 18.621     2013 04 20 12 14 42.920     204.3
 2013 04 20 22 11  2.751     2013 04 20 22 13 38.121     155.4
180
 2013 04 20 13 55 24.650     2013 04 20 13 58  4.748     160.1
 2013 04 20 18 50  5.988     2013 04 20 18 50 11.985       6.0
 2013 04 20 20 28 28.838     2013 04 20 20 31 51.038     202.2
181
 2013 04 20 12 09  2.204     2013 04 20 12 09  3.226       1.0
 2013 04 20 22 14  6.908     2013 04 20 22 17   .246     173.3
182
 2013 04 20 12 16 19.341     2013 04 20 12 18 57.502     158.2
 2013 04 20 20 32 44.092     2013 04 20 20 35 20.519     156.4
183
 2013 04 20 12 08  9.482     2013 04 20 12 10 58.857     169.4
184
 2013 04 20 22 09 18.247     2013 04 20 22 12 19.705     181.5
185
 2013 04 20 12 19 22.953     2013 04 20 12 22 40.702     197.7
 2013 04 20 18 53 27.257     2013 04 20 18 56  5.427     158.2
186
 2013 04 20 12 18 13.239     2013 04 20 12 21 11.198     178.0
 2013 04 20 18 56 33.671     2013 04 20 18 56 57.101      23.4
187
 2013 04 20 22 16 39.085     2013 04 20 22 19 28.838     169.8
188
 2013 04 20 22 16 46.167     2013 04 20 22 19 20.569     154.4
189
 2013 04 20 00 11 55.264     2013 04 20 00 14 43.122     167.9
190
 2013 04 20 10 31 36.417     2013 04 20 10 35 11.740     215.3
 2013 04 20 22 16 18.328     2013 04 20 22 19 58.791     220.5
191
 2013 04 20 13 51  1.829     2013 04 20 13 53 38.499     156.7
 2013 04 20 22 07 11.657     2013 04 20 22 09 48.636     157.0
192
 2013 04 20 10 37 58.622     2013 04 20 10 40 55.177     176.6
 2013 04 20 20 36  2.179     2013 04 20 20 39 23.829     201.6
193
 2013 04 20 00 13 50.512     2013 04 20 00 17 17.195     206.7
 2013 04 20 12 05 44.239     2013 04 20 12 08 20.587     156.3
194
 2013 04 20 20 33 30.173     2013 04 20 20 37 12.823     222.7
195
 2013 04 20 13 56 49.089     2013 04 20 13 59 30.238     161.1
 2013 04 20 18 51 50.255     2013 04 20 18 54 34.599     164.3
196
 2013 04 20 13 54 37.917     2013 04 20 13 57 57.161     199.2
 2013 04 20 20 29 52.342     2013 04 20 20 32 36.815     164.5
197
 2013 04 20 22 14 25.100     2013 04 20 22 17 36.221     191.1
198
 2013 04 20 12 17 57.756     2013 04 20 12 21 18.152     200.4
 2013 04 20 18 56 26.783     2013 04 20 18 56 39.925      13.1
199
 2013 04 20 10 35 19.140     2013 04 20 10 37 54.055     154.9
 2013 04 20 20 37 50.212     2013 04 20 20 41 27.554     217.3
200
 2013 04 20 12 20  9.938     2013 04 20 12 22 47.704     157.8
 2013 04 20 18 54 30.297     2013 04 20 18 57 10.559     160.3
201
202
 2013 04 20 22 16 25.678     2013 04 20 22 19  2.177     156.5
203
 2013 04 20 00 13 47.618     2013 04 20 00 14 31.475      43.9
 2013 04 20 12 05 58.421     2013 04 20 12 08 32.037     153.6
204
 2013 04 20 13 48 19.266     2013 04 20 13 48 46.277      27.0
205
 2013 04 20 00 13 50.475     2013 04 20 00 17 10.547     200.1
 2013 04 20 12 05 40.325     2013 04 20 12 08 19.277     159.0
206
 2013 04 20 20 39 49.374     2013 04 20 20 42 25.204     155.8
207
 2013 04 20 10 30 34.704     2013 04 20 10 34   .327     205.6
 2013 04 20 22 17 27.180     2013 04 20 22 20  8.109     160.9
208
 2013 04 20 12 13 44.507     2013 04 20 12 17 33.122     228.6
209
 2013 04 20 12 11 53.118     2013 04 20 12 12 50.899      57.8
210
211
 2013 04 20 22 08 21.098     2013 04 20 22 08 50.479      29.4
212
 2013 04 20 00 11  4.402     2013 04 20 00 13 39.449     155.0
213
214
 2013 04 20 10 38 17.608     2013 04 20 10 39 13.925      56.3
215
216
 2013 04 20 12 17 46.473     2013 04 20 12 20 26.784     160.3
 2013 04 20 20 31 48.198     2013 04 20 20 32 25.808      37.6
217
218
 2013 04 20 22 16 25.186     2013 04 20 22 20  5.184     220.0
219
 2013 04 20 12 14 34.420     2013 04 20 12 17 24.743     170.3
 2013 04 20 20 36 48.395     2013 04 20 20 36 47.766       -.6
220
221
 2013 04 20 12 07 14.749     2013 04 20 12 08 42.342      87.6
222
 2013 04 20 12 21 31.691     2013 04 20 12 24 36.952     185.3
 2013 04 20 17 17  5.028     2013 04 20 17 20 34.282     209.3
223
 2013 04 20 12 12 48.370     2013 04 20 12 15 40.436     172.1
 2013 04 20 22 10 25.224     2013 04 20 22 14  7.084     221.9
224
 2013 04 20 22 07 58.011     2013 04 20 22 11 41.990     224.0
225
226
 2013 04 20 12 14  9.028     2013 04 20 12 17 11.001     182.0
227
 2013 04 20 20 40  3.305     2013 04 20 20 40 22.120      18.8
228
229
230
 2013 04 20 00 11 18.826     2013 04 20 00 14  4.776     165.9
231
 2013 04 20 00 12 57.909     2013 04 20 00 15 53.010     175.1
232
 2013 04 20 00 11 17.767     2013 04 20 00 14 55.465     217.7
233
 2013 04 20 13 46 18.429     2013 04 20 13 47  1.856      43.4
234
 2013 04 20 22 08 54.742     2013 04 20 22 11 52.000     177.3
235
 2013 04 20 15 29 42.470     2013 04 20 15 32 26.152     163.7
 2013 04 20 22 03 46.658     2013 04 20 22 06 45.658     179.0
236
 2013 04 20 20 40 11.229     2013 04 20 20 42 54.858     163.6
237
 2013 04 20 13 47 46.786     2013 04 20 13 50 35.638     168.9
238
 2013 04 20 10 32 16.869     2013 04 20 10 35 20.694     183.8
239
 2013 04 20 22 16 48.736     2013 04 20 22 19 53.190     184.5
240
 2013 04 20 13 55  4.311     2013 04 20 13 57 52.082     167.8
 2013 04 20 20 28 23.015     2013 04 20 20 31 26.598     183.6
241
 2013 04 20 13 56  1.771     2013 04 20 13 59 54.482     232.7
 2013 04 20 18 52 19.028     2013 04 20 18 55 43.657     204.6
242
 2013 04 20 12 19 29.220     2013 04 20 12 23 21.613     232.4
 2013 04 20 13 57 33.431     2013 04 20 14 01  5.254     211.8
 2013 04 20 18 53  4.352     2013 04 20 18 55 48.865     164.5
243
 2013 04 20 12 08 57.122     2013 04 20 12 11 37.503     160.4
244
 2013 04 20 12 10 11.583     2013 04 20 12 12 48.697     157.1
 2013 04 20 22 12 35.682     2013 04 20 22 15 45.619     189.9
245
 2013 04 20 15 30 23.234     2013 04 20 15 33 24.097     180.9
 2013 04 20 20 25 48.990     2013 04 20 20 29 43.141     234.2
 2013 04 20 22 03 39.565     2013 04 20 22 04 14.358      34.8
246
247
 2013 04 20 13 52 31.465     2013 04 20 13 55  8.151     156.7
 2013 04 20 22 06  3.535     2013 04 20 22 06  5.308       1.8
248
 2013 04 20 15 29 38.138     2013 04 20 15 30 44.056      65.9
 2013 04 20 22 04 34.497     2013 04 20 22 08  6.436     211.9
249
250
 2013 04 20 12 18 50.826     2013 04 20 12 19  9.461      18.6
 2013 04 20 20 30 51.066     2013 04 20 20 34  3.435     192.4
251
 2013 04 20 10 39 36.361     2013 04 20 10 42 17.583     161.2
252
 2013 04 20 18 56 17.865     2013 04 20 18 58 59.314     161.4
253
 2013 04 20 12 18  7.278     2013 04 20 12 21  2.517     175.2
254
 2013 04 20 12 21  3.714     2013 04 20 12 23 47.885     164.2
 2013 04 20 17 15 46.447     2013 04 20 17 19 23.835     217.4
 2013 04 20 18 53 36.975     2013 04 20 18 57 23.520     226.5
255
 2013 04 20 10 33 25.809     2013 04 20 10 36 42.004     196.2
256
 2013 04 20 12 18 22.174     2013 04 20 12 21 37.786     195.6
 2013 04 20 18 54 25.919     2013 04 20 18 54 48.258      22.3
257
 2013 04 20 12 21 31.672     2013 04 20 12 24 32.405     180.7
 2013 04 20 17 17   .290     2013 04 20 17 20 29.971     209.7
258
 2013 04 20 15 30  5.579     2013 04 20 15 33 14.917     189.3
 2013 04 20 22 03 56.660     2013 04 20 22 07 38.849     222.2
259
 2013 04 20 13 56 36.499     2013 04 20 13 59 16.445     159.9
 2013 04 20 18 51 37.863     2013 04 20 18 54 30.271     172.4
260
261
 2013 04 20 12 20 30.521     2013 04 20 12 24  6.632     216.1
 2013 04 20 18 55 16.948     2013 04 20 18 58 36.133     199.2
262
 2013 04 20 12 18 20.757     2013 04 20 12 21  6.712     166.0
 2013 04 20 18 56 49.097     2013 04 20 18 57 10.844      21.7
263
264
 2013 04 20 18 56  6.360     2013 04 20 18 58 48.072     161.7
265
 2013 04 20 20 30 22.639     2013 04 20 20 33 28.891     186.3
266
 2013 04 20 22 08 55.908     2013 04 20 22 11 31.862     156.0
267
 2013 04 20 10 35 53.458     2013 04 20 10 38 35.195     161.7
 2013 04 20 20 37 17.721     2013 04 20 20 40 27.329     189.6
268
 2013 04 20 22 20 10.546     2013 04 20 22 20 17.623       7.1
269
 2013 04 20 12 07 43.141     2013 04 20 12 11 24.385     221.2
270
 2013 04 20 12 09 15.397     2013 04 20 12 10 11.167      55.8
 2013 04 20 22 13 55.241     2013 04 20 22 16 48.965     173.7
271
 2013 04 20 12 18  4.908     2013 04 20 12 20 46.121     161.2
272
 2013 04 20 00 09  1.018     2013 04 20 00 11 38.109     157.1
 2013 04 20 13 45 27.875     2013 04 20 13 48 23.987     176.1
273
 2013 04 20 20 34 48.700     2013 04 20 20 37 24.761     156.1
274
 2013 04 20 10 35 11.853     2013 04 20 10 35 36.952      25.1
 2013 04 20 20 39 20.824     2013 04 20 20 41 55.631     154.8
275
276
 2013 04 20 12 15 23.300     2013 04 20 12 19  1.062     217.8
 2013 04 20 20 33 43.837     2013 04 20 20 36 23.578     159.7
277
 2013 04 20 10 33 42.546     2013 04 20 10 36 30.576     168.0
278
 2013 04 20 22 08 14.011     2013 04 20 22 11 26.168     192.2
279
 2013 04 20 10 30 42.927     2013 04 20 10 33 16.901     154.0
 2013 04 20 22 18 21.584     2013 04 20 22 21 12.578     171.0
280
 2013 04 20 22 08 28.261     2013 04 20 22 11 52.635     204.4
281
 2013 04 20 10 36 58.674     2013 04 20 10 39 33.192     154.5
 2013 04 20 20 37 35.289     2013 04 20 20 40 13.716     158.4
282
 2013 04 20 13 52 48.974     2013 04 20 13 55 34.377     165.4
283
 2013 04 20 12 17  5.096     2013 04 20 12 20 41.474     216.4
 2013 04 20 20 32 45.557     2013 04 20 20 33 51.087      65.5
284
 2013 04 20 12 19 17.279     2013 04 20 12 22 10.737     173.5
 2013 04 20 18 54 44.043     2013 04 20 18 57 38.783     174.7
285
 2013 04 20 12 19 56.349     2013 04 20 12 23 14.829     198.5
 2013 04 20 13 57 35.526     2013 04 20 13 58 32.473      56.9
 2013 04 20 18 53 25.414     2013 04 20 18 56 14.898     169.5
286
 2013 04 20 12 17 30.086     2013 04 20 12 20  6.878     156.8
 2013 04 20 20 31 56.929     2013 04 20 20 35 30.390     213.5
287
 2013 04 20 13 46 22.769     2013 04 20 13 46 32.522       9.8
288
 2013 04 20 10 36 27.201     2013 04 20 10 39  1.470     154.3
 2013 04 20 20 37 38.451     2013 04 20 20 40 17.439     159.0
289
 2013 04 20 22 13  6.668     2013 04 20 22 14 18.115      71.4
290
 2013 04 20 12 09 47.289     2013 04 20 12 12 21.538     154.2
 2013 04 20 22 12 19.049     2013 04 20 22 16  6.971     227.9
291
 2013 04 20 12 15 44.619     2013 04 20 12 19 29.630     225.0
 2013 04 20 20 31 15.304     2013 04 20 20 33 56.578     161.3
292
 2013 04 20 12 15 49.528     2013 04 20 12 19 29.254     219.7
 2013 04 20 20 33 40.939     2013 04 20 20 36 18.880     157.9
293
 2013 04 20 12 07 22.164     2013 04 20 12 09 57.422     155.3
294
 2013 04 20 22 09 11.206     2013 04 20 22 12 12.282     181.1
295
296
 2013 04 20 12 10 50.906     2013 04 20 12 11  3.345      12.4
 2013 04 20 22 10 48.280     2013 04 20 22 13 30.766     162.5
297
 2013 04 20 10 37 17.090     2013 04 20 10 39 53.958     156.9
 2013 04 20 20 37 27.643     2013 04 20 20 40 20.814     173.2
298
 2013 04 20 12 19 41.100     2013 04 20 12 22 18.203     157.1
 2013 04 20 18 54 16.471     2013 04 20 18 56 57.071     160.6
299
 2013 04 20 20 30 21.170     2013 04 20 20 31  3.665      42.5
300
301
 2013 04 20 12 21 18.966     2013 04 20 12 23 58.386     159.4
 2013 04 20 17 16 18.281     2013 04 20 17 20   .774     222.5
 2013 04 20 18 54  4.093     2013 04 20 18 55  1.050      57.0
302
 2013 04 20 12 21 17.556     2013 04 20 12 24 24.066     186.5
 2013 04 20 17 16 49.923     2013 04 20 17 20 39.214     229.3
 2013 04 20 18 54 32.671     2013 04 20 18 54 39.099       6.4
303
 2013 04 20 22 13 28.286     2013 04 20 22 13 52.075      23.8
304
 2013 04 20 10 34 49.135     2013 04 20 10 37 58.506     189.4
305
 2013 04 20 12 19 18.682     2013 04 20 12 23  2.535     223.9
 2013 04 20 18 55 32.736     2013 04 20 18 58 12.356     159.6
306
 2013 04 20 20 34  7.185     2013 04 20 20 36 54.659     167.5
307
 2013 04 20 10 37 56.191     2013 04 20 10 39 13.701      77.5
308
 2013 04 20 10 38 32.381     2013 04 20 10 41  9.085     156.7
 2013 04 20 20 35 53.430     2013 04 20 20 36  4.100      10.7
309
 2013 04 20 15 30 44.412     2013 04 20 15 33 49.656     185.2
 2013 04 20 20 26 18.022     2013 04 20 20 29 41.677     203.7
310
 2013 04 20 22 14 57.487     2013 04 20 22 17 40.706     163.2
311
 2013 04 20 12 09 50.088     2013 04 20 12 10 26.144      36.1
 2013 04 20 22 10 42.882     2013 04 20 22 14 30.012     227.1
312
 2013 04 20 22 15 38.580     2013 04 20 22 18 53.494     194.9
313
 2013 04 20 00 10 47.043     2013 04 20 00 13 48.537     181.5
314
 2013 04 20 12 11 29.039     2013 04 20 12 14  6.080     157.0
 2013 04 20 22 12 18.510     2013 04 20 22 14 57.529     159.0
315
 2013 04 20 13 47 35.029     2013 04 20 13 48 40.019      65.0
316
 2013 04 20 12 15 55.453     2013 04 20 12 18 50.122     174.7
 2013 04 20 20 33  9.646     2013 04 20 20 35 47.884     158.2
317
 2013 04 20 22 15 49.739     2013 04 20 22 18 45.821     176.1
318
 2013 04 20 10 33 17.757     2013 04 20 10 36  1.080     163.3
319
 2013 04 20 10 31 52.474     2013 04 20 10 35 14.423     201.9
320
 2013 04 20 15 28 34.683     2013 04 20 15 31 58.098     203.4
 2013 04 20 22 04 27.200     2013 04 20 22 07  7.307     160.1
321
 2013 04 20 13 51 11.775     2013 04 20 13 54 23.310     191.5
 2013 04 20 22 06  4.842     2013 04 20 22 08 48.772     163.9
322
 2013 04 20 20 40 11.148     2013 04 20 20 43 22.007     190.9
323
 2013 04 20 20 35 14.538     2013 04 20 20 38 15.287     180.7
324
 2013 04 20 10 41 48.173     2013 04 20 10 44 24.575     156.4
 2013 04 20 18 58  3.548     2013 04 20 19 00 39.985     156.4
325
 2013 04 20 13 50 22.894     2013 04 20 13 53  1.187     158.3
 2013 04 20 22 06 49.001     2013 04 20 22 09 43.172     174.2
326
 2013 04 20 18 56 21.230     2013 04 20 18 59  7.071     165.8
327
 2013 04 20 13 48  7.029     2013 04 20 13 51 45.693     218.7
328
 2013 04 20 22 17 11.712     2013 04 20 22 20 26.786     195.1
329
 2013 04 20 10 34 30.714     2013 04 20 10 37 24.371     173.7
 2013 04 20 20 42 22.449     2013 04 20 20 42 29.299       6.9
330
 2013 04 20 10 35 47.416     2013 04 20 10 38 53.466     186.0
 2013 04 20 20 36 47.951     2013 04 20 20 40  3.981     196.0
331
 2013 04 20 13 54   .449     2013 04 20 13 57  9.282     188.8
 2013 04 20 20 29 39.828     2013 04 20 20 32 22.962     163.1
332
 2013 04 20 20 34 11.913     2013 04 20 20 37 38.843     206.9
333
 2013 04 20 00 09  3.485     2013 04 20 00 12 45.413     221.9
334
 2013 04 20 20 35  3.462     2013 04 20 20 38 36.059     212.6
335
 2013 04 20 00 11 25.345     2013 04 20 00 14 50.475     205.1
336
 2013 04 20 13 55 55.888     2013 04 20 13 59 19.686     203.8
 2013 04 20 18 51 45.916     2013 04 20 18 55 25.999     220.1
337
338
 2013 04 20 20 40 44.848     2013 04 20 20 43 26.064     161.2
339
 2013 04 20 10 35   .578     2013 04 20 10 38 44.426     223.8
 2013 04 20 20 39 11.406     2013 04 20 20 41 58.350     166.9
340
341
 2013 04 20 12 16 42.690     2013 04 20 12 19 18.653     156.0
 2013 04 20 20 32 26.821     2013 04 20 20 35  8.793     162.0
342
 2013 04 20 10 43 43.213     2013 04 20 10 43 56.330      13.1
 2013 04 20 18 59 50.885     2013 04 20 19 00  5.283      14.4
343
344
 2013 04 20 15 31  6.709     2013 04 20 15 33 48.374     161.7
 2013 04 20 20 26 11.893     2013 04 20 20 29  8.712     176.8
345
 2013 04 20 20 34 36.956     2013 04 20 20 37 16.427     159.5
346
347
 2013 04 20 22 10 11.218     2013 04 20 22 12 51.029     159.8
348
 2013 04 20 10 37 35.524     2013 04 20 10 40 11.446     155.9
 2013 04 20 20 37  9.426     2013 04 20 20 40 18.909     189.5
349
 2013 04 20 12 09 57.139     2013 04 20 12 13  3.675     186.5
 2013 04 20 22 11 15.564     2013 04 20 22 15  3.432     227.9
350
 2013 04 20 12 10 52.180     2013 04 20 12 11 28.348      36.2
351
 2013 04 20 13 57  8.987     2013 04 20 14 00 22.243     193.3
 2013 04 20 18 52 40.553     2013 04 20 18 55 18.658     158.1
352
353
 2013 04 20 12 14 20.979     2013 04 20 12 14 37.535      16.6
 2013 04 20 20 33 52.378     2013 04 20 20 37 11.352     199.0
354
 2013 04 20 20 30 31.860     2013 04 20 20 34 24.567     232.7
355
 2013 04 20 22 15 55.026     2013 04 20 22 18 29.790     154.8
356
357
 2013 04 20 20 41 24.689     2013 04 20 20 44 33.734     189.0
358
 2013 04 20 12 20 16.070     2013 04 20 12 20 32.475      16.4
 2013 04 20 18 55 37.714     2013 04 20 18 58 57.055     199.3
359
 2013 04 20 13 50 12.462     2013 04 20 13 52 57.836     165.4
 2013 04 20 22 06 33.157     2013 04 20 22 09 36.810     183.7
360
 2013 04 20 12 17 14.871     2013 04 20 12 19 58.290     163.4
 2013 04 20 20 32 21.107     2013 04 20 20 35 41.948     200.8
361
 2013 04 20 10 44 33.184     2013 04 20 10 45 28.796      55.6
 2013 04 20 18 56 29.572     2013 04 20 18 59  7.149     157.6
362
 2013 04 20 10 37 19.870     2013 04 20 10 40 16.497     176.6
 2013 04 20 20 36 36.224     2013 04 20 20 39 20.757     164.5
363
 2013 04 20 13 54 21.708     2013 04 20 13 58  4.737     223.0
 2013 04 20 20 30  9.300     2013 04 20 20 32 50.211     160.9
364
 2013 04 20 13 48 54.501     2013 04 20 13 51 36.477     162.0
365
 2013 04 20 12 17 51.810     2013 04 20 12 20 43.761     172.0
366
367
 2013 04 20 10 39 57.134     2013 04 20 10 42 32.368     155.2
368
 2013 04 20 12 08 37.076     2013 04 20 12 11 19.053     162.0
369
 2013 04 20 10 31 34.068     2013 04 20 10 34 25.517     171.4
 2013 04 20 22 17  4.136     2013 04 20 22 20 40.261     216.1
370
 2013 04 20 12 07  2.317     2013 04 20 12 07 49.389      47.1
371
 2013 04 20 22 08 17.122     2013 04 20 22 11 56.047     218.9
372
 2013 04 20 10 32 24.861     2013 04 20 10 35 30.852     186.0
373
374
 2013 04 20 12 21 57.500     2013 04 20 12 22 40.335      42.8
 2013 04 20 13 56 40.983     2013 04 20 14 00 27.840     226.9
 2013 04 20 18 52 51.283     2013 04 20 18 55 37.786     166.5
375
 2013 04 20 00 09 35.864     2013 04 20 00 12 18.924     163.1
 2013 04 20 13 44 57.209     2013 04 20 13 47  3.460     126.3
376
 2013 04 20 20 43 13.812     2013 04 20 20 43 34.004      20.2
377
 2013 04 20 12 18 51.555     2013 04 20 12 20   .840      69.3
 2013 04 20 18 55 32.034     2013 04 20 18 58 25.606     173.6
378
 2013 04 20 12 09 35.246     2013 04 20 12 12 49.454     194.2
 2013 04 20 22 13 21.595     2013 04 20 22 16 30.237     188.6
379
 2013 04 20 10 39  6.721     2013 04 20 10 41 48.382     161.7
380
 2013 04 20 13 49 55.446     2013 04 20 13 53 19.642     204.2
 2013 04 20 22 05 55.677     2013 04 20 22 09  3.946     188.3
381
 2013 04 20 20 35 14.999     2013 04 20 20 37 50.639     155.6
382
 2013 04 20 10 40  1.097     2013 04 20 10 42 38.750     157.7
383
384
 2013 04 20 13 52  7.495     2013 04 20 13 55 42.651     215.2
 2013 04 20 22 04 56.757     2013 04 20 22 05 43.574      46.8
385
 2013 04 20 13 47 38.895     2013 04 20 13 50 43.030     184.1
 2013 04 20 23 44 27.331     2013 04 20 23 44 56.121      28.8
386
387
 2013 04 20 22 16 29.581     2013 04 20 22 19 37.456     187.9
388
389
 2013 04 20 10 36 12.550     2013 04 20 10 38 47.378     154.8
 2013 04 20 20 37 36.492     2013 04 20 20 40 24.844     168.4
390
 2013 04 20 13 54 37.109     2013 04 20 13 57 14.911     157.8
 2013 04 20 20 28 50.752     2013 04 20 20 31 29.351     158.6
391
 2013 04 20 10 37 57.502     2013 04 20 10 40 54.727     177.2
 2013 04 20 20 36  2.546     2013 04 20 20 39 22.880     200.3
392
 2013 04 20 00 06 23.746     2013 04 20 00 06 43.800      20.1
 2013 04 20 13 47 32.229     2013 04 20 13 50 16.893     164.7
 2013 04 20 23 44 58.341     2013 04 20 23 46 10.934      72.6
393
 2013 04 20 10 40 19.692     2013 04 20 10 42 54.939     155.2
 2013 04 20 19 01  6.715     2013 04 20 19 01 36.684      30.0
394
 2013 04 20 13 52 43.693     2013 04 20 13 55 20.348     156.7
395
 2013 04 20 12 14 49.617     2013 04 20 12 14 51.813       2.2
 2013 04 20 22 10 33.456     2013 04 20 22 13 21.211     167.8
396
 2013 04 20 13 52 57.457     2013 04 20 13 56 20.521     203.1
 2013 04 20 20 29  9.423     2013 04 20 20 33  1.245     231.8
397
 2013 04 20 10 31  4.237     2013 04 20 10 33 38.529     154.3
 2013 04 20 22 18   .446     2013 04 20 22 21 10.554     190.1
398
399
 2013 04 20 00 13 17.974     2013 04 20 00 14 50.463      92.5
 2013 04 20 12 06  6.104     2013 04 20 12 08 47.669     161.6
400
 2013 04 20 10 37 30.534     2013 04 20 10 40  4.909     154.4
 2013 04 20 20 37  9.250     2013 04 20 20 40  9.102     179.9
401
 2013 04 20 22 08 37.085     2013 04 20 22 12  7.936     210.9
402
 2013 04 20 12 08 33.318     2013 04 20 12 08 52.262      18.9
 2013 04 20 22 13 57.979     2013 04 20 22 17 28.733     210.8
403
 2013 04 20 10 33 15.870     2013 04 20 10 36 53.908     218.0
404
405
 2013 04 20 12 15  9.993     2013 04 20 12 18 30.140     200.1
 2013 04 20 20 33 26.999     2013 04 20 20 36 25.023     178.0
406
 2013 04 20 12 07 46.741     2013 04 20 12 11 29.443     222.7
407
 2013 04 20 15 31 33.983     2013 04 20 15 34 56.707     202.7
 2013 04 20 20 27 17.991     2013 04 20 20 29 57.690     159.7
408
 2013 04 20 13 50 20.302     2013 04 20 13 53   .557     160.3
 2013 04 20 22 06 43.887     2013 04 20 22 09 40.378     176.5
409
 2013 04 20 10 42 35.829     2013 04 20 10 46 25.496     229.7
 2013 04 20 18 55 55.769     2013 04 20 18 59 30.911     215.1
410
 2013 04 20 12 10 18.831     2013 04 20 12 13  9.802     171.0
 2013 04 20 22 12 59.395     2013 04 20 22 15 47.464     168.1
411
 2013 04 20 13 50 18.470     2013 04 20 13 53 19.560     181.1
 2013 04 20 22 07 49.946     2013 04 20 22 10 31.048     161.1
412
 2013 04 20 20 44 24.315     2013 04 20 20 45 29.842      65.5
413
 2013 04 20 15 29 49.478     2013 04 20 15 32 34.131     164.7
 2013 04 20 20 28 21.443     2013 04 20 20 28 37.869      16.4
 2013 04 20 22 02 57.448     2013 04 20 22 06 11.712     194.3
414
 2013 04 20 13 55  9.584     2013 04 20 13 58 53.125     223.5
 2013 04 20 20 29 51.353     2013 04 20 20 33 21.735     210.4
415
 2013 04 20 10 42 43.302     2013 04 20 10 46 29.156     225.9
 2013 04 20 18 55 52.674     2013 04 20 18 59 36.789     224.1
416
 2013 04 20 10 39 39.937     2013 04 20 10 42 45.428     185.5
417
 2013 04 20 13 54 17.585     2013 04 20 13 57 32.918     195.3
 2013 04 20 20 29 50.255     2013 04 20 20 32 27.543     157.3
418
 2013 04 20 12 17 50.302     2013 04 20 12 21 12.593     202.3
419
 2013 04 20 13 53 26.785     2013 04 20 13 56 14.728     167.9
 2013 04 20 20 28 52.291     2013 04 20 20 32 19.910     207.6
420
 2013 04 20 13 53 53.120     2013 04 20 13 54 26.644      33.5
 2013 04 20 20 30 22.333     2013 04 20 20 32 59.617     157.3
421
 2013 04 20 18 55 21.165     2013 04 20 18 58 50.946     209.8
422
 2013 04 20 13 49  4.240     2013 04 20 13 52 21.313     197.1
423
 2013 04 20 20 40 38.826     2013 04 20 20 43 23.420     164.6
424
 2013 04 20 10 38 11.600     2013 04 20 10 41  1.941     170.3
 2013 04 20 20 35 55.991     2013 04 20 20 39 34.200     218.2
425
 2013 04 20 12 07 30.531     2013 04 20 12 10  4.528     154.0
426
 2013 04 20 13 47 42.609     2013 04 20 13 50 19.880     157.3
427
 2013 04 20 10 33 18.676     2013 04 20 10 36 57.415     218.7
428
 2013 04 20 00 12 13.978     2013 04 20 00 15 58.580     224.6
429
 2013 04 20 13 49  8.577     2013 04 20 13 52 53.178     224.6
 2013 04 20 22 08 46.536     2013 04 20 22 09 25.410      38.9
430
 2013 04 20 15 30 52.902     2013 04 20 15 33 40.816     167.9
 2013 04 20 20 26  7.685     2013 04 20 20 29 20.789     193.1
431
432
 2013 04 20 00 06 45.696     2013 04 20 00 10  9.813     204.1
 2013 04 20 13 47   .155     2013 04 20 13 49 55.482     175.3
 2013 04 20 23 45 18.853     2013 04 20 23 48 32.316     193.5
433
 2013 04 20 10 41 58.881     2013 04 20 10 42 10.719      11.8
 2013 04 20 20 34 48.195     2013 04 20 20 38 28.895     220.7
434
435
436
 2013 04 20 10 32 18.773     2013 04 20 10 35 18.532     179.8
437
 2013 04 20 20 38 35.365     2013 04 20 20 42 19.981     224.6
438
 2013 04 20 12 17 57.813     2013 04 20 12 20 35.129     157.3
 2013 04 20 20 31 17.564     2013 04 20 20 31 26.124       8.6
439
 2013 04 20 00 13 51.311     2013 04 20 00 17  9.926     198.6
 2013 04 20 12 05 39.176     2013 04 20 12 08 18.383     159.2
440
 2013 04 20 13 55  4.499     2013 04 20 13 57 48.087     163.6
 2013 04 20 20 29 13.760     2013 04 20 20 32  8.925     175.2
441
 2013 04 20 13 51 59.955     2013 04 20 13 53 22.494      82.5
442
 2013 04 20 13 46 22.215     2013 04 20 13 46 30.479       8.3
443
 2013 04 20 22 05 10.438     2013 04 20 22 07 49.977     159.5
444
 2013 04 20 12 16  2.475     2013 04 20 12 18 38.211     155.7
 2013 04 20 20 32 34.123     2013 04 20 20 35 16.524     162.4
445
 2013 04 20 12 16 58.138     2013 04 20 12 19 34.708     156.6
 2013 04 20 20 32 10.639     2013 04 20 20 35  2.906     172.3
446
 2013 04 20 00 10 27.404     2013 04 20 00 13  4.515     157.1
447
 2013 04 20 12 16 19.208     2013 04 20 12 17 24.077      64.9
448
 2013 04 20 15 31  3.761     2013 04 20 15 33 41.568     157.8
 2013 04 20 20 25 59.385     2013 04 20 20 28 55.063     175.7
449
 2013 04 20 12 16 10.271     2013 04 20 12 18 46.731     156.5
 2013 04 20 20 32 39.420     2013 04 20 20 35 17.746     158.3
450
 2013 04 20 15 31  8.705     2013 04 20 15 34 25.623     196.9
 2013 04 20 20 26 53.710     2013 04 20 20 29 49.183     175.5
451
 2013 04 20 10 37 57.876     2013 04 20 10 38 17.364      19.5
452
 2013 04 20 20 41 40.111     2013 04 20 20 44 15.973     155.9
453
 2013 04 20 10 36 12.195     2013 04 20 10 38 58.934     166.7
 2013 04 20 20 38 16.040     2013 04 20 20 40 52.365     156.3
454
 2013 04 20 12 10 51.175     2013 04 20 12 13 36.937     165.8
 2013 04 20 22 11 47.191     2013 04 20 22 14 35.317     168.1
455
 2013 04 20 10 41 20.017     2013 04 20 10 41 25.942       5.9
 2013 04 20 20 35 31.114     2013 04 20 20 38 20.887     169.8
456
 2013 04 20 12 08   .214     2013 04 20 12 11 11.484     191.3
457
458
 2013 04 20 15 29 41.413     2013 04 20 15 32 38.595     177.2
 2013 04 20 20 24 17.989     2013 04 20 20 24 51.360      33.4
 2013 04 20 22 02 42.326     2013 04 20 22 05 56.780     194.5
459
 2013 04 20 20 42 19.732     2013 04 20 20 44 54.322     154.6
460
 2013 04 20 15 29 43.444     2013 04 20 15 33 31.273     227.8
 2013 04 20 22 04 27.297     2013 04 20 22 07 59.868     212.6
461
 2013 04 20 10 38 52.867     2013 04 20 10 42 19.671     206.8
462
 2013 04 20 10 39 32.363     2013 04 20 10 42 13.482     161.1
463
 2013 04 20 18 55 52.944     2013 04 20 18 58 53.843     180.9
464
 2013 04 20 10 37 32.392     2013 04 20 10 41  2.320     209.9
 2013 04 20 20 35 52.914     2013 04 20 20 38 51.197     178.3
465
466
 2013 04 20 12 15  7.097     2013 04 20 12 18 45.161     218.1
 2013 04 20 20 33 41.859     2013 04 20 20 36 32.001     170.1
467
 2013 04 20 10 31 13.889     2013 04 20 10 34 22.512     188.6
468
 2013 04 20 12 07 48.048     2013 04 20 12 10 53.210     185.2
469
 2013 04 20 22 16  9.541     2013 04 20 22 18 58.376     168.8
470
 2013 04 20 12 07 46.042     2013 04 20 12 11 12.966     206.9
471
 2013 04 20 10 32 12.485     2013 04 20 10 34 52.606     160.1
472
 2013 04 20 12 15  6.040     2013 04 20 12 18 10.056     184.0
 2013 04 20 20 31 26.156     2013 04 20 20 35  4.969     218.8
473
 2013 04 20 13 56 28.853     2013 04 20 13 59 20.491     171.6
 2013 04 20 18 51 48.247     2013 04 20 18 54 50.594     182.3
474
 2013 04 20 20 41 39.180     2013 04 20 20 44 27.863     168.7
475
 2013 04 20 12 09 42.488     2013 04 20 12 12 51.337     188.8
 2013 04 20 22 13 17.158     2013 04 20 22 16 23.031     185.9
476
 2013 04 20 13 55 24.119     2013 04 20 13 56  4.904      40.8
 2013 04 20 20 29 48.517     2013 04 20 20 30 16.147      27.6
477
 2013 04 20 12 11 10.689     2013 04 20 12 14 52.690     222.0
 2013 04 20 22 12 52.548     2013 04 20 22 16  5.315     192.8
478
479
 2013 04 20 18 59 16.400     2013 04 20 18 59 50.680      34.3
480
 2013 04 20 13 48 23.471     2013 04 20 13 48 24.700       1.2
 2013 04 20 22 11 23.410     2013 04 20 22 12 15.515      52.1
481
 2013 04 20 12 10 49.360     2013 04 20 12 13 35.926     166.6
 2013 04 20 22 12 49.128     2013 04 20 22 15 24.794     155.7
482
 2013 04 20 10 40 51.972     2013 04 20 10 44 14.497     202.5
 2013 04 20 18 56 50.259     2013 04 20 18 59 53.590     183.3
483
 2013 04 20 20 41 40.514     2013 04 20 20 44 27.918     167.4
484
 2013 04 20 22 09 31.721     2013 04 20 22 12 45.658     193.9
485
 2013 04 20 12 18 28.849     2013 04 20 12 21 43.255     194.4
 2013 04 20 18 52 57.769     2013 04 20 18 56 25.623     207.9
486
 2013 04 20 13 46 50.557     2013 04 20 13 50 38.731     228.2
487
488
 2013 04 20 15 31  1.132     2013 04 20 15 34   .972     179.8
 2013 04 20 20 26 29.690     2013 04 20 20 29 34.074     184.4
489
 2013 04 20 13 47 28.777     2013 04 20 13 51   .505     211.7
490
 2013 04 20 12 19 13.554     2013 04 20 12 23  4.013     230.5
 2013 04 20 18 55 36.032     2013 04 20 18 58 16.597     160.6
491
 2013 04 20 00 09 46.478     2013 04 20 00 12 29.963     163.5
 2013 04 20 13 44 14.657     2013 04 20 13 47 45.294     210.6
492
 2013 04 20 13 50 25.122     2013 04 20 13 53  1.453     156.3
 2013 04 20 22 06 56.252     2013 04 20 22 09 48.187     171.9
493
 2013 04 20 12 13  5.667     2013 04 20 12 13 11.757       6.1
494
 2013 04 20 10 32  7.931     2013 04 20 10 34 41.145     153.2
495
 2013 04 20 10 37 21.997     2013 04 20 10 37 55.188      33.2
496
 2013 04 20 10 41 46.943     2013 04 20 10 45   .442     193.5
 2013 04 20 18 57   .940     2013 04 20 18 59 38.368     157.4
497
 2013 04 20 12 14 42.348     2013 04 20 12 15  6.408      24.1
 2013 04 20 20 33 58.681     2013 04 20 20 36 54.589     175.9
498
499
 2013 04 20 13 53  1.009     2013 04 20 13 55 53.926     172.9
 2013 04 20 20 32  6.777     2013 04 20 20 32 42.270      35.5
500
 2013 04 20 10 30 49.571     2013 04 20 10 34 10.754     201.2
 2013 04 20 22 17 19.129     2013 04 20 22 20  9.307     170.2
501
 2013 04 20 10 33 10.752     2013 04 20 10 35 46.616     155.9
502
 2013 04 20 13 48 54.272     2013 04 20 13 51 48.335     174.1
503
 2013 04 20 13 50 27.129     2013 04 20 13 53 33.802     186.7
 2013 04 20 22 06 16.706     2013 04 20 22 09  1.313     164.6
504
 2013 04 20 12 21 49.691     2013 04 20 12 24 29.880     160.2
 2013 04 20 17 16 52.811     2013 04 20 17 19 57.099     184.3
505
 2013 04 20 20 44 49.172     2013 04 20 20 44 59.309      10.1
506
 2013 04 20 15 31  6.981     2013 04 20 15 33 54.213     167.2
 2013 04 20 20 26 20.506     2013 04 20 20 29 18.594     178.1
507
 2013 04 20 00 10 55.869     2013 04 20 00 13 40.389     164.5
508
 2013 04 20 12 21  4.882     2013 04 20 12 24 45.918     221.0
 2013 04 20 17 17  7.793     2013 04 20 17 17 34.266      26.5
509
 2013 04 20 13 49 22.671     2013 04 20 13 51 57.882     155.2
 2013 04 20 22 10 48.041     2013 04 20 22 10 50.384       2.3
510
 2013 04 20 12 16   .485     2013 04 20 12 18 45.542     165.1
 2013 04 20 20 32 58.151     2013 04 20 20 35 37.118     159.0
511
 2013 04 20 12 06 38.332     2013 04 20 12 09 35.058     176.7
512
513
514
 2013 04 20 12 16 26.858     2013 04 20 12 19 33.673     186.8
 2013 04 20 20 33  9.296     2013 04 20 20 35 56.214     166.9
515
 2013 04 20 12 05 35.830     2013 04 20 12 06  4.192      28.4
516
 2013 04 20 12 21 26.654     2013 04 20 12 24 20.338     173.7
 2013 04 20 17 16 46.861     2013 04 20 17 20 23.616     216.8
517
 2013 04 20 00 08 39.341     2013 04 20 00 09  2.199      22.9
 2013 04 20 13 45 52.977     2013 04 20 13 46  1.922       8.9
518
 2013 04 20 13 56  5.681     2013 04 20 13 58 44.347     158.7
 2013 04 20 18 51  4.791     2013 04 20 18 54 28.896     204.1
519
 2013 04 20 10 36 28.623     2013 04 20 10 37 51.451      82.8
 2013 04 20 20 38 25.439     2013 04 20 20 41 38.816     193.4
520
 2013 04 20 12 14 14.655     2013 04 20 12 17 36.060     201.4
521
522
 2013 04 20 15 28  5.228     2013 04 20 15 31 53.493     228.3
 2013 04 20 22 04 34.737     2013 04 20 22 07 27.545     172.8
523
524
 2013 04 20 10 36 21.898     2013 04 20 10 39 50.306     208.4
 2013 04 20 20 38 30.813     2013 04 20 20 41 19.219     168.4
525
 2013 04 20 10 33 33.535     2013 04 20 10 36 20.633     167.1
526
 2013 04 20 00 12 10.805     2013 04 20 00 14 44.771     154.0
527
 2013 04 20 12 13 11.686     2013 04 20 12 13 34.206      22.5
528
 2013 04 20 10 39 41.645     2013 04 20 10 42 59.301     197.7
529
 2013 04 20 13 55 57.125     2013 04 20 13 59  4.922     187.8
 2013 04 20 18 51 31.699     2013 04 20 18 55 12.980     221.3
530
 2013 04 20 12 18 57.690     2013 04 20 12 22   .545     182.9
 2013 04 20 18 54 42.141     2013 04 20 18 57 54.928     192.8
531
 2013 04 20 13 50 50.374     2013 04 20 13 54 38.595     228.2
 2013 04 20 22 05 42.182     2013 04 20 22 08 22.291     160.1
532
533
 2013 04 20 10 41 36.919     2013 04 20 10 44 16.597     159.7
 2013 04 20 18 57 41.153     2013 04 20 19 00 20.256     159.1
534
 2013 04 20 12 19 17.714     2013 04 20 12 22 51.452     213.7
 2013 04 20 18 55 24.413     2013 04 20 18 58  6.460     162.0
535
 2013 04 20 10 37 48.420     2013 04 20 10 40 37.565     169.1
 2013 04 20 20 36 21.105     2013 04 20 20 39 30.629     189.5
536
 2013 04 20 10 40 35.244     2013 04 20 10 43 30.225     175.0
 2013 04 20 18 58 24.533     2013 04 20 19 01 42.812     198.3
537
538
 2013 04 20 12 10 59.102     2013 04 20 12 13 57.937     178.8
 2013 04 20 22 12 54.080     2013 04 20 22 15 30.770     156.7
539
 2013 04 20 00 13 10.955     2013 04 20 00 13 40.815      29.9
 2013 04 20 12 06 15.186     2013 04 20 12 08 54.068     158.9
540
 2013 04 20 12 20 32.300     2013 04 20 12 23 24.560     172.3
 2013 04 20 17 19  2.068     2013 04 20 17 19 18.747      16.7
 2013 04 20 18 53 41.141     2013 04 20 18 56 50.775     189.6
541
 2013 04 20 12 20 59.076     2013 04 20 12 23 46.806     167.7
 2013 04 20 17 15 40.498     2013 04 20 17 19 18.227     217.7
 2013 04 20 18 53 33.217     2013 04 20 18 57 16.289     223.1
542
 2013 04 20 15 32  5.570     2013 04 20 15 35 14.225     188.7
 2013 04 20 20 27 18.689     2013 04 20 20 30   .631     161.9
543
 2013 04 20 20 38 57.846     2013 04 20 20 42  9.957     192.1
544
 2013 04 20 12 07 54.224     2013 04 20 12 11  9.703     195.5
545
 2013 04 20 20 38 59.437     2013 04 20 20 39 40.509      41.1
546
 2013 04 20 12 08 22.367     2013 04 20 12 11 42.889     200.5
547
 2013 04 20 12 18  9.148     2013 04 20 12 20 45.874     156.7
548
 2013 04 20 10 38 53.098     2013 04 20 10 40  6.745      73.6
549
 2013 04 20 00 11 55.931     2013 04 20 00 15 34.990     219.1
550
 2013 04 20 12 08 26.804     2013 04 20 12 11 53.268     206.5
551
 2013 04 20 13 50  4.350     2013 04 20 13 50 17.748      13.4
 2013 04 20 22 08 34.658     2013 04 20 22 11 12.499     157.8
552
 2013 04 20 12 10 16.781     2013 04 20 12 12 58.055     161.3
 2013 04 20 22 12 45.427     2013 04 20 22 15 44.195     178.8
553
 2013 04 20 13 51   .684     2013 04 20 13 53 45.998     165.3
 2013 04 20 22 06 38.319     2013 04 20 22 09 15.090     156.8
554
 2013 04 20 10 40 52.561     2013 04 20 10 43 35.845     163.3
 2013 04 20 18 58 13.964     2013 04 20 19 01 21.308     187.3
555
 2013 04 20 00 11 34.128     2013 04 20 00 14 53.123     199.0
556
557
 2013 04 20 13 55  3.669     2013 04 20 13 58  7.759     184.1
 2013 04 20 20 29 34.213     2013 04 20 20 32 36.068     181.9
558
 2013 04 20 10 39 19.702     2013 04 20 10 42 18.770     179.1
559
 2013 04 20 20 41 32.768     2013 04 20 20 44  9.066     156.3
560
 2013 04 20 12 18 45.325     2013 04 20 12 21 48.273     182.9
 2013 04 20 18 53 14.930     2013 04 20 18 56 29.709     194.8
561
 2013 04 20 12 08 33.268     2013 04 20 12 11  7.510     154.2
562
 2013 04 20 12 12 32.291     2013 04 20 12 15  9.625     157.3
 2013 04 20 22 11  3.846     2013 04 20 22 14 27.639     203.8
563
 2013 04 20 12 07 46.957     2013 04 20 12 10 37.688     170.7
564
 2013 04 20 12 09 23.605     2013 04 20 12 12 53.474     209.9
 2013 04 20 22 13 34.504     2013 04 20 22 16 41.546     187.0
565
 2013 04 20 12 18 31.983     2013 04 20 12 18 37.905       5.9
 2013 04 20 20 33 42.062     2013 04 20 20 34 31.965      49.9
566
 2013 04 20 12 10   .758     2013 04 20 12 13 29.878     209.1
 2013 04 20 22 13 32.835     2013 04 20 22 16 11.673     158.8
567
 2013 04 20 12 17 19.729     2013 04 20 12 18  3.571      43.8
568
 2013 04 20 20 34 37.831     2013 04 20 20 37 36.738     178.9
569
570
 2013 04 20 13 52 35.365     2013 04 20 13 55 13.252     157.9
571
 2013 04 20 10 39 54.924     2013 04 20 10 40 37.429      42.5
 2013 04 20 20 36  2.095     2013 04 20 20 38 37.625     155.5
572
 2013 04 20 20 30  4.561     2013 04 20 20 33 27.986     203.4
573
 2013 04 20 00 15 31.887     2013 04 20 00 15 40.545       8.7
574
575
 2013 04 20 13 48 10.056     2013 04 20 13 50 53.671     163.6
576
 2013 04 20 15 29 31.533     2013 04 20 15 32  9.322     157.8
 2013 04 20 22 03 22.552     2013 04 20 22 06 11.983     169.4
577
578
 2013 04 20 15 30 54.770     2013 04 20 15 34 26.193     211.4
 2013 04 20 20 26 53.875     2013 04 20 20 30   .881     187.0
579
 2013 04 20 22 15 50.241     2013 04 20 22 18 57.418     187.2
580
 2013 04 20 00 11 38.100     2013 04 20 00 15 12.714     214.6
581
582
 2013 04 20 10 36 40.628     2013 04 20 10 39 15.371     154.7
 2013 04 20 20 37 32.450     2013 04 20 20 40  7.870     155.4
583
 2013 04 20 12 16  3.785     2013 04 20 12 19 21.554     197.8
 2013 04 20 20 31 34.356     2013 04 20 20 34 12.257     157.9
584
 2013 04 20 20 33 56.338     2013 04 20 20 37 35.730     219.4
585
 2013 04 20 10 38 37.608     2013 04 20 10 41 34.894     177.3
586
 2013 04 20 13 56  6.062     2013 04 20 13 58 44.321     158.3
 2013 04 20 18 51  4.056     2013 04 20 18 54 26.863     202.8
587
 2013 04 20 13 53  7.149     2013 04 20 13 56 18.329     191.2
 2013 04 20 20 27 36.185     2013 04 20 20 31  1.044     204.9
588
589
 2013 04 20 10 33 25.448     2013 04 20 10 36 30.582     185.1
590
 2013 04 20 12 15 38.788     2013 04 20 12 16  8.327      29.5
 2013 04 20 20 33 55.371     2013 04 20 20 36 35.432     160.1
591
 2013 04 20 10 36 10.993     2013 04 20 10 38 50.200     159.2
 2013 04 20 20 38  5.930     2013 04 20 20 40 46.047     160.1
592
 2013 04 20 13 48  9.621     2013 04 20 13 49 25.923      76.3
593
 2013 04 20 12 19  4.874     2013 04 20 12 21 47.127     162.3
 2013 04 20 18 53 43.477     2013 04 20 18 56 50.659     187.2
594
 2013 04 20 13 47 32.226     2013 04 20 13 50 15.693     163.5
595
596
 2013 04 20 13 51 40.703     2013 04 20 13 54 17.798     157.1
 2013 04 20 22 06 37.093     2013 04 20 22 09 37.334     180.2
597
 2013 04 20 10 35  1.503     2013 04 20 10 37 43.829     162.3
598
 2013 04 20 12 07  4.494     2013 04 20 12 09 54.022     169.5
599
 2013 04 20 12 11  4.164     2013 04 20 12 11 31.596      27.4
600
 2013 04 20 22 10 13.086     2013 04 20 22 13 42.693     209.6
601
 2013 04 20 12 14  9.046     2013 04 20 12 16 48.660     159.6
602
 2013 04 20 20 33 59.966     2013 04 20 20 34 10.290      10.3
603
604
 2013 04 20 22 15 10.779     2013 04 20 22 18  4.345     173.6
605
 2013 04 20 22 14 41.309     2013 04 20 22 17 39.104     177.8
606
 2013 04 20 12 18 35.032     2013 04 20 12 21 15.283     160.3
 2013 04 20 18 53 47.934     2013 04 20 18 54 11.297      23.4
607
 2013 04 20 10 38  6.523     2013 04 20 10 40 41.349     154.8
 2013 04 20 20 36 34.314     2013 04 20 20 40 19.080     224.8
608
 2013 04 20 13 51 31.167     2013 04 20 13 54 35.492     184.3
 2013 04 20 22 06  1.113     2013 04 20 22 08 58.782     177.7
609
610
 2013 04 20 12 06 52.733     2013 04 20 12 09 25.771     153.0
611
 2013 04 20 12 20 18.818     2013 04 20 12 23 30.548     191.7
 2013 04 20 13 57 56.281     2013 04 20 13 59 13.850      77.6
 2013 04 20 17 14 55.312     2013 04 20 17 15 27.197      31.9
 2013 04 20 18 53 23.783     2013 04 20 18 56 31.747     188.0
612
 2013 04 20 08 57  3.860     2013 04 20 09 00 21.940     198.1
 2013 04 20 20 41 58.364     2013 04 20 20 45 39.175     220.8
613
 2013 04 20 22 05  7.692     2013 04 20 22 07 54.170     166.5
614
615
 2013 04 20 13 54  6.723     2013 04 20 13 57 48.363     221.6
 2013 04 20 15 32  2.318     2013 04 20 15 35 45.212     222.9
 2013 04 20 20 27 45.693     2013 04 20 20 30 28.466     162.8
616
 2013 04 20 13 49 48.839     2013 04 20 13 52 51.474     182.6
 2013 04 20 22 07 44.611     2013 04 20 22 10 50.041     185.4
617
 2013 04 20 12 14   .492     2013 04 20 12 16 35.462     155.0
618
 2013 04 20 12 16 17.625     2013 04 20 12 18 57.550     159.9
 2013 04 20 20 32 48.291     2013 04 20 20 35 24.698     156.4
619
 2013 04 20 10 44 45.876     2013 04 20 10 45 26.001      40.1
 2013 04 20 18 56 28.613     2013 04 20 18 59  5.583     157.0
620
 2013 04 20 12 12  1.378     2013 04 20 12 15  5.101     183.7
 2013 04 20 22 12  1.821     2013 04 20 22 15 38.358     216.5
621
622
 2013 04 20 13 50 31.507     2013 04 20 13 53 39.723     188.2
 2013 04 20 22 07 55.277     2013 04 20 22 10 31.519     156.2
623
 2013 04 20 12 20 21.832     2013 04 20 12 22 59.815     158.0
 2013 04 20 18 54 13.765     2013 04 20 18 57  2.317     168.6
624
 2013 04 20 00 09 41.898     2013 04 20 00 12 17.858     156.0
 2013 04 20 13 44 45.644     2013 04 20 13 48 27.596     222.0
625
 2013 04 20 12 19 13.698     2013 04 20 12 21 56.396     162.7
 2013 04 20 18 54 25.430     2013 04 20 18 57 27.753     182.3
626
 2013 04 20 20 42 27.871     2013 04 20 20 45  7.593     159.7
627
 2013 04 20 12 07 53.330     2013 04 20 12 10 50.432     177.1
628
 2013 04 20 10 36  8.715     2013 04 20 10 38 43.649     154.9
 2013 04 20 20 37 35.990     2013 04 20 20 40 27.474     171.5
629
 2013 04 20 10 38   .870     2013 04 20 10 40 41.093     160.2
 2013 04 20 20 36 46.906     2013 04 20 20 38 42.841     115.9
630
 2013 04 20 15 31 24.045     2013 04 20 15 34 18.439     174.4
 2013 04 20 20 26 43.505     2013 04 20 20 29 28.876     165.4
631
 2013 04 20 12 11 25.426     2013 04 20 12 11 48.570      23.1
 2013 04 20 22 12 33.482     2013 04 20 22 13 33.608      60.1
632
 2013 04 20 12 17  3.453     2013 04 20 12 20 52.180     228.7
 2013 04 20 20 32 47.677     2013 04 20 20 33 13.009      25.3
633
 2013 04 20 20 33 41.440     2013 04 20 20 33 57.175      15.7
634
 2013 04 20 13 49 16.298     2013 04 20 13 51 51.456     155.2
635
 2013 04 20 13 48 33.956     2013 04 20 13 52 14.793     220.8
636
 2013 04 20 15 31 56.656     2013 04 20 15 34 55.311     178.7
 2013 04 20 20 27  6.178     2013 04 20 20 29 45.028     158.9
637
 2013 04 20 12 19 53.636     2013 04 20 12 19 55.183       1.5
 2013 04 20 18 55 49.642     2013 04 20 18 58 45.119     175.5
638
 2013 04 20 10 39 23.609     2013 04 20 10 43 10.357     226.7
639
 2013 04 20 22 08 36.612     2013 04 20 22 11 34.159     177.5
640
 2013 04 20 10 31 45.613     2013 04 20 10 32  7.399      21.8
641
 2013 04 20 12 19 38.908     2013 04 20 12 22 32.207     173.3
 2013 04 20 18 54 53.858     2013 04 20 18 57 33.771     159.9
642
643
 2013 04 20 13 47  8.088     2013 04 20 13 50 48.387     220.3
644
 2013 04 20 12 18 14.339     2013 04 20 12 20 50.796     156.5
645
 2013 04 20 12 18  3.445     2013 04 20 12 21 35.203     211.8
646
 2013 04 20 20 40 15.772     2013 04 20 20 43 46.676     210.9
647
648
 2013 04 20 22 17  8.543     2013 04 20 22 19 57.443     168.9
649
 2013 04 20 12 11 40.527     2013 04 20 12 14 54.277     193.7
 2013 04 20 22 11  1.678     2013 04 20 22 13 40.354     158.7
650
 2013 04 20 10 37 56.815     2013 04 20 10 40 59.882     183.1
 2013 04 20 20 35 56.757     2013 04 20 20 39 16.883     200.1
651
 2013 04 20 10 35 20.015     2013 04 20 10 38 42.449     202.4
 2013 04 20 20 36 27.496     2013 04 20 20 40 16.180     228.7
652
 2013 04 20 12 07  6.142     2013 04 20 12 10 35.325     209.2
653
 2013 04 20 00 10 22.706     2013 04 20 00 13  8.465     165.8
654
 2013 04 20 10 34 45.449     2013 04 20 10 34 55.039       9.6
 2013 04 20 20 39 29.663     2013 04 20 20 42 12.358     162.7
655
 2013 04 20 10 35 33.467     2013 04 20 10 38 25.347     171.9
 2013 04 20 20 38 26.329     2013 04 20 20 41 22.935     176.6
656
 2013 04 20 00 08 16.158     2013 04 20 00 11 59.276     223.1
 2013 04 20 13 46 22.169     2013 04 20 13 49 36.037     193.9
657
 2013 04 20 10 37  5.003     2013 04 20 10 39 48.512     163.5
 2013 04 20 20 37  2.360     2013 04 20 20 39 39.746     157.4
658
 2013 04 20 13 48 16.656     2013 04 20 13 50 54.314     157.7
659
 2013 04 20 12 16 17.475     2013 04 20 12 18 53.690     156.2
 2013 04 20 20 32 26.149     2013 04 20 20 35  3.318     157.2
660
 2013 04 20 12 10  1.405     2013 04 20 12 13 46.231     224.8
 2013 04 20 22 10 48.210     2013 04 20 22 14 20.787     212.6
661
 2013 04 20 12 15 48.252     2013 04 20 12 18 27.593     159.3
 2013 04 20 20 32 12.286     2013 04 20 20 35  6.780     174.5
662
 2013 04 20 20 34 55.146     2013 04 20 20 38   .184     185.0
663
664
665
 2013 04 20 20 41  1.692     2013 04 20 20 44 35.113     213.4
666
 2013 04 20 13 49 32.805     2013 04 20 13 53 20.748     227.9
 2013 04 20 22 05 33.272     2013 04 20 22 08 59.044     205.8
667
668
 2013 04 20 15 28 59.855     2013 04 20 15 31 39.398     159.5
 2013 04 20 22 03 43.820     2013 04 20 22 06 21.649     157.8
669
 2013 04 20 12 16 24.196     2013 04 20 12 17  6.443      42.2
 2013 04 20 20 31   .554     2013 04 20 20 33 46.103     165.5
670
 2013 04 20 12 10 38.400     2013 04 20 12 11 24.494      46.1
 2013 04 20 22 13 21.683     2013 04 20 22 16 16.082     174.4
671
 2013 04 20 18 55 42.416     2013 04 20 18 58 38.010     175.6
672
 2013 04 20 12 16 49.020     2013 04 20 12 19 28.463     159.4
 2013 04 20 20 32 34.991     2013 04 20 20 35 24.027     169.0
673
 2013 04 20 13 47 52.321     2013 04 20 13 50 38.464     166.1
674
 2013 04 20 10 42 12.209     2013 04 20 10 42 47.475      35.3
675
 2013 04 20 22 09  7.736     2013 04 20 22 09 33.465      25.7
676
 2013 04 20 13 49 31.316     2013 04 20 13 52 14.300     163.0
 2013 04 20 22 09 30.934     2013 04 20 22 10 17.364      46.4
677
 2013 04 20 22 14 10.035     2013 04 20 22 16 47.132     157.1
678
 2013 04 20 22 14 32.544     2013 04 20 22 17 50.237     197.7
679
 2013 04 20 00 09 49.325     2013 04 20 00 12 36.070     166.7
 2013 04 20 13 44  7.131     2013 04 20 13 47 40.931     213.8
680
 2013 04 20 12 16 30.536     2013 04 20 12 19  7.019     156.5
 2013 04 20 20 32 22.782     2013 04 20 20 34 59.868     157.1
681
 2013 04 20 10 37 25.693     2013 04 20 10 41  8.707     223.0
 2013 04 20 20 35 46.677     2013 04 20 20 38 41.321     174.6
682
 2013 04 20 12 14  6.989     2013 04 20 12 16 46.201     159.2
683
 2013 04 20 12 14 42.564     2013 04 20 12 17 18.827     156.3
684
685
 2013 04 20 00 11 45.628     2013 04 20 00 14 55.412     189.8
686
 2013 04 20 13 47 29.293     2013 04 20 13 51  5.592     216.3
687
 2013 04 20 12 06 11.205     2013 04 20 12 08 44.396     153.2
688
 2013 04 20 12 12 52.441     2013 04 20 12 15 27.333     154.9
 2013 04 20 22 10 55.115     2013 04 20 22 11 40.638      45.5
689
 2013 04 20 12 17 40.087     2013 04 20 12 21 24.630     224.5
690
 2013 04 20 13 51 56.841     2013 04 20 13 54 37.169     160.3
 2013 04 20 22 06 45.187     2013 04 20 22 10 13.201     208.0
691
 2013 04 20 10 36 57.810     2013 04 20 10 37 54.196      56.4
692
 2013 04 20 22 09 43.329     2013 04 20 22 13 11.347     208.0
693
 2013 04 20 12 12 13.542     2013 04 20 12 14  2.112     108.6
694
 2013 04 20 10 36 24.142     2013 04 20 10 38 58.204     154.1
 2013 04 20 20 37 40.808     2013 04 20 20 40 20.857     160.0
695
 2013 04 20 13 49 49.699     2013 04 20 13 50 13.532      23.8
 2013 04 20 22 08 36.431     2013 04 20 22 11 12.856     156.4
696
 2013 04 20 12 10 34.210     2013 04 20 12 13  9.748     155.5
 2013 04 20 22 12  7.340     2013 04 20 22 15  7.178     179.8
697
 2013 04 20 10 34 16.151     2013 04 20 10 37 56.907     220.8
 2013 04 20 20 39  3.931     2013 04 20 20 42 40.543     216.6
698
699
 2013 04 20 12 08 59.363     2013 04 20 12 12 43.025     223.7
 2013 04 20 22 13 42.744     2013 04 20 22 17  4.755     202.0
700
 2013 04 20 20 40 18.562     2013 04 20 20 43 35.630     197.1
701
 2013 04 20 12 20 43.905     2013 04 20 12 23 33.716     169.8
 2013 04 20 17 15 22.415     2013 04 20 17 16 41.178      78.8
 2013 04 20 18 53 38.846     2013 04 20 18 57  1.529     202.7
702
 2013 04 20 10 31 48.852     2013 04 20 10 34 25.566     156.7
703
704
 2013 04 20 22 08 35.558     2013 04 20 22 12 10.779     215.2
705
 2013 04 20 12 08 16.031     2013 04 20 12 11  5.229     169.2
706
 2013 04 20 22 14 42.027     2013 04 20 22 17 21.973     159.9
707
 2013 04 20 20 35 43.368     2013 04 20 20 39 27.299     223.9
708
709
 2013 04 20 13 51   .917     2013 04 20 13 53 51.700     170.8
 2013 04 20 22 06 30.968     2013 04 20 22 09  7.973     157.0
710
 2013 04 20 13 52   .332     2013 04 20 13 55 21.120     200.8
 2013 04 20 22 05 19.126     2013 04 20 22 09  1.987     222.9
711
 2013 04 20 12 20 42.543     2013 04 20 12 22 38.845     116.3
 2013 04 20 18 55 16.570     2013 04 20 18 59  5.243     228.7
712
 2013 04 20 10 40 40.811     2013 04 20 10 43 57.294     196.5
 2013 04 20 18 56 48.951     2013 04 20 19 00  8.679     199.7
713
 2013 04 20 13 47 46.295     2013 04 20 13 51 33.073     226.8
714
715
716
 2013 04 20 10 30 55.104     2013 04 20 10 33 57.284     182.2
 2013 04 20 22 17 32.651     2013 04 20 22 20 26.663     174.0
717
 2013 04 20 10 30 27.569     2013 04 20 10 33 15.066     167.5
 2013 04 20 22 18 11.135     2013 04 20 22 20 48.849     157.7
718
 2013 04 20 22 10 22.009     2013 04 20 22 13 24.722     182.7
719
 2013 04 20 00 06 53.438     2013 04 20 00 07 34.281      40.8
 2013 04 20 13 47 22.755     2013 04 20 13 49 57.590     154.8
720
 2013 04 20 13 52 43.713     2013 04 20 13 53 37.888      54.2
 2013 04 20 22 05 31.011     2013 04 20 22 08 43.389     192.4
721
 2013 04 20 00 11  7.968     2013 04 20 00 14 51.112     223.1
722
 2013 04 20 13 54 15.794     2013 04 20 13 57  2.346     166.6
 2013 04 20 20 28 30.701     2013 04 20 20 31  8.934     158.2
723
 2013 04 20 00 11  5.410     2013 04 20 00 14 46.141     220.7
724
 2013 04 20 12 05 52.000     2013 04 20 12 05 56.947       4.9
725
 2013 04 20 20 40 46.865     2013 04 20 20 43 50.262     183.4
726
727
 2013 04 20 13 56 21.591     2013 04 20 13 59  2.112     160.5
 2013 04 20 18 51 25.367     2013 04 20 18 54 32.433     187.1
728
 2013 04 20 13 51 55.709     2013 04 20 13 55 39.490     223.8
 2013 04 20 22 04 59.301     2013 04 20 22 08 48.431     229.1
729
 2013 04 20 22 16 45.499     2013 04 20 22 19 26.631     161.1
730
 2013 04 20 10 36 52.850     2013 04 20 10 40 12.056     199.2
 2013 04 20 20 36 29.568     2013 04 20 20 39  5.075     155.5
731
 2013 04 20 12 10  1.347     2013 04 20 12 10  5.910       4.6
 2013 04 20 22 10 43.732     2013 04 20 22 14 14.391     210.7
732
 2013 04 20 10 36  3.403     2013 04 20 10 38 40.980     157.6
 2013 04 20 20 37 27.338     2013 04 20 20 40 25.364     178.0
733
 2013 04 20 10 35 50.638     2013 04 20 10 39 37.023     226.4
 2013 04 20 20 38 55.936     2013 04 20 20 41 34.389     158.5
734
 2013 04 20 13 49  7.816     2013 04 20 13 52 16.025     188.2
 2013 04 20 22 10 20.615     2013 04 20 22 11 28.495      67.9
735
 2013 04 20 12 17 48.999     2013 04 20 12 20 45.596     176.6
 2013 04 20 20 30 51.605     2013 04 20 20 31 25.158      33.6
736
 2013 04 20 20 34 43.432     2013 04 20 20 37 33.279     169.8
737
 2013 04 20 22 09  4.236     2013 04 20 22 11 40.324     156.1
738
 2013 04 20 10 39 58.083     2013 04 20 10 43 32.253     214.2
 2013 04 20 19 00 25.175     2013 04 20 19 00 30.306       5.1
739
 2013 04 20 22 16 48.599     2013 04 20 22 19 30.615     162.0
740
 2013 04 20 12 09 31.637     2013 04 20 12 12 37.555     185.9
 2013 04 20 22 13 12.405     2013 04 20 22 16 33.565     201.2
741
 2013 04 20 22 13 49.002     2013 04 20 22 16 34.305     165.3
742
 2013 04 20 12 17 18.869     2013 04 20 12 19 57.275     158.4
 2013 04 20 20 31 49.533     2013 04 20 20 35  4.113     194.6
743
 2013 04 20 12 15 36.150     2013 04 20 12 18 27.087     170.9
 2013 04 20 20 33  3.003     2013 04 20 20 35 54.733     171.7
744
 2013 04 20 00 13 45.743     2013 04 20 00 16 35.929     170.2
 2013 04 20 12 05 13.313     2013 04 20 12 08 18.966     185.7
745
746
 2013 04 20 12 09 50.696     2013 04 20 12 11 21.852      91.2
 2013 04 20 22 13 47.097     2013 04 20 22 16 23.248     156.2
747
748
 2013 04 20 12 06 57.535     2013 04 20 12 09 33.122     155.6
749
 2013 04 20 00 13 37.795     2013 04 20 00 16 40.021     182.2
 2013 04 20 12 05 27.315     2013 04 20 12 08 28.059     180.7
750
 2013 04 20 00 06 33.589     2013 04 20 00 06 58.544      25.0
 2013 04 20 13 47 30.066     2013 04 20 13 50  9.861     159.8
 2013 04 20 23 45  8.173     2013 04 20 23 46 30.466      82.3
751
752
 2013 04 20 12 12 23.666     2013 04 20 12 16   .700     217.0
 2013 04 20 22 10  4.377     2013 04 20 22 13 22.468     198.1
753
754
 2013 04 20 00 13 35.897     2013 04 20 00 17  7.380     211.5
 2013 04 20 12 05 50.907     2013 04 20 12 08 32.003     161.1
755
 2013 04 20 10 41 54.345     2013 04 20 10 45 26.796     212.5
 2013 04 20 18 56 41.594     2013 04 20 18 59 24.785     163.2
756
 2013 04 20 22 10  9.316     2013 04 20 22 12 45.479     156.2
757
 2013 04 20 10 34 19.833     2013 04 20 10 36 57.362     157.5
758
759
 2013 04 20 13 50 43.621     2013 04 20 13 53 40.755     177.1
 2013 04 20 22 06 26.266     2013 04 20 22 09  4.523     158.3
760
 2013 04 20 13 54 20.115     2013 04 20 13 57 54.228     214.1
 2013 04 20 20 30  3.930     2013 04 20 20 32 42.783     158.9
761
762
 2013 04 20 22 16 24.962     2013 04 20 22 19 18.057     173.1
763
 2013 04 20 12 08 29.875     2013 04 20 12 11  6.502     156.6
764
 2013 04 20 20 34  1.159     2013 04 20 20 37 45.296     224.1
765
 2013 04 20 12 19   .041     2013 04 20 12 19 56.546      56.5
 2013 04 20 18 55 38.380     2013 04 20 18 58 24.183     165.8
766
 2013 04 20 10 39 54.800     2013 04 20 10 43   .078     185.3
767
 2013 04 20 10 31 48.686     2013 04 20 10 34 39.863     171.2
768
 2013 04 20 20 33 49.646     2013 04 20 20 37 13.470     203.8
769
 2013 04 20 13 52 37.383     2013 04 20 13 55 56.524     199.1
 2013 04 20 20 27  7.101     2013 04 20 20 27  9.889       2.8
770
 2013 04 20 22 13 17.176     2013 04 20 22 13 39.839      22.7
771
 2013 04 20 10 32 34.056     2013 04 20 10 35 53.678     199.6
772
 2013 04 20 10 38   .467     2013 04 20 10 41 41.770     221.3
773
 2013 04 20 10 34 58.155     2013 04 20 10 38 12.243     194.1
 2013 04 20 20 38 46.891     2013 04 20 20 41 58.916     192.0
774
 2013 04 20 13 48 39.244     2013 04 20 13 48 52.554      13.3
 2013 04 20 22 08 19.249     2013 04 20 22 12   .033     220.8
775
 2013 04 20 15 30  5.376     2013 04 20 15 33 16.327     191.0
 2013 04 20 22 03 57.678     2013 04 20 22 07 40.555     222.9
776
 2013 04 20 10 38 16.342     2013 04 20 10 41 52.010     215.7
 2013 04 20 20 35  2.900     2013 04 20 20 36 36.632      93.7
777
778
 2013 04 20 10 34 48.770     2013 04 20 10 38  5.225     196.5
779
 2013 04 20 13 51 57.372     2013 04 20 13 55 30.209     212.8
780
 2013 04 20 22 16 10.642     2013 04 20 22 19 17.886     187.2
781
 2013 04 20 20 39 56.799     2013 04 20 20 42 31.315     154.5
782
 2013 04 20 12 19 47.959     2013 04 20 12 23 14.777     206.8
 2013 04 20 13 57 33.304     2013 04 20 14 01 27.130     233.8
 2013 04 20 18 53 20.247     2013 04 20 18 56  7.165     166.9
783
 2013 04 20 13 50 22.380     2013 04 20 13 53  9.737     167.4
 2013 04 20 22 07 34.710     2013 04 20 22 10 19.198     164.5
784
 2013 04 20 20 40 49.177     2013 04 20 20 44 31.242     222.1
785
 2013 04 20 20 30 26.166     2013 04 20 20 33 40.338     194.2
786
 2013 04 20 10 39 58.779     2013 04 20 10 42 35.540     156.8
787
 2013 04 20 00 12 57.243     2013 04 20 00 16 37.867     220.6
 2013 04 20 12 06  1.307     2013 04 20 12 09  6.429     185.1
788
 2013 04 20 12 15 37.311     2013 04 20 12 15 56.365      19.1
 2013 04 20 22 10  8.493     2013 04 20 22 12 58.212     169.7
789
 2013 04 20 12 15 46.856     2013 04 20 12 16 37.765      50.9
 2013 04 20 22 09 28.116     2013 04 20 22 13 11.339     223.2
790
 2013 04 20 12 13 59.332     2013 04 20 12 17 29.622     210.3
791
 2013 04 20 22 14 46.791     2013 04 20 22 17 33.771     167.0
792
 2013 04 20 13 50  7.418     2013 04 20 13 52 55.134     167.7
 2013 04 20 22 06 28.263     2013 04 20 22 09 37.051     188.8
793
 2013 04 20 08 56 19.594     2013 04 20 08 59 21.899     182.3
 2013 04 20 20 42 59.527     2013 04 20 20 45 52.494     173.0
794
 2013 04 20 20 35 38.692     2013 04 20 20 38 53.888     195.2
795
 2013 04 20 12 17 29.396     2013 04 20 12 20 38.359     189.0
 2013 04 20 20 32 18.282     2013 04 20 20 32 37.811      19.5
796
 2013 04 20 20 34 48.152     2013 04 20 20 35 29.137      41.0
797
 2013 04 20 00 13 53.800     2013 04 20 00 16 28.467     154.7
 2013 04 20 12 04 40.679     2013 04 20 12 08  3.235     202.6
798
 2013 04 20 22 09 10.549     2013 04 20 22 11 55.765     165.2
799
 2013 04 20 12 11 42.045     2013 04 20 12 14 18.901     156.9
 2013 04 20 22 12  9.132     2013 04 20 22 14 55.237     166.1
800
 2013 04 20 13 48  9.037     2013 04 20 13 51 24.754     195.7
801
 2013 04 20 15 28 45.364     2013 04 20 15 31 55.596     190.2
 2013 04 20 22 04 18.871     2013 04 20 22 06 57.258     158.4
802
 2013 04 20 10 37 25.042     2013 04 20 10 37 55.145      30.1
 2013 04 20 20 35 40.904     2013 04 20 20 38 36.333     175.4
803
804
 2013 04 20 13 53 22.335     2013 04 20 13 56 29.912     187.6
 2013 04 20 20 27 49.319     2013 04 20 20 30 57.092     187.8
805
 2013 04 20 09 00 16.465     2013 04 20 09 00 49.760      33.3
 2013 04 20 20 41 36.537     2013 04 20 20 45  2.732     206.2
806
 2013 04 20 00 09 24.316     2013 04 20 00 10  6.586      42.3
807
 2013 04 20 10 37 43.158     2013 04 20 10 40 40.634     177.5
 2013 04 20 20 37 10.042     2013 04 20 20 38 57.397     107.4
808
 2013 04 20 15 30 48.048     2013 04 20 15 33 26.017     158.0
 2013 04 20 20 25 38.709     2013 04 20 20 28 45.049     186.3
809
 2013 04 20 13 53 29.867     2013 04 20 13 56 13.546     163.7
 2013 04 20 20 28 47.731     2013 04 20 20 32 12.926     205.2
810
 2013 04 20 10 41  1.931     2013 04 20 10 43 57.815     175.9
 2013 04 20 18 58 34.964     2013 04 20 19 01 23.790     168.8
811
 2013 04 20 00 09 24.481     2013 04 20 00 11 59.238     154.8
 2013 04 20 13 44 55.478     2013 04 20 13 48  6.300     190.8
812
 2013 04 20 13 55 13.882     2013 04 20 13 55 59.940      46.1
 2013 04 20 22 04 38.702     2013 04 20 22 05 19.595      40.9
813
 2013 04 20 12 10 27.488     2013 04 20 12 14   .289     212.8
 2013 04 20 22 11  1.547     2013 04 20 22 14  6.109     184.6
814
 2013 04 20 10 35 17.793     2013 04 20 10 35 51.170      33.4
 2013 04 20 22 15 39.649     2013 04 20 22 16 24.136      44.5
815
 2013 04 20 22 04 47.066     2013 04 20 22 07 50.454     183.4
816
 2013 04 20 13 52 16.056     2013 04 20 13 54 55.119     159.1
 2013 04 20 22 06  1.870     2013 04 20 22 09 49.256     227.4
817
 2013 04 20 12 10 16.331     2013 04 20 12 12 51.123     154.8
 2013 04 20 22 12  7.682     2013 04 20 22 15 26.197     198.5
818
 2013 04 20 10 37 27.277     2013 04 20 10 40 19.285     172.0
 2013 04 20 20 37 26.573     2013 04 20 20 40 49.123     202.5
819
 2013 04 20 12 18 29.433     2013 04 20 12 21 34.562     185.1
 2013 04 20 18 54 20.469     2013 04 20 18 58 14.138     233.7
820
 2013 04 20 20 34  4.017     2013 04 20 20 35 17.373      73.4
821
 2013 04 20 00 13 40.330     2013 04 20 00 16 41.515     181.2
 2013 04 20 12 05 26.172     2013 04 20 12 08 25.545     179.4
822
 2013 04 20 22 14  6.478     2013 04 20 22 16 41.071     154.6
823
 2013 04 20 10 40 47.586     2013 04 20 10 43 29.012     161.4
 2013 04 20 18 58  8.185     2013 04 20 19 01 23.493     195.3
824
 2013 04 20 12 06 22.091     2013 04 20 12 08 55.132     153.0
825
 2013 04 20 00 09  6.916     2013 04 20 00 11 42.801     155.9
 2013 04 20 13 45  7.041     2013 04 20 13 47 58.534     171.5
826
 2013 04 20 00 15 23.165     2013 04 20 00 16  8.954      45.8
827
 2013 04 20 12 07 47.242     2013 04 20 12 10 27.880     160.6
828
 2013 04 20 22 16 12.004     2013 04 20 22 19   .222     168.2
829
 2013 04 20 12 19 58.581     2013 04 20 12 23 11.284     192.7
 2013 04 20 13 57 32.493     2013 04 20 13 57 53.147      20.7
 2013 04 20 18 53 30.166     2013 04 20 18 56 18.665     168.5
830
 2013 04 20 15 28 40.081     2013 04 20 15 28 56.380      16.3
 2013 04 20 22 05   .156     2013 04 20 22 07 39.349     159.2
831
 2013 04 20 12 08 52.758     2013 04 20 12 11 46.090     173.3
832
 2013 04 20 00 13 37.667     2013 04 20 00 14 23.239      45.6
 2013 04 20 12 06  3.541     2013 04 20 12 08 36.489     152.9
833
 2013 04 20 10 34 21.066     2013 04 20 10 38  5.842     224.8
 2013 04 20 20 39  8.703     2013 04 20 20 42 34.765     206.1
834
 2013 04 20 10 35 31.506     2013 04 20 10 38 39.801     188.3
 2013 04 20 20 36 42.278     2013 04 20 20 40 18.067     215.8
835
 2013 04 20 20 33 59.167     2013 04 20 20 37 45.351     226.2
836
 2013 04 20 22 08 59.989     2013 04 20 22 11 47.154     167.2
837
 2013 04 20 12 19 43.070     2013 04 20 12 22 39.296     176.2
 2013 04 20 18 53 46.705     2013 04 20 18 56 24.397     157.7
838
 2013 04 20 15 29 45.935     2013 04 20 15 33 17.601     211.7
 2013 04 20 22 04 19.443     2013 04 20 22 07 45.801     206.4
839
 2013 04 20 12 19  2.834     2013 04 20 12 22  9.389     186.6
 2013 04 20 18 53 25.324     2013 04 20 18 56 18.161     172.8
840
 2013 04 20 00 11 46.753     2013 04 20 00 12 28.420      41.7
 2013 04 20 12 10  6.259     2013 04 20 12 10 20.246      14.0
841
 2013 04 20 12 07 22.830     2013 04 20 12 10 27.028     184.2
842
 2013 04 20 22 08 16.432     2013 04 20 22 10  1.982     105.5
843
 2013 04 20 13 51 27.604     2013 04 20 13 54 38.603     191.0
 2013 04 20 22 05 56.261     2013 04 20 22 08 52.742     176.5
844
 2013 04 20 10 37 59.853     2013 04 20 10 40 34.295     154.4
 2013 04 20 20 36 39.380     2013 04 20 20 40 12.470     213.1
845
 2013 04 20 12 07 44.025     2013 04 20 12 11 16.461     212.4
846
 2013 04 20 13 52 57.398     2013 04 20 13 55 33.917     156.5
847
848
 2013 04 20 12 15 18.390     2013 04 20 12 19  7.070     228.7
 2013 04 20 20 33 50.946     2013 04 20 20 36 29.870     158.9
849
 2013 04 20 13 48 41.934     2013 04 20 13 49 17.327      35.4
 2013 04 20 22 08 14.228     2013 04 20 22 11 57.437     223.2
850
 2013 04 20 12 15  3.558     2013 04 20 12 15  8.443       4.9
 2013 04 20 20 30 57.797     2013 04 20 20 34 12.391     194.6
851
 2013 04 20 10 35 55.378     2013 04 20 10 38 29.450     154.1
 2013 04 20 20 37 50.362     2013 04 20 20 40 48.666     178.3
852
 2013 04 20 12 20 30.017     2013 04 20 12 22 19.414     109.4
 2013 04 20 18 55 24.484     2013 04 20 18 58 54.045     209.6
853
 2013 04 20 10 36 30.120     2013 04 20 10 39 10.624     160.5
 2013 04 20 20 38  2.443     2013 04 20 20 40 37.292     154.8
854
 2013 04 20 13 51  4.707     2013 04 20 13 54 11.945     187.2
 2013 04 20 22 07 41.595     2013 04 20 22 10 31.596     170.0
855
 2013 04 20 13 54  4.883     2013 04 20 13 54 12.037       7.2
 2013 04 20 20 30 27.675     2013 04 20 20 33  6.954     159.3
856
 2013 04 20 12 06  8.351     2013 04 20 12 09 17.210     188.9
857
858
 2013 04 20 12 15 14.029     2013 04 20 12 18 26.649     192.6
 2013 04 20 20 33 20.955     2013 04 20 20 36 19.831     178.9
859
 2013 04 20 13 50 47.864     2013 04 20 13 54 12.438     204.6
 2013 04 20 22 07 58.290     2013 04 20 22 10 43.818     165.5
860
 2013 04 20 22 05 15.230     2013 04 20 22 08 33.146     197.9
861
 2013 04 20 10 38 23.808     2013 04 20 10 41 22.329     178.5
862
 2013 04 20 12 18 32.570     2013 04 20 12 21 10.646     158.1
 2013 04 20 18 53 21.946     2013 04 20 18 53 44.554      22.6
863
 2013 04 20 13 48 32.702     2013 04 20 13 51 23.185     170.5
864
865
 2013 04 20 10 31  1.974     2013 04 20 10 34 27.894     205.9
 2013 04 20 22 17  3.358     2013 04 20 22 20  4.322     181.0
866
 2013 04 20 20 34  3.516     2013 04 20 20 37   .112     176.6
867
 2013 04 20 12 20 26.604     2013 04 20 12 23 24.069     177.5
 2013 04 20 17 18 58.005     2013 04 20 17 19 12.853      14.8
 2013 04 20 18 53 36.782     2013 04 20 18 56 43.566     186.8
868
869
 2013 04 20 13 54 58.747     2013 04 20 13 57 36.612     157.9
 2013 04 20 20 29  2.046     2013 04 20 20 31 51.198     169.2
870
 2013 04 20 10 40 26.128     2013 04 20 10 43 11.145     165.0
 2013 04 20 18 58  4.241     2013 04 20 19 01 45.846     221.6
871
 2013 04 20 10 33  6.488     2013 04 20 10 33  8.718       2.2
872
 2013 04 20 15 30  8.993     2013 04 20 15 30 40.414      31.4
 2013 04 20 20 26 33.785     2013 04 20 20 27  8.238      34.5
873
 2013 04 20 20 40 38.450     2013 04 20 20 42 29.356     110.9
874
 2013 04 20 13 50 49.852     2013 04 20 13 54 34.886     225.0
 2013 04 20 22 05 44.893     2013 04 20 22 08 24.292     159.4
875
 2013 04 20 13 52 56.433     2013 04 20 13 55 34.286     157.9
876
 2013 04 20 10 42 18.124     2013 04 20 10 43 15.340      57.2
877
 2013 04 20 10 38 54.880     2013 04 20 10 42 36.658     221.8
878
 2013 04 20 00 10 56.133     2013 04 20 00 13 40.772     164.6
879
 2013 04 20 10 34  5.071     2013 04 20 10 36 57.514     172.4
880
 2013 04 20 12 22 15.178     2013 04 20 12 22 45.158      30.0
 2013 04 20 13 56 45.671     2013 04 20 14 00 27.910     222.2
 2013 04 20 18 52 50.980     2013 04 20 18 55 35.222     164.2
881
 2013 04 20 10 37   .726     2013 04 20 10 40 15.802     195.1
 2013 04 20 20 36 29.442     2013 04 20 20 39  6.301     156.9
882
 2013 04 20 13 52 36.750     2013 04 20 13 55 30.107     173.4
883
 2013 04 20 10 32  4.990     2013 04 20 10 35  3.420     178.4
884
885
 2013 04 20 13 51 55.992     2013 04 20 13 54 38.243     162.3
 2013 04 20 22 06 48.156     2013 04 20 22 10 17.243     209.1
886
 2013 04 20 00 12 26.453     2013 04 20 00 15 26.413     180.0
887
 2013 04 20 13 55 18.865     2013 04 20 13 58 22.263     183.4
 2013 04 20 15 32 53.545     2013 04 20 15 34 27.832      94.3
 2013 04 20 18 49 58.584     2013 04 20 18 53 33.822     215.2
 2013 04 20 20 27 53.594     2013 04 20 20 31 29.768     216.2
888
 2013 04 20 15 29 10.747     2013 04 20 15 29 46.580      35.8
 2013 04 20 22 04 50.500     2013 04 20 22 07 50.381     179.9
889
 2013 04 20 15 30 28.819     2013 04 20 15 33 23.604     174.8
 2013 04 20 20 25 49.059     2013 04 20 20 29 34.986     225.9
 2013 04 20 22 03 31.208     2013 04 20 22 03 46.163      15.0
890
 2013 04 20 20 34 50.890     2013 04 20 20 37 27.040     156.2
891
892
 2013 04 20 10 34  9.093     2013 04 20 10 34 50.919      41.8
 2013 04 20 20 39 19.916     2013 04 20 20 42 45.197     205.3
893
 2013 04 20 10 41  9.018     2013 04 20 10 43 51.772     162.8
 2013 04 20 18 57 30.298     2013 04 20 19 00 29.257     179.0
894
 2013 04 20 12 15 53.452     2013 04 20 12 19 24.175     210.7
 2013 04 20 20 33 35.433     2013 04 20 20 36 12.906     157.5
895
 2013 04 20 12 09 36.738     2013 04 20 12 13  7.979     211.2
 2013 04 20 22 13 36.475     2013 04 20 22 16 29.798     173.3
896
 2013 04 20 12 13 49.534     2013 04 20 12 17  4.792     195.3
897
898
 2013 04 20 20 39 54.349     2013 04 20 20 43 12.250     197.9
899
 2013 04 20 22 16 58.467     2013 04 20 22 19 43.055     164.6
900
901
 2013 04 20 12 18 44.505     2013 04 20 12 22  8.183     203.7
 2013 04 20 18 53  7.181     2013 04 20 18 56  7.954     180.8
902
 2013 04 20 10 39 54.684     2013 04 20 10 42 33.345     158.7
903
 2013 04 20 18 56  8.589     2013 04 20 18 59  5.691     177.1
904
 2013 04 20 10 41 21.465     2013 04 20 10 44  3.415     162.0
 2013 04 20 18 57 35.067     2013 04 20 19 00 22.904     167.8
905
 2013 04 20 12 15 51.978     2013 04 20 12 18 58.303     186.3
 2013 04 20 20 31 42.678     2013 04 20 20 34 27.975     165.3
906
 2013 04 20 20 30 20.046     2013 04 20 20 33 48.380     208.3
907
 2013 04 20 10 33 11.918     2013 04 20 10 36 23.468     191.5
908
 2013 04 20 13 50 44.972     2013 04 20 13 54  9.561     204.6
 2013 04 20 22 06  2.332     2013 04 20 22 08 39.154     156.8
909
 2013 04 20 10 35 52.136     2013 04 20 10 38 41.721     169.6
 2013 04 20 20 37  6.097     2013 04 20 20 40 17.961     191.9
910
 2013 04 20 00 10 38.193     2013 04 20 00 13 43.519     185.3
911
 2013 04 20 10 32 57.515     2013 04 20 10 33 55.939      58.4
 2013 04 20 22 17 22.636     2013 04 20 22 19 56.708     154.1
912
913
 2013 04 20 22 15 52.173     2013 04 20 22 18 32.422     160.2
914
 2013 04 20 10 32 50.299     2013 04 20 10 36 30.879     220.6
915
 2013 04 20 22 08 48.657     2013 04 20 22 11 48.113     179.5
916
 2013 04 20 12 19 54.498     2013 04 20 12 23 32.858     218.4
 2013 04 20 13 57 51.471     2013 04 20 14 01 26.635     215.2
 2013 04 20 17 14 33.054     2013 04 20 17 14 56.971      23.9
 2013 04 20 18 53  8.354     2013 04 20 18 56  6.940     178.6
917
 2013 04 20 12 17  6.483     2013 04 20 12 19 59.400     172.9
 2013 04 20 20 32 34.617     2013 04 20 20 35 53.512     198.9
918
 2013 04 20 10 39 47.814     2013 04 20 10 43 30.630     222.8
919
 2013 04 20 00 10 33.988     2013 04 20 00 14 19.540     225.6
920
 2013 04 20 10 42 22.562     2013 04 20 10 42 37.632      15.1
 2013 04 20 18 56   .344     2013 04 20 18 59 20.930     200.6
921
 2013 04 20 12 11  5.798     2013 04 20 12 14 16.981     191.2
 2013 04 20 22 11 17.987     2013 04 20 22 13 56.854     158.9
922
 2013 04 20 12 16 38.796     2013 04 20 12 20 20.181     221.4
 2013 04 20 20 31  2.185     2013 04 20 20 33 55.698     173.5
923
 2013 04 20 12 15 35.335     2013 04 20 12 15 39.131       3.8
 2013 04 20 20 33 59.648     2013 04 20 20 36 40.550     160.9
924
 2013 04 20 12 13   .360     2013 04 20 12 15 35.022     154.7
 2013 04 20 22 10 44.502     2013 04 20 22 10 57.850      13.3
925
 2013 04 20 22 14 18.687     2013 04 20 22 17  6.540     167.9
926
 2013 04 20 10 37 18.143     2013 04 20 10 39 53.140     155.0
 2013 04 20 20 37 22.917     2013 04 20 20 40 13.883     171.0
927
 2013 04 20 10 31 18.301     2013 04 20 10 31 45.065      26.8
928
929
 2013 04 20 10 32 30.678     2013 04 20 10 35  4.245     153.6
930
 2013 04 20 22 09 14.242     2013 04 20 22 11 50.062     155.8
931
 2013 04 20 12 11 30.588     2013 04 20 12 14  9.109     158.5
 2013 04 20 22 12 19.733     2013 04 20 22 15   .507     160.8
932
 2013 04 20 12 21 15.873     2013 04 20 12 23 59.311     163.4
 2013 04 20 17 16 21.327     2013 04 20 17 20 11.704     230.4
 2013 04 20 18 54 14.231     2013 04 20 18 55 33.928      79.7
933
 2013 04 20 00 14 22.734     2013 04 20 00 17   .936     158.2
 2013 04 20 12 04 51.934     2013 04 20 12 07 39.283     167.3
934
 2013 04 20 12 20 25.927     2013 04 20 12 23 11.413     165.5
 2013 04 20 18 54 43.808     2013 04 20 18 57 35.500     171.7
935
 2013 04 20 13 53 17.625     2013 04 20 13 56 11.860     174.2
 2013 04 20 20 27 51.362     2013 04 20 20 31 16.271     204.9
936
 2013 04 20 12 14 36.950     2013 04 20 12 17 14.545     157.6
937
 2013 04 20 20 41 17.409     2013 04 20 20 43 56.034     158.6
938
 2013 04 20 10 40  8.814     2013 04 20 10 42 44.321     155.5
939
 2013 04 20 22 12  9.588     2013 04 20 22 13 11.270      61.7
940
 2013 04 20 12 20 26.132     2013 04 20 12 23  5.834     159.7
 2013 04 20 18 54  6.506     2013 04 20 18 57   .053     173.5
941
942
 2013 04 20 22 15 15.276     2013 04 20 22 18 55.522     220.2
943
 2013 04 20 13 47  4.471     2013 04 20 13 48 46.823     102.4
944
 2013 04 20 20 41 18.108     2013 04 20 20 44 16.925     178.8
945
 2013 04 20 13 55 19.313     2013 04 20 13 58 23.826     184.5
 2013 04 20 15 32 55.231     2013 04 20 15 36 49.901     234.7
 2013 04 20 18 49 59.221     2013 04 20 18 53 32.388     213.2
 2013 04 20 20 27 51.903     2013 04 20 20 31 29.794     217.9
946
 2013 04 20 10 40  8.218     2013 04 20 10 43  1.141     172.9
947
 2013 04 20 22 04 58.319     2013 04 20 22 07 46.076     167.8
948
 2013 04 20 00 12  8.921     2013 04 20 00 14 44.023     155.1
949
 2013 04 20 10 31 59.129     2013 04 20 10 35 43.358     224.2
 2013 04 20 22 15 43.479     2013 04 20 22 15 53.454      10.0
950
 2013 04 20 00 09  9.419     2013 04 20 00 12 32.271     202.9
 2013 04 20 13 45 26.990     2013 04 20 13 46  1.074      34.1
951
 2013 04 20 10 30 54.768     2013 04 20 10 34  8.647     193.9
 2013 04 20 22 17 21.386     2013 04 20 22 20 15.310     173.9
952
 2013 04 20 00 09 27.558     2013 04 20 00 12  2.991     155.4
 2013 04 20 13 44 49.443     2013 04 20 13 48  1.988     192.5
953
 2013 04 20 20 39 48.297     2013 04 20 20 42 38.836     170.5
954
 2013 04 20 12 11 31.369     2013 04 20 12 14 30.953     179.6
 2013 04 20 22 12 30.919     2013 04 20 22 15 28.446     177.5
955
 2013 04 20 22 16 52.105     2013 04 20 22 20 15.728     203.6
956
 2013 04 20 10 37  7.451     2013 04 20 10 40 40.549     213.1
 2013 04 20 20 37 47.081     2013 04 20 20 41 30.145     223.1
957
 2013 04 20 20 34 51.407     2013 04 20 20 37 27.184     155.8
958
 2013 04 20 20 39 43.770     2013 04 20 20 42 38.733     175.0
959
 2013 04 20 00 11  4.746     2013 04 20 00 14 48.845     224.1
960
 2013 04 20 00 09 18.802     2013 04 20 00 12 30.128     191.3
 2013 04 20 13 45 17.634     2013 04 20 13 45 53.422      35.8
961
 2013 04 20 12 21 21.389     2013 04 20 12 21 54.485      33.1
 2013 04 20 13 55 45.101     2013 04 20 13 55 59.779      14.7
 2013 04 20 18 52 16.152     2013 04 20 18 55 58.311     222.2
962
 2013 04 20 13 48 48.829     2013 04 20 13 51 23.862     155.0
963
964
 2013 04 20 12 13 46.646     2013 04 20 12 16 47.200     180.6
965
 2013 04 20 10 39 37.036     2013 04 20 10 42 20.942     163.9
966
 2013 04 20 13 54 33.428     2013 04 20 13 58  9.520     216.1
 2013 04 20 15 32 29.282     2013 04 20 15 36  4.759     215.5
 2013 04 20 18 49 12.252     2013 04 20 18 50  3.522      51.3
 2013 04 20 20 27 42.626     2013 04 20 20 30 44.775     182.1
967
 2013 04 20 10 34 18.945     2013 04 20 10 38  4.365     225.4
968
 2013 04 20 12 20 56.006     2013 04 20 12 23 33.324     157.3
 2013 04 20 17 19 39.301     2013 04 20 17 19 54.844      15.5
 2013 04 20 18 54  7.690     2013 04 20 18 57 33.205     205.5
969
 2013 04 20 10 31 12.864     2013 04 20 10 31 59.072      46.2
 2013 04 20 22 16 34.707     2013 04 20 22 19 48.703     194.0
970
 2013 04 20 20 35 46.282     2013 04 20 20 38 22.257     156.0
971
 2013 04 20 12 18 29.050     2013 04 20 12 21 10.934     161.9
 2013 04 20 18 57 28.624     2013 04 20 18 57 54.548      25.9
972
 2013 04 20 13 54  3.463     2013 04 20 13 55 13.841      70.4
 2013 04 20 15 32  8.586     2013 04 20 15 35 39.121     210.5
 2013 04 20 20 27 37.642     2013 04 20 20 30 22.600     165.0
973
 2013 04 20 00 11  4.645     2013 04 20 00 14 42.231     217.6
974
 2013 04 20 10 41 10.784     2013 04 20 10 44 53.265     222.5
 2013 04 20 18 56 42.733     2013 04 20 18 59 24.308     161.6
975
 2013 04 20 12 15 51.873     2013 04 20 12 18 29.826     158.0
 2013 04 20 20 32 43.522     2013 04 20 20 35 30.899     167.4
976
 2013 04 20 12 20 20.193     2013 04 20 12 23 28.941     188.7
 2013 04 20 13 57 54.963     2013 04 20 13 58 44.676      49.7
 2013 04 20 17 14 56.286     2013 04 20 17 15 16.290      20.0
 2013 04 20 18 53 26.404     2013 04 20 18 56 33.850     187.4
977
978
 2013 04 20 22 08 59.194     2013 04 20 22 11 40.405     161.2
979
 2013 04 20 10 39 55.355     2013 04 20 10 42 48.657     173.3
980
 2013 04 20 13 53 47.446     2013 04 20 13 54  8.860      21.4
 2013 04 20 15 31 53.776     2013 04 20 15 35 27.001     213.2
 2013 04 20 20 27 36.000     2013 04 20 20 30 15.027     159.0
981
 2013 04 20 12 14 53.769     2013 04 20 12 18 39.514     225.7
 2013 04 20 20 33 44.500     2013 04 20 20 36 42.596     178.1
982
 2013 04 20 20 40 14.833     2013 04 20 20 41 10.457      55.6
983
 2013 04 20 00 11 10.799     2013 04 20 00 13 45.068     154.3
984
 2013 04 20 00 12 29.202     2013 04 20 00 15 30.322     181.1
985
 2013 04 20 22 09 38.007     2013 04 20 22 13 15.891     217.9
986
 2013 04 20 13 51 18.721     2013 04 20 13 54 31.088     192.4
 2013 04 20 22 06   .338     2013 04 20 22 08 49.392     169.1
987
 2013 04 20 12 16 14.519     2013 04 20 12 19  6.322     171.8
 2013 04 20 20 33  4.122     2013 04 20 20 35 40.843     156.7
988
 2013 04 20 12 14 16.582     2013 04 20 12 17 45.916     209.3
989
 2013 04 20 10 39 38.160     2013 04 20 10 42 57.476     199.3
990
 2013 04 20 20 34 23.504     2013 04 20 20 37 15.854     172.3
991
 2013 04 20 13 55 14.859     2013 04 20 13 58 42.072     207.2
 2013 04 20 20 29 41.520     2013 04 20 20 33  9.694     208.2
992
 2013 04 20 10 35  7.928     2013 04 20 10 38 10.182     182.3
 2013 04 20 20 40 34.655     2013 04 20 20 40 51.124      16.5
993
 2013 04 20 00 13 28.215     2013 04 20 00 17  3.725     215.5
 2013 04 20 12 05 54.966     2013 04 20 12 08 38.458     163.5
994
 2013 04 20 13 48 23.106     2013 04 20 13 51  8.322     165.2
995
 2013 04 20 13 49 47.381     2013 04 20 13 53  2.754     195.4
 2013 04 20 22 07 57.600     2013 04 20 22 10 55.532     177.9
996
 2013 04 20 13 49 10.924     2013 04 20 13 51 49.000     158.1
997
 2013 04 20 08 57  3.570     2013 04 20 09 00 41.660     218.1
 2013 04 20 20 41 40.072     2013 04 20 20 45 22.670     222.6
998
 2013 04 20 20 42 56.810     2013 04 20 20 43 42.275      45.5
999
 2013 04 20 12 20 43.050     2013 04 20 12 23 21.389     158.3
 2013 04 20 18 54  4.575     2013 04 20 18 57 15.089     190.5
