s2
0
2013 04 20 10 39 58.972     2013 04 20 10 42 43.816     164.8
1
2013 04 20 22 14 29.622     2013 04 20 22 15 19.997      50.4
2
2013 04 20 12 10 24.677     2013 04 20 12 12 12.100     107.4
2013 04 20 22 13 30.831     2013 04 20 22 16 10.292     159.5
3
2013 04 20 22 09 11.722     2013 04 20 22 12 43.694     212.0
4
2013 04 20 13 51  4.984     2013 04 20 13 53 51.394     166.4
2013 04 20 22 07 27.423     2013 04 20 22 10  8.182     160.8
5
2013 04 20 12 18 22.023     2013 04 20 12 20 58.651     156.6
6
7
2013 04 20 12 08 38.982     2013 04 20 12 11 57.320     198.3
8
9
2013 04 20 10 31 39.120     2013 04 20 10 34 12.291     153.2
2013 04 20 22 17 25.644     2013 04 20 22 18 28.466      62.8
10
2013 04 20 22 13 17.056     2013 04 20 22 16 58.111     221.1
11
2013 04 20 13 53 18.482     2013 04 20 13 56 47.678     209.2
2013 04 20 20 29 34.184     2013 04 20 20 32 50.452     196.3
12
2013 04 20 10 35 14.031     2013 04 20 10 37 53.654     159.6
2013 04 20 20 40 23.479     2013 04 20 20 41 12.469      49.0
13
2013 04 20 22 05 14.133     2013 04 20 22 08  9.731     175.6
14
2013 04 20 00 14 13.868     2013 04 20 00 17 21.544     187.7
2013 04 20 12 05 25.346     2013 04 20 12 07 59.956     154.6
15
2013 04 20 20 33 40.480     2013 04 20 20 37 24.811     224.3
16
2013 04 20 12 07  1.611     2013 04 20 12 09 54.201     172.6
17
2013 04 20 12 16 37.971     2013 04 20 12 19 18.605     160.6
2013 04 20 20 32 42.819     2013 04 20 20 35 25.013     162.2
18
2013 04 20 10 31 32.532     2013 04 20 10 34 39.678     187.1
2013 04 20 22 16 49.421     2013 04 20 22 20 22.741     213.3
19
2013 04 20 12 20 33.447     2013 04 20 12 23 23.950     170.5
2013 04 20 17 19  8.774     2013 04 20 17 19 21.239      12.5
2013 04 20 18 53 43.163     2013 04 20 18 56 52.804     189.6
20
2013 04 20 13 53  6.128     2013 04 20 13 56 24.601     198.5
2013 04 20 20 27 33.394     2013 04 20 20 30 53.526     200.1
21
2013 04 20 12 17 38.518     2013 04 20 12 21 23.490     225.0
22
2013 04 20 12 17 11.843     2013 04 20 12 17 35.713      23.9
23
2013 04 20 10 37 56.411     2013 04 20 10 41 18.174     201.8
2013 04 20 20 35 37.934     2013 04 20 20 39   .856     202.9
24
25
2013 04 20 12 07 59.349     2013 04 20 12 10 34.684     155.3
26
2013 04 20 12 06 44.284     2013 04 20 12 07 28.179      43.9
27
2013 04 20 08 57 52.361     2013 04 20 08 58 57.967      65.6
2013 04 20 20 42 57.337     2013 04 20 20 45 38.102     160.8
28
2013 04 20 12 11 36.953     2013 04 20 12 14 11.181     154.2
2013 04 20 22 12   .441     2013 04 20 22 14 39.080     158.6
29
2013 04 20 10 34 26.123     2013 04 20 10 37 52.356     206.2
30
2013 04 20 20 34 13.436     2013 04 20 20 38   .684     227.2
31
2013 04 20 13 54 12.799     2013 04 20 13 57 22.805     190.0
2013 04 20 20 29 44.890     2013 04 20 20 32 22.917     158.0
32
2013 04 20 22 16 35.364     2013 04 20 22 19 16.797     161.4
33
2013 04 20 12 15 19.690     2013 04 20 12 18 21.222     181.5
2013 04 20 20 33 10.993     2013 04 20 20 36 11.627     180.6
34
2013 04 20 10 38 28.231     2013 04 20 10 41 26.651     178.4
35
2013 04 20 10 38 51.814     2013 04 20 10 42 29.927     218.1
36
2013 04 20 12 05 32.606     2013 04 20 12 09  8.863     216.3
37
2013 04 20 10 38 52.350     2013 04 20 10 41 41.753     169.4
38
2013 04 20 22 20 10.371     2013 04 20 22 20 11.277        .9
39
2013 04 20 12 15 17.885     2013 04 20 12 15 38.958      21.1
2013 04 20 22 10 20.863     2013 04 20 22 13   .466     159.6
40
2013 04 20 12 07 18.002     2013 04 20 12 10 22.136     184.1
41
2013 04 20 10 31 23.393     2013 04 20 10 34 29.904     186.5
2013 04 20 22 17   .061     2013 04 20 22 20 22.430     202.4
42
2013 04 20 10 34 24.544     2013 04 20 10 37 55.200     210.7
2013 04 20 20 38 56.407     2013 04 20 20 42 32.783     216.4
43
2013 04 20 20 40  3.928     2013 04 20 20 43 20.922     197.0
44
45
2013 04 20 12 15 36.626     2013 04 20 12 18 36.863     180.2
2013 04 20 20 31 43.559     2013 04 20 20 34 44.111     180.6
46
2013 04 20 15 29 37.339     2013 04 20 15 32 34.740     177.4
2013 04 20 20 24 12.977     2013 04 20 20 24 16.493       3.5
2013 04 20 22 02 44.040     2013 04 20 22 05 53.571     189.5
47
2013 04 20 13 55 33.999     2013 04 20 13 59  3.007     209.0
2013 04 20 18 55 24.702     2013 04 20 18 55 36.789      12.1
2013 04 20 20 29 29.978     2013 04 20 20 30 34.537      64.6
48
2013 04 20 10 41 53.726     2013 04 20 10 45   .957     187.2
2013 04 20 18 57  4.691     2013 04 20 18 59 43.278     158.6
49
2013 04 20 15 30 52.550     2013 04 20 15 34 17.532     205.0
2013 04 20 20 26 45.754     2013 04 20 20 29 56.443     190.7
50
2013 04 20 12 09  2.204     2013 04 20 12 09  3.226       1.0
2013 04 20 22 14  6.908     2013 04 20 22 17   .246     173.3
51
2013 04 20 12 16 19.341     2013 04 20 12 18 57.502     158.2
2013 04 20 20 32 44.092     2013 04 20 20 35 20.519     156.4
52
2013 04 20 13 56 49.089     2013 04 20 13 59 30.238     161.1
2013 04 20 18 51 50.255     2013 04 20 18 54 34.599     164.3
53
2013 04 20 10 35 19.140     2013 04 20 10 37 54.055     154.9
2013 04 20 20 37 50.212     2013 04 20 20 41 27.554     217.3
54
2013 04 20 12 20  9.938     2013 04 20 12 22 47.704     157.8
2013 04 20 18 54 30.297     2013 04 20 18 57 10.559     160.3
55
2013 04 20 22 16 25.678     2013 04 20 22 19  2.177     156.5
56
57
2013 04 20 10 38 17.608     2013 04 20 10 39 13.925      56.3
58
59
60
2013 04 20 22 16 25.186     2013 04 20 22 20  5.184     220.0
61
2013 04 20 12 21 31.691     2013 04 20 12 24 36.952     185.3
2013 04 20 17 17  5.028     2013 04 20 17 20 34.282     209.3
62
63
2013 04 20 12 14  9.028     2013 04 20 12 17 11.001     182.0
64
2013 04 20 00 11 17.767     2013 04 20 00 14 55.465     217.7
65
2013 04 20 15 29 42.470     2013 04 20 15 32 26.152     163.7
2013 04 20 22 03 46.658     2013 04 20 22 06 45.658     179.0
66
2013 04 20 12 19 29.220     2013 04 20 12 23 21.613     232.4
2013 04 20 13 57 33.431     2013 04 20 14 01  5.254     211.8
2013 04 20 18 53  4.352     2013 04 20 18 55 48.865     164.5
67
68
2013 04 20 15 29 38.138     2013 04 20 15 30 44.056      65.9
2013 04 20 22 04 34.497     2013 04 20 22 08  6.436     211.9
69
2013 04 20 12 18 50.826     2013 04 20 12 19  9.461      18.6
2013 04 20 20 30 51.066     2013 04 20 20 34  3.435     192.4
70
2013 04 20 10 39 36.361     2013 04 20 10 42 17.583     161.2
71
2013 04 20 12 18  7.278     2013 04 20 12 21  2.517     175.2
72
2013 04 20 15 30  5.579     2013 04 20 15 33 14.917     189.3
2013 04 20 22 03 56.660     2013 04 20 22 07 38.849     222.2
73
2013 04 20 12 20 30.521     2013 04 20 12 24  6.632     216.1
2013 04 20 18 55 16.948     2013 04 20 18 58 36.133     199.2
74
75
2013 04 20 12 07 43.141     2013 04 20 12 11 24.385     221.2
76
2013 04 20 12 15 23.300     2013 04 20 12 19  1.062     217.8
2013 04 20 20 33 43.837     2013 04 20 20 36 23.578     159.7
77
2013 04 20 12 17 30.086     2013 04 20 12 20  6.878     156.8
2013 04 20 20 31 56.929     2013 04 20 20 35 30.390     213.5
78
2013 04 20 12 15 49.528     2013 04 20 12 19 29.254     219.7
2013 04 20 20 33 40.939     2013 04 20 20 36 18.880     157.9
79
2013 04 20 22 09 11.206     2013 04 20 22 12 12.282     181.1
80
81
2013 04 20 12 10 50.906     2013 04 20 12 11  3.345      12.4
2013 04 20 22 10 48.280     2013 04 20 22 13 30.766     162.5
82
2013 04 20 20 30 21.170     2013 04 20 20 31  3.665      42.5
83
2013 04 20 12 19 18.682     2013 04 20 12 23  2.535     223.9
2013 04 20 18 55 32.736     2013 04 20 18 58 12.356     159.6
84
2013 04 20 20 34  7.185     2013 04 20 20 36 54.659     167.5
85
2013 04 20 15 30 44.412     2013 04 20 15 33 49.656     185.2
2013 04 20 20 26 18.022     2013 04 20 20 29 41.677     203.7
86
2013 04 20 22 14 57.487     2013 04 20 22 17 40.706     163.2
87
2013 04 20 10 33 17.757     2013 04 20 10 36  1.080     163.3
88
2013 04 20 15 28 34.683     2013 04 20 15 31 58.098     203.4
2013 04 20 22 04 27.200     2013 04 20 22 07  7.307     160.1
89
2013 04 20 20 40 11.148     2013 04 20 20 43 22.007     190.9
90
2013 04 20 20 35 14.538     2013 04 20 20 38 15.287     180.7
91
2013 04 20 10 41 48.173     2013 04 20 10 44 24.575     156.4
2013 04 20 18 58  3.548     2013 04 20 19 00 39.985     156.4
92
2013 04 20 18 56 21.230     2013 04 20 18 59  7.071     165.8
93
2013 04 20 00 09  3.485     2013 04 20 00 12 45.413     221.9
94
2013 04 20 20 35  3.462     2013 04 20 20 38 36.059     212.6
95
96
97
2013 04 20 12 10 52.180     2013 04 20 12 11 28.348      36.2
98
2013 04 20 13 57  8.987     2013 04 20 14 00 22.243     193.3
2013 04 20 18 52 40.553     2013 04 20 18 55 18.658     158.1
99
2013 04 20 20 30 31.860     2013 04 20 20 34 24.567     232.7
100
2013 04 20 20 41 24.689     2013 04 20 20 44 33.734     189.0
101
2013 04 20 12 17 14.871     2013 04 20 12 19 58.290     163.4
2013 04 20 20 32 21.107     2013 04 20 20 35 41.948     200.8
102
2013 04 20 13 54 21.708     2013 04 20 13 58  4.737     223.0
2013 04 20 20 30  9.300     2013 04 20 20 32 50.211     160.9
103
2013 04 20 13 48 54.501     2013 04 20 13 51 36.477     162.0
104
2013 04 20 12 08 37.076     2013 04 20 12 11 19.053     162.0
105
2013 04 20 10 31 34.068     2013 04 20 10 34 25.517     171.4
2013 04 20 22 17  4.136     2013 04 20 22 20 40.261     216.1
106
2013 04 20 12 07  2.317     2013 04 20 12 07 49.389      47.1
107
108
2013 04 20 12 21 57.500     2013 04 20 12 22 40.335      42.8
2013 04 20 13 56 40.983     2013 04 20 14 00 27.840     226.9
2013 04 20 18 52 51.283     2013 04 20 18 55 37.786     166.5
109
2013 04 20 20 43 13.812     2013 04 20 20 43 34.004      20.2
110
2013 04 20 13 49 55.446     2013 04 20 13 53 19.642     204.2
2013 04 20 22 05 55.677     2013 04 20 22 09  3.946     188.3
111
2013 04 20 22 16 29.581     2013 04 20 22 19 37.456     187.9
112
113
2013 04 20 13 52 43.693     2013 04 20 13 55 20.348     156.7
114
2013 04 20 10 33 15.870     2013 04 20 10 36 53.908     218.0
115
116
2013 04 20 10 42 35.829     2013 04 20 10 46 25.496     229.7
2013 04 20 18 55 55.769     2013 04 20 18 59 30.911     215.1
117
2013 04 20 10 42 43.302     2013 04 20 10 46 29.156     225.9
2013 04 20 18 55 52.674     2013 04 20 18 59 36.789     224.1
118
2013 04 20 10 39 39.937     2013 04 20 10 42 45.428     185.5
119
2013 04 20 13 54 17.585     2013 04 20 13 57 32.918     195.3
2013 04 20 20 29 50.255     2013 04 20 20 32 27.543     157.3
120
2013 04 20 12 17 50.302     2013 04 20 12 21 12.593     202.3
121
2013 04 20 18 55 21.165     2013 04 20 18 58 50.946     209.8
122
2013 04 20 20 40 38.826     2013 04 20 20 43 23.420     164.6
123
2013 04 20 00 12 13.978     2013 04 20 00 15 58.580     224.6
124
2013 04 20 13 49  8.577     2013 04 20 13 52 53.178     224.6
2013 04 20 22 08 46.536     2013 04 20 22 09 25.410      38.9
125
2013 04 20 15 30 52.902     2013 04 20 15 33 40.816     167.9
2013 04 20 20 26  7.685     2013 04 20 20 29 20.789     193.1
126
127
2013 04 20 12 16 19.208     2013 04 20 12 17 24.077      64.9
128
2013 04 20 20 41 40.111     2013 04 20 20 44 15.973     155.9
129
2013 04 20 10 36 12.195     2013 04 20 10 38 58.934     166.7
2013 04 20 20 38 16.040     2013 04 20 20 40 52.365     156.3
130
131
2013 04 20 20 42 19.732     2013 04 20 20 44 54.322     154.6
132
2013 04 20 10 31 13.889     2013 04 20 10 34 22.512     188.6
133
2013 04 20 12 07 48.048     2013 04 20 12 10 53.210     185.2
134
2013 04 20 12 07 46.042     2013 04 20 12 11 12.966     206.9
135
2013 04 20 13 55 24.119     2013 04 20 13 56  4.904      40.8
2013 04 20 20 29 48.517     2013 04 20 20 30 16.147      27.6
136
137
2013 04 20 13 48 23.471     2013 04 20 13 48 24.700       1.2
2013 04 20 22 11 23.410     2013 04 20 22 12 15.515      52.1
138
2013 04 20 20 41 40.514     2013 04 20 20 44 27.918     167.4
139
2013 04 20 12 18 28.849     2013 04 20 12 21 43.255     194.4
2013 04 20 18 52 57.769     2013 04 20 18 56 25.623     207.9
140
2013 04 20 15 31  1.132     2013 04 20 15 34   .972     179.8
2013 04 20 20 26 29.690     2013 04 20 20 29 34.074     184.4
141
2013 04 20 13 47 28.777     2013 04 20 13 51   .505     211.7
142
2013 04 20 00 09 46.478     2013 04 20 00 12 29.963     163.5
2013 04 20 13 44 14.657     2013 04 20 13 47 45.294     210.6
143
2013 04 20 13 50 25.122     2013 04 20 13 53  1.453     156.3
2013 04 20 22 06 56.252     2013 04 20 22 09 48.187     171.9
144
2013 04 20 12 13  5.667     2013 04 20 12 13 11.757       6.1
145
2013 04 20 10 37 21.997     2013 04 20 10 37 55.188      33.2
146
2013 04 20 13 53  1.009     2013 04 20 13 55 53.926     172.9
2013 04 20 20 32  6.777     2013 04 20 20 32 42.270      35.5
147
2013 04 20 10 30 49.571     2013 04 20 10 34 10.754     201.2
2013 04 20 22 17 19.129     2013 04 20 22 20  9.307     170.2
148
2013 04 20 13 48 54.272     2013 04 20 13 51 48.335     174.1
149
2013 04 20 15 31  6.981     2013 04 20 15 33 54.213     167.2
2013 04 20 20 26 20.506     2013 04 20 20 29 18.594     178.1
150
2013 04 20 12 21  4.882     2013 04 20 12 24 45.918     221.0
2013 04 20 17 17  7.793     2013 04 20 17 17 34.266      26.5
151
2013 04 20 12 16   .485     2013 04 20 12 18 45.542     165.1
2013 04 20 20 32 58.151     2013 04 20 20 35 37.118     159.0
152
2013 04 20 12 06 38.332     2013 04 20 12 09 35.058     176.7
153
2013 04 20 12 14 14.655     2013 04 20 12 17 36.060     201.4
154
2013 04 20 10 33 33.535     2013 04 20 10 36 20.633     167.1
155
2013 04 20 12 19 17.714     2013 04 20 12 22 51.452     213.7
2013 04 20 18 55 24.413     2013 04 20 18 58  6.460     162.0
156
157
2013 04 20 12 10 59.102     2013 04 20 12 13 57.937     178.8
2013 04 20 22 12 54.080     2013 04 20 22 15 30.770     156.7
158
2013 04 20 20 38 57.846     2013 04 20 20 42  9.957     192.1
159
2013 04 20 20 38 59.437     2013 04 20 20 39 40.509      41.1
160
2013 04 20 12 18  9.148     2013 04 20 12 20 45.874     156.7
161
2013 04 20 12 08 26.804     2013 04 20 12 11 53.268     206.5
162
2013 04 20 00 11 34.128     2013 04 20 00 14 53.123     199.0
163
2013 04 20 13 55  3.669     2013 04 20 13 58  7.759     184.1
2013 04 20 20 29 34.213     2013 04 20 20 32 36.068     181.9
164
2013 04 20 20 41 32.768     2013 04 20 20 44  9.066     156.3
165
2013 04 20 12 18 45.325     2013 04 20 12 21 48.273     182.9
2013 04 20 18 53 14.930     2013 04 20 18 56 29.709     194.8
166
2013 04 20 12 09 23.605     2013 04 20 12 12 53.474     209.9
2013 04 20 22 13 34.504     2013 04 20 22 16 41.546     187.0
167
2013 04 20 12 18 31.983     2013 04 20 12 18 37.905       5.9
2013 04 20 20 33 42.062     2013 04 20 20 34 31.965      49.9
168
2013 04 20 12 10   .758     2013 04 20 12 13 29.878     209.1
2013 04 20 22 13 32.835     2013 04 20 22 16 11.673     158.8
169
2013 04 20 13 52 35.365     2013 04 20 13 55 13.252     157.9
170
171
172
2013 04 20 13 56  6.062     2013 04 20 13 58 44.321     158.3
2013 04 20 18 51  4.056     2013 04 20 18 54 26.863     202.8
173
2013 04 20 13 53  7.149     2013 04 20 13 56 18.329     191.2
2013 04 20 20 27 36.185     2013 04 20 20 31  1.044     204.9
174
2013 04 20 10 33 25.448     2013 04 20 10 36 30.582     185.1
175
2013 04 20 13 47 32.226     2013 04 20 13 50 15.693     163.5
176
2013 04 20 12 11  4.164     2013 04 20 12 11 31.596      27.4
177
2013 04 20 12 18 35.032     2013 04 20 12 21 15.283     160.3
2013 04 20 18 53 47.934     2013 04 20 18 54 11.297      23.4
178
2013 04 20 12 06 52.733     2013 04 20 12 09 25.771     153.0
179
2013 04 20 12 20 18.818     2013 04 20 12 23 30.548     191.7
2013 04 20 13 57 56.281     2013 04 20 13 59 13.850      77.6
2013 04 20 17 14 55.312     2013 04 20 17 15 27.197      31.9
2013 04 20 18 53 23.783     2013 04 20 18 56 31.747     188.0
180
2013 04 20 08 57  3.860     2013 04 20 09 00 21.940     198.1
2013 04 20 20 41 58.364     2013 04 20 20 45 39.175     220.8
181
2013 04 20 13 49 48.839     2013 04 20 13 52 51.474     182.6
2013 04 20 22 07 44.611     2013 04 20 22 10 50.041     185.4
182
2013 04 20 12 14   .492     2013 04 20 12 16 35.462     155.0
183
184
2013 04 20 20 42 27.871     2013 04 20 20 45  7.593     159.7
185
2013 04 20 12 07 53.330     2013 04 20 12 10 50.432     177.1
186
2013 04 20 22 08 36.612     2013 04 20 22 11 34.159     177.5
187
2013 04 20 12 18 14.339     2013 04 20 12 20 50.796     156.5
188
189
2013 04 20 10 37 56.815     2013 04 20 10 40 59.882     183.1
2013 04 20 20 35 56.757     2013 04 20 20 39 16.883     200.1
190
2013 04 20 12 07  6.142     2013 04 20 12 10 35.325     209.2
191
2013 04 20 10 37  5.003     2013 04 20 10 39 48.512     163.5
2013 04 20 20 37  2.360     2013 04 20 20 39 39.746     157.4
192
2013 04 20 13 48 16.656     2013 04 20 13 50 54.314     157.7
193
194
2013 04 20 10 42 12.209     2013 04 20 10 42 47.475      35.3
195
2013 04 20 22 14 10.035     2013 04 20 22 16 47.132     157.1
196
2013 04 20 10 37 25.693     2013 04 20 10 41  8.707     223.0
2013 04 20 20 35 46.677     2013 04 20 20 38 41.321     174.6
197
2013 04 20 12 12 52.441     2013 04 20 12 15 27.333     154.9
2013 04 20 22 10 55.115     2013 04 20 22 11 40.638      45.5
198
2013 04 20 12 17 40.087     2013 04 20 12 21 24.630     224.5
199
2013 04 20 13 49 49.699     2013 04 20 13 50 13.532      23.8
2013 04 20 22 08 36.431     2013 04 20 22 11 12.856     156.4
200
2013 04 20 12 10 34.210     2013 04 20 12 13  9.748     155.5
2013 04 20 22 12  7.340     2013 04 20 22 15  7.178     179.8
201
2013 04 20 12 08 59.363     2013 04 20 12 12 43.025     223.7
2013 04 20 22 13 42.744     2013 04 20 22 17  4.755     202.0
202
2013 04 20 20 40 18.562     2013 04 20 20 43 35.630     197.1
203
2013 04 20 10 31 48.852     2013 04 20 10 34 25.566     156.7
204
2013 04 20 22 08 35.558     2013 04 20 22 12 10.779     215.2
205
2013 04 20 22 14 42.027     2013 04 20 22 17 21.973     159.9
206
2013 04 20 20 35 43.368     2013 04 20 20 39 27.299     223.9
207
2013 04 20 13 51   .917     2013 04 20 13 53 51.700     170.8
2013 04 20 22 06 30.968     2013 04 20 22 09  7.973     157.0
208
2013 04 20 13 52   .332     2013 04 20 13 55 21.120     200.8
2013 04 20 22 05 19.126     2013 04 20 22 09  1.987     222.9
209
2013 04 20 12 20 42.543     2013 04 20 12 22 38.845     116.3
2013 04 20 18 55 16.570     2013 04 20 18 59  5.243     228.7
210
2013 04 20 10 30 27.569     2013 04 20 10 33 15.066     167.5
2013 04 20 22 18 11.135     2013 04 20 22 20 48.849     157.7
211
2013 04 20 13 54 15.794     2013 04 20 13 57  2.346     166.6
2013 04 20 20 28 30.701     2013 04 20 20 31  8.934     158.2
212
2013 04 20 00 11  5.410     2013 04 20 00 14 46.141     220.7
213
2013 04 20 12 05 52.000     2013 04 20 12 05 56.947       4.9
214
2013 04 20 20 40 46.865     2013 04 20 20 43 50.262     183.4
215
2013 04 20 13 51 55.709     2013 04 20 13 55 39.490     223.8
2013 04 20 22 04 59.301     2013 04 20 22 08 48.431     229.1
216
2013 04 20 12 17 48.999     2013 04 20 12 20 45.596     176.6
2013 04 20 20 30 51.605     2013 04 20 20 31 25.158      33.6
217
2013 04 20 20 34 43.432     2013 04 20 20 37 33.279     169.8
218
2013 04 20 10 39 58.083     2013 04 20 10 43 32.253     214.2
2013 04 20 19 00 25.175     2013 04 20 19 00 30.306       5.1
219
2013 04 20 12 15 36.150     2013 04 20 12 18 27.087     170.9
2013 04 20 20 33  3.003     2013 04 20 20 35 54.733     171.7
220
221
2013 04 20 12 09 50.696     2013 04 20 12 11 21.852      91.2
2013 04 20 22 13 47.097     2013 04 20 22 16 23.248     156.2
222
2013 04 20 12 06 57.535     2013 04 20 12 09 33.122     155.6
223
224
225
2013 04 20 22 16 24.962     2013 04 20 22 19 18.057     173.1
226
2013 04 20 20 34  1.159     2013 04 20 20 37 45.296     224.1
227
2013 04 20 12 19   .041     2013 04 20 12 19 56.546      56.5
2013 04 20 18 55 38.380     2013 04 20 18 58 24.183     165.8
228
2013 04 20 10 39 54.800     2013 04 20 10 43   .078     185.3
229
2013 04 20 22 13 17.176     2013 04 20 22 13 39.839      22.7
230
2013 04 20 10 32 34.056     2013 04 20 10 35 53.678     199.6
231
2013 04 20 10 38 16.342     2013 04 20 10 41 52.010     215.7
2013 04 20 20 35  2.900     2013 04 20 20 36 36.632      93.7
232
2013 04 20 10 34 48.770     2013 04 20 10 38  5.225     196.5
233
2013 04 20 12 19 47.959     2013 04 20 12 23 14.777     206.8
2013 04 20 13 57 33.304     2013 04 20 14 01 27.130     233.8
2013 04 20 18 53 20.247     2013 04 20 18 56  7.165     166.9
234
2013 04 20 20 40 49.177     2013 04 20 20 44 31.242     222.1
235
2013 04 20 10 39 58.779     2013 04 20 10 42 35.540     156.8
236
2013 04 20 12 15 46.856     2013 04 20 12 16 37.765      50.9
2013 04 20 22 09 28.116     2013 04 20 22 13 11.339     223.2
237
2013 04 20 12 11 42.045     2013 04 20 12 14 18.901     156.9
2013 04 20 22 12  9.132     2013 04 20 22 14 55.237     166.1
238
2013 04 20 13 48  9.037     2013 04 20 13 51 24.754     195.7
239
2013 04 20 10 37 25.042     2013 04 20 10 37 55.145      30.1
2013 04 20 20 35 40.904     2013 04 20 20 38 36.333     175.4
240
2013 04 20 13 53 22.335     2013 04 20 13 56 29.912     187.6
2013 04 20 20 27 49.319     2013 04 20 20 30 57.092     187.8
241
2013 04 20 13 53 29.867     2013 04 20 13 56 13.546     163.7
2013 04 20 20 28 47.731     2013 04 20 20 32 12.926     205.2
242
2013 04 20 10 35 17.793     2013 04 20 10 35 51.170      33.4
2013 04 20 22 15 39.649     2013 04 20 22 16 24.136      44.5
243
2013 04 20 12 10 16.331     2013 04 20 12 12 51.123     154.8
2013 04 20 22 12  7.682     2013 04 20 22 15 26.197     198.5
244
2013 04 20 12 18 29.433     2013 04 20 12 21 34.562     185.1
2013 04 20 18 54 20.469     2013 04 20 18 58 14.138     233.7
245
2013 04 20 10 40 47.586     2013 04 20 10 43 29.012     161.4
2013 04 20 18 58  8.185     2013 04 20 19 01 23.493     195.3
246
2013 04 20 00 09  6.916     2013 04 20 00 11 42.801     155.9
2013 04 20 13 45  7.041     2013 04 20 13 47 58.534     171.5
247
2013 04 20 12 07 47.242     2013 04 20 12 10 27.880     160.6
248
2013 04 20 10 35 31.506     2013 04 20 10 38 39.801     188.3
2013 04 20 20 36 42.278     2013 04 20 20 40 18.067     215.8
249
2013 04 20 20 33 59.167     2013 04 20 20 37 45.351     226.2
250
2013 04 20 12 19  2.834     2013 04 20 12 22  9.389     186.6
2013 04 20 18 53 25.324     2013 04 20 18 56 18.161     172.8
251
2013 04 20 10 37 59.853     2013 04 20 10 40 34.295     154.4
2013 04 20 20 36 39.380     2013 04 20 20 40 12.470     213.1
252
253
2013 04 20 12 15 18.390     2013 04 20 12 19  7.070     228.7
2013 04 20 20 33 50.946     2013 04 20 20 36 29.870     158.9
254
2013 04 20 12 15  3.558     2013 04 20 12 15  8.443       4.9
2013 04 20 20 30 57.797     2013 04 20 20 34 12.391     194.6
255
2013 04 20 12 20 30.017     2013 04 20 12 22 19.414     109.4
2013 04 20 18 55 24.484     2013 04 20 18 58 54.045     209.6
256
2013 04 20 10 36 30.120     2013 04 20 10 39 10.624     160.5
2013 04 20 20 38  2.443     2013 04 20 20 40 37.292     154.8
257
2013 04 20 10 38 23.808     2013 04 20 10 41 22.329     178.5
258
2013 04 20 10 31  1.974     2013 04 20 10 34 27.894     205.9
2013 04 20 22 17  3.358     2013 04 20 22 20  4.322     181.0
259
2013 04 20 10 40 26.128     2013 04 20 10 43 11.145     165.0
2013 04 20 18 58  4.241     2013 04 20 19 01 45.846     221.6
260
2013 04 20 10 42 18.124     2013 04 20 10 43 15.340      57.2
261
2013 04 20 12 22 15.178     2013 04 20 12 22 45.158      30.0
2013 04 20 13 56 45.671     2013 04 20 14 00 27.910     222.2
2013 04 20 18 52 50.980     2013 04 20 18 55 35.222     164.2
262
2013 04 20 10 32  4.990     2013 04 20 10 35  3.420     178.4
263
264
2013 04 20 15 29 10.747     2013 04 20 15 29 46.580      35.8
2013 04 20 22 04 50.500     2013 04 20 22 07 50.381     179.9
265
2013 04 20 12 15 53.452     2013 04 20 12 19 24.175     210.7
2013 04 20 20 33 35.433     2013 04 20 20 36 12.906     157.5
266
2013 04 20 12 09 36.738     2013 04 20 12 13  7.979     211.2
2013 04 20 22 13 36.475     2013 04 20 22 16 29.798     173.3
267
268
269
2013 04 20 20 30 20.046     2013 04 20 20 33 48.380     208.3
270
2013 04 20 00 10 38.193     2013 04 20 00 13 43.519     185.3
271
2013 04 20 10 32 50.299     2013 04 20 10 36 30.879     220.6
272
2013 04 20 10 39 47.814     2013 04 20 10 43 30.630     222.8
273
2013 04 20 12 11  5.798     2013 04 20 12 14 16.981     191.2
2013 04 20 22 11 17.987     2013 04 20 22 13 56.854     158.9
274
2013 04 20 12 16 38.796     2013 04 20 12 20 20.181     221.4
2013 04 20 20 31  2.185     2013 04 20 20 33 55.698     173.5
275
2013 04 20 12 15 35.335     2013 04 20 12 15 39.131       3.8
2013 04 20 20 33 59.648     2013 04 20 20 36 40.550     160.9
276
2013 04 20 10 37 18.143     2013 04 20 10 39 53.140     155.0
2013 04 20 20 37 22.917     2013 04 20 20 40 13.883     171.0
277
278
2013 04 20 22 09 14.242     2013 04 20 22 11 50.062     155.8
279
2013 04 20 00 14 22.734     2013 04 20 00 17   .936     158.2
2013 04 20 12 04 51.934     2013 04 20 12 07 39.283     167.3
280
2013 04 20 12 20 25.927     2013 04 20 12 23 11.413     165.5
2013 04 20 18 54 43.808     2013 04 20 18 57 35.500     171.7
281
2013 04 20 10 40  8.814     2013 04 20 10 42 44.321     155.5
282
2013 04 20 20 41 18.108     2013 04 20 20 44 16.925     178.8
283
2013 04 20 12 20 56.006     2013 04 20 12 23 33.324     157.3
2013 04 20 17 19 39.301     2013 04 20 17 19 54.844      15.5
2013 04 20 18 54  7.690     2013 04 20 18 57 33.205     205.5
284
2013 04 20 10 31 12.864     2013 04 20 10 31 59.072      46.2
2013 04 20 22 16 34.707     2013 04 20 22 19 48.703     194.0
285
2013 04 20 20 35 46.282     2013 04 20 20 38 22.257     156.0
286
2013 04 20 00 11  4.645     2013 04 20 00 14 42.231     217.6
287
2013 04 20 12 15 51.873     2013 04 20 12 18 29.826     158.0
2013 04 20 20 32 43.522     2013 04 20 20 35 30.899     167.4
288
2013 04 20 12 20 20.193     2013 04 20 12 23 28.941     188.7
2013 04 20 13 57 54.963     2013 04 20 13 58 44.676      49.7
2013 04 20 17 14 56.286     2013 04 20 17 15 16.290      20.0
2013 04 20 18 53 26.404     2013 04 20 18 56 33.850     187.4
289
2013 04 20 13 53 47.446     2013 04 20 13 54  8.860      21.4
2013 04 20 15 31 53.776     2013 04 20 15 35 27.001     213.2
2013 04 20 20 27 36.000     2013 04 20 20 30 15.027     159.0
290
2013 04 20 00 11 10.799     2013 04 20 00 13 45.068     154.3
291
2013 04 20 22 09 38.007     2013 04 20 22 13 15.891     217.9
292
2013 04 20 13 51 18.721     2013 04 20 13 54 31.088     192.4
2013 04 20 22 06   .338     2013 04 20 22 08 49.392     169.1
293
2013 04 20 12 14 16.582     2013 04 20 12 17 45.916     209.3
294
2013 04 20 10 39 38.160     2013 04 20 10 42 57.476     199.3
295
2013 04 20 20 34 23.504     2013 04 20 20 37 15.854     172.3
296
2013 04 20 10 35  7.928     2013 04 20 10 38 10.182     182.3
2013 04 20 20 40 34.655     2013 04 20 20 40 51.124      16.5
297
2013 04 20 13 48 23.106     2013 04 20 13 51  8.322     165.2
298
2013 04 20 13 49 47.381     2013 04 20 13 53  2.754     195.4
2013 04 20 22 07 57.600     2013 04 20 22 10 55.532     177.9
299
2013 04 20 13 49 10.924     2013 04 20 13 51 49.000     158.1
