s1
0
2013 04 20 10 47 15.579     2013 04 20 10 50 20.020     184.4
2013 04 20 19 04 56.931     2013 04 20 19 05  1.287       4.4
1
2013 04 20 22 21 26.480     2013 04 20 22 24 36.119     189.6
2
2013 04 20 22 20   .710     2013 04 20 22 22 54.748     174.0
3
2013 04 20 12 23 15.449     2013 04 20 12 23 58.254      42.8
2013 04 20 22 15 34.431     2013 04 20 22 16  2.868      28.4
4
2013 04 20 13 58 10.040     2013 04 20 14 01 12.804     182.8
2013 04 20 22 14   .311     2013 04 20 22 16 50.136     169.8
5
2013 04 20 12 25 39.049     2013 04 20 12 28 19.574     160.5
2013 04 20 19 00 27.831     2013 04 20 19 00 30.616       2.8
6
7
2013 04 20 12 15 39.961     2013 04 20 12 16 34.131      54.2
2013 04 20 22 20 10.851     2013 04 20 22 23 48.502     217.7
8
9
2013 04 20 10 39  1.815     2013 04 20 10 41 42.514     160.7
10
11
2013 04 20 14 00 21.659     2013 04 20 14 04 11.945     230.3
2013 04 20 20 36 29.760     2013 04 20 20 39 25.769     176.0
12
2013 04 20 10 42 43.074     2013 04 20 10 45 17.000     153.9
2013 04 20 20 44 15.814     2013 04 20 20 47 37.908     202.1
13
2013 04 20 14 00 46.687     2013 04 20 14 01 10.890      24.2
2013 04 20 22 12   .509     2013 04 20 22 14 40.400     159.9
14
2013 04 20 00 22  1.682     2013 04 20 00 23 14.198      72.5
2013 04 20 12 12 44.214     2013 04 20 12 15 20.976     156.8
15
16
2013 04 20 12 14  5.569     2013 04 20 12 17 30.761     205.2
17
2013 04 20 12 23 51.161     2013 04 20 12 26 44.482     173.3
2013 04 20 20 39 21.515     2013 04 20 20 42 14.008     172.5
18
2013 04 20 10 39 11.807     2013 04 20 10 41 53.006     161.2
19
2013 04 20 12 27 56.080     2013 04 20 12 30 36.933     160.9
2013 04 20 17 22 16.945     2013 04 20 17 22 47.719      30.8
2013 04 20 19 00 26.412     2013 04 20 19 03 49.194     202.8
20
2013 04 20 14 00 26.573     2013 04 20 14 03 26.415     179.8
2013 04 20 20 34 27.880     2013 04 20 20 37 30.435     182.6
21
2013 04 20 12 25  7.888     2013 04 20 12 28 28.846     201.0
2013 04 20 18 59 10.412     2013 04 20 18 59 14.535       4.1
22
2013 04 20 12 21  3.616     2013 04 20 12 24 36.919     213.3
23
2013 04 20 10 45 35.473     2013 04 20 10 48 29.679     174.2
2013 04 20 20 42  6.961     2013 04 20 20 43  8.942      62.0
24
25
2013 04 20 12 15 18.831     2013 04 20 12 17 55.008     156.2
26
27
2013 04 20 09 02 57.397     2013 04 20 09 06 10.416     193.0
2013 04 20 20 49 46.119     2013 04 20 20 52 16.167     150.0
28
2013 04 20 12 18 53.628     2013 04 20 12 21 34.028     160.4
2013 04 20 22 18 31.603     2013 04 20 22 21 22.461     170.9
29
2013 04 20 10 42  7.867     2013 04 20 10 45  2.357     174.5
30
31
2013 04 20 14 01 17.882     2013 04 20 14 04 44.325     206.4
2013 04 20 20 36 31.185     2013 04 20 20 39  5.585     154.4
32
2013 04 20 22 23 18.157     2013 04 20 22 25 48.188     150.0
33
2013 04 20 12 22 27.609     2013 04 20 12 25 53.634     206.0
2013 04 20 20 40  5.952     2013 04 20 20 42 46.406     160.5
34
2013 04 20 10 45 40.907     2013 04 20 10 49  7.560     206.7
35
2013 04 20 10 46  1.300     2013 04 20 10 46  5.216       3.9
36
37
2013 04 20 10 46  6.985     2013 04 20 10 49 20.336     193.4
38
2013 04 20 22 22 54.157     2013 04 20 22 26 27.172     213.0
39
2013 04 20 12 19  8.330     2013 04 20 12 22 39.157     210.8
2013 04 20 22 16 52.455     2013 04 20 22 19 43.536     171.1
40
2013 04 20 12 14 49.729     2013 04 20 12 17 29.867     160.1
41
2013 04 20 10 39  2.548     2013 04 20 10 41 43.378     160.8
2013 04 20 22 23 19.816     2013 04 20 22 23 54.631      34.8
42
2013 04 20 10 41 30.834     2013 04 20 10 41 37.730       6.9
2013 04 20 20 45 58.660     2013 04 20 20 48 59.356     180.7
43
2013 04 20 20 47  3.504     2013 04 20 20 49 49.536     166.0
44
45
2013 04 20 12 23  3.870     2013 04 20 12 25 46.659     162.8
2013 04 20 20 38 37.932     2013 04 20 20 41 19.739     161.8
46
2013 04 20 15 36 47.823     2013 04 20 15 39 33.663     165.8
2013 04 20 20 31  6.945     2013 04 20 20 32  6.404      59.5
2013 04 20 22 09 14.788     2013 04 20 22 12 36.681     201.9
47
2013 04 20 14 02 39.889     2013 04 20 14 06 23.985     224.1
2013 04 20 18 58 27.239     2013 04 20 18 59 12.500      45.3
48
2013 04 20 10 49 28.007     2013 04 20 10 52 16.048     168.0
2013 04 20 19 03 52.402     2013 04 20 19 06 36.566     164.2
49
2013 04 20 15 37 53.031     2013 04 20 15 41 30.596     217.6
2013 04 20 20 33 38.695     2013 04 20 20 36 34.732     176.0
50
2013 04 20 22 20 54.560     2013 04 20 22 23 27.694     153.1
51
2013 04 20 12 23 33.479     2013 04 20 12 26 22.307     168.8
2013 04 20 20 39 28.058     2013 04 20 20 42  4.945     156.9
52
2013 04 20 14 03 59.380     2013 04 20 14 06 44.268     164.9
2013 04 20 18 58 45.577     2013 04 20 19 01 22.261     156.7
53
2013 04 20 10 42 37.880     2013 04 20 10 45 28.316     170.4
2013 04 20 20 44 52.390     2013 04 20 20 47 54.624     182.2
54
2013 04 20 12 27 26.892     2013 04 20 12 30  8.286     161.4
2013 04 20 19 01 18.737     2013 04 20 19 04  3.216     164.5
55
2013 04 20 10 42 12.876     2013 04 20 10 42 14.152       1.3
2013 04 20 22 22 56.249     2013 04 20 22 25 45.560     169.3
56
2013 04 20 20 51 15.594     2013 04 20 20 51 36.905      21.3
57
58
59
60
2013 04 20 22 23 21.127     2013 04 20 22 26 23.862     182.7
61
2013 04 20 12 28 45.401     2013 04 20 12 32  2.128     196.7
2013 04 20 17 24 12.274     2013 04 20 17 27 24.929     192.7
62
63
2013 04 20 12 21 15.862     2013 04 20 12 24 44.722     208.9
64
2013 04 20 00 19 47.524     2013 04 20 00 22 42.652     175.1
65
2013 04 20 15 36 44.748     2013 04 20 15 39 35.997     171.2
2013 04 20 22 10 17.755     2013 04 20 22 13 28.758     191.0
66
2013 04 20 12 26 56.496     2013 04 20 12 30 27.953     211.5
2013 04 20 14 04 41.749     2013 04 20 14 08 23.359     221.6
2013 04 20 18 59 52.222     2013 04 20 19 02 41.884     169.7
67
68
2013 04 20 22 11  1.358     2013 04 20 22 12 17.497      76.1
69
2013 04 20 12 22 33.743     2013 04 20 12 26 11.477     217.7
2013 04 20 20 37 46.946     2013 04 20 20 40 38.088     171.1
70
2013 04 20 10 47  5.383     2013 04 20 10 49 39.846     154.5
71
2013 04 20 12 25 18.527     2013 04 20 12 28 30.702     192.2
72
2013 04 20 15 37  5.704     2013 04 20 15 40 28.021     202.3
2013 04 20 20 36  7.228     2013 04 20 20 36 34.324      27.1
2013 04 20 22 10 23.425     2013 04 20 22 10 50.540      27.1
73
2013 04 20 12 27 42.021     2013 04 20 12 29 18.474      96.5
2013 04 20 19 01 57.628     2013 04 20 19 05 34.758     217.1
74
75
2013 04 20 12 15 20.642     2013 04 20 12 18 25.924     185.3
76
2013 04 20 12 22 28.610     2013 04 20 12 22 46.843      18.2
2013 04 20 20 40 31.944     2013 04 20 20 43  4.252     152.3
77
2013 04 20 12 24 46.126     2013 04 20 12 27 29.193     163.1
2013 04 20 20 38 28.010     2013 04 20 20 39  8.711      40.7
78
2013 04 20 12 22 55.239     2013 04 20 12 23  9.948      14.7
2013 04 20 20 40 21.359     2013 04 20 20 43  6.379     165.0
79
2013 04 20 22 15 37.584     2013 04 20 22 18 59.928     202.3
80
2013 04 20 20 47 48.855     2013 04 20 20 51 22.658     213.8
81
2013 04 20 12 18 27.408     2013 04 20 12 21 43.437     196.0
2013 04 20 22 17 31.663     2013 04 20 22 20  2.985     151.3
82
2013 04 20 12 25  2.648     2013 04 20 12 25 54.466      51.8
2013 04 20 20 37 20.963     2013 04 20 20 40 48.156     207.2
83
2013 04 20 12 26 28.487     2013 04 20 12 26 56.725      28.2
2013 04 20 19 02 26.822     2013 04 20 19 05   .369     153.5
84
2013 04 20 20 40 43.103     2013 04 20 20 43 46.105     183.0
85
2013 04 20 15 37 45.403     2013 04 20 15 41  1.558     196.2
2013 04 20 20 33 11.739     2013 04 20 20 36 19.708     188.0
86
2013 04 20 22 21 41.307     2013 04 20 22 24 11.575     150.3
87
2013 04 20 10 40 30.801     2013 04 20 10 43 41.413     190.6
88
2013 04 20 15 35 32.541     2013 04 20 15 39 14.335     221.8
2013 04 20 22 11  8.591     2013 04 20 22 13 42.208     153.6
89
2013 04 20 20 46 39.095     2013 04 20 20 48 46.312     127.2
90
2013 04 20 20 42 10.159     2013 04 20 20 44 48.986     158.8
91
2013 04 20 10 49 10.108     2013 04 20 10 51 54.285     164.2
2013 04 20 19 04 53.683     2013 04 20 19 07 31.162     157.5
92
2013 04 20 10 48 30.200     2013 04 20 10 52 14.759     224.6
2013 04 20 19 03 18.191     2013 04 20 19 05 52.575     154.4
93
94
2013 04 20 20 42  4.168     2013 04 20 20 45  5.410     181.2
95
2013 04 20 22 21  8.844     2013 04 20 22 24 44.150     215.3
96
97
2013 04 20 12 15  5.978     2013 04 20 12 18 27.776     201.8
98
2013 04 20 12 30  7.250     2013 04 20 12 30 17.993      10.7
2013 04 20 14 04 17.115     2013 04 20 14 07 40.023     202.9
2013 04 20 18 59 33.028     2013 04 20 19 02  8.258     155.2
99
2013 04 20 12 22  3.777     2013 04 20 12 25 46.684     222.9
2013 04 20 20 37 31.627     2013 04 20 20 40 56.443     204.8
100
2013 04 20 09 07 18.798     2013 04 20 09 08 17.603      58.8
2013 04 20 20 47 52.459     2013 04 20 20 51 32.712     220.3
101
2013 04 20 12 24 27.599     2013 04 20 12 27 24.642     177.0
2013 04 20 20 38 52.982     2013 04 20 20 42 36.498     223.5
102
2013 04 20 14 01 25.800     2013 04 20 14 02  3.633      37.8
2013 04 20 20 36 50.334     2013 04 20 20 39 37.175     166.8
103
2013 04 20 13 56 10.860     2013 04 20 13 58 45.401     154.5
104
2013 04 20 12 16  1.126     2013 04 20 12 18 34.551     153.4
105
2013 04 20 10 39  8.915     2013 04 20 10 41 43.358     154.4
106
2013 04 20 12 14 40.615     2013 04 20 12 17 49.229     188.6
107
108
2013 04 20 12 26  6.043     2013 04 20 12 29 45.424     219.4
2013 04 20 14 03 48.076     2013 04 20 14 04 35.864      47.8
2013 04 20 18 59 47.460     2013 04 20 19 02 24.593     157.1
109
2013 04 20 20 46 30.359     2013 04 20 20 49 57.503     207.1
110
2013 04 20 13 57 19.276     2013 04 20 14 00 19.260     180.0
2013 04 20 22 12 44.635     2013 04 20 22 15 32.342     167.7
111
2013 04 20 22 23 20.728     2013 04 20 22 26   .732     160.0
112
113
2013 04 20 13 59 55.746     2013 04 20 14 02 33.036     157.3
114
115
116
2013 04 20 10 50 12.556     2013 04 20 10 53 36.481     203.9
2013 04 20 19 02 34.384     2013 04 20 19 03 19.272      44.9
117
2013 04 20 10 50 19.730     2013 04 20 10 53 40.492     200.8
2013 04 20 19 02 30.671     2013 04 20 19 02 40.113       9.4
118
2013 04 20 10 47 15.503     2013 04 20 10 50   .182     164.7
119
2013 04 20 14 01 22.468     2013 04 20 14 04 54.800     212.3
2013 04 20 20 36 34.928     2013 04 20 20 39 11.536     156.6
120
2013 04 20 12 24 59.076     2013 04 20 12 28 44.269     225.2
121
2013 04 20 19 02 25.086     2013 04 20 19 05 31.211     186.1
122
2013 04 20 20 47 29.764     2013 04 20 20 50   .089     150.3
123
2013 04 20 00 20 44.644     2013 04 20 00 23 44.462     179.8
124
2013 04 20 13 56 34.636     2013 04 20 13 59 50.388     195.8
2013 04 20 22 12 14.305     2013 04 20 22 15 50.090     215.8
125
2013 04 20 15 37 55.352     2013 04 20 15 40 50.402     175.1
2013 04 20 20 33   .367     2013 04 20 20 35 59.542     179.2
126
2013 04 20 20 45 10.832     2013 04 20 20 45 16.261       5.4
127
2013 04 20 12 21  1.884     2013 04 20 12 24 26.004     204.1
128
2013 04 20 20 48 25.287     2013 04 20 20 50 57.955     152.7
129
2013 04 20 10 43 25.669     2013 04 20 10 46 38.901     193.2
2013 04 20 20 45  1.641     2013 04 20 20 47 34.671     153.0
130
2013 04 20 20 51 48.810     2013 04 20 20 51 55.927       7.1
131
2013 04 20 09 03 29.081     2013 04 20 09 07 10.625     221.5
2013 04 20 20 48 58.595     2013 04 20 20 51 42.325     163.7
132
2013 04 20 10 38 20.904     2013 04 20 10 40  7.517     106.6
133
2013 04 20 12 15 19.886     2013 04 20 12 18   .721     160.8
134
2013 04 20 12 15 21.758     2013 04 20 12 18 16.398     174.6
135
2013 04 20 12 24 47.373     2013 04 20 12 24 54.083       6.7
2013 04 20 18 58 47.989     2013 04 20 18 59  5.845      17.9
136
137
2013 04 20 22 15 10.174     2013 04 20 22 18 37.489     207.3
138
2013 04 20 20 48 32.556     2013 04 20 20 51  3.204     150.6
139
2013 04 20 12 25 55.613     2013 04 20 12 28 51.845     176.2
2013 04 20 18 59 59.522     2013 04 20 19 03  8.477     189.0
140
2013 04 20 15 38  2.689     2013 04 20 15 41 12.007     189.3
2013 04 20 20 33 21.761     2013 04 20 20 36 13.047     171.3
141
2013 04 20 13 54 25.662     2013 04 20 13 54 50.041      24.4
142
2013 04 20 00 18  1.306     2013 04 20 00 20 31.793     150.5
2013 04 20 13 51  9.033     2013 04 20 13 51 21.505      12.5
143
2013 04 20 13 57 37.558     2013 04 20 14 00 14.366     156.8
2013 04 20 22 13 42.351     2013 04 20 22 16 18.715     156.4
144
2013 04 20 12 20 40.421     2013 04 20 12 24  1.890     201.5
145
2013 04 20 10 41 37.992     2013 04 20 10 45   .937     202.9
146
2013 04 20 14 00  6.498     2013 04 20 14 03 14.694     188.2
2013 04 20 20 35 34.826     2013 04 20 20 39 15.762     220.9
147
2013 04 20 10 38 31.738     2013 04 20 10 41 21.259     169.5
2013 04 20 22 23 43.815     2013 04 20 22 26 58.322     194.5
148
2013 04 20 13 56 14.407     2013 04 20 13 58 52.969     158.6
149
2013 04 20 15 38  9.686     2013 04 20 15 41  3.430     173.7
2013 04 20 20 33 11.714     2013 04 20 20 35 58.198     166.5
150
2013 04 20 12 28 17.042     2013 04 20 12 29 22.672      65.6
2013 04 20 17 24 17.122     2013 04 20 17 27 58.019     220.9
151
2013 04 20 12 23 11.829     2013 04 20 12 26 13.710     181.9
2013 04 20 20 39 45.652     2013 04 20 20 42 18.423     152.8
152
2013 04 20 12 14  8.251     2013 04 20 12 16 44.767     156.5
153
2013 04 20 12 21 45.754     2013 04 20 12 24 41.901     176.1
154
2013 04 20 10 40 45.513     2013 04 20 10 44  2.133     196.6
155
2013 04 20 12 26 27.751     2013 04 20 12 27 54.235      86.5
2013 04 20 19 02 19.734     2013 04 20 19 04 53.473     153.7
156
157
2013 04 20 12 18  3.964     2013 04 20 12 21 33.868     209.9
2013 04 20 22 19 26.175     2013 04 20 22 22 13.202     167.0
158
2013 04 20 20 45 26.159     2013 04 20 20 47 31.342     125.2
159
2013 04 20 10 42 41.177     2013 04 20 10 43 15.504      34.3
2013 04 20 20 42 40.933     2013 04 20 20 46  6.938     206.0
160
2013 04 20 12 25 25.800     2013 04 20 12 28  7.302     161.5
161
2013 04 20 12 15 26.929     2013 04 20 12 15 47.053      20.1
2013 04 20 22 20 16.085     2013 04 20 22 20 25.348       9.3
162
2013 04 20 00 19 20.966     2013 04 20 00 19 42.532      21.6
163
2013 04 20 14 02  9.997     2013 04 20 14 05 27.581     197.6
2013 04 20 20 36 10.888     2013 04 20 20 39 26.364     195.5
164
2013 04 20 20 48 18.411     2013 04 20 20 50 50.625     152.2
165
2013 04 20 12 26 10.773     2013 04 20 12 28 58.518     167.7
2013 04 20 19 00 15.673     2013 04 20 19 03 13.107     177.4
166
2013 04 20 12 16 24.047     2013 04 20 12 16 36.377      12.3
2013 04 20 22 20 25.538     2013 04 20 22 23  5.979     160.4
167
2013 04 20 12 21 58.611     2013 04 20 12 25 39.275     220.7
2013 04 20 20 37 29.713     2013 04 20 20 41  3.376     213.7
168
2013 04 20 12 17  1.682     2013 04 20 12 17 18.723      17.0
2013 04 20 22 20 14.202     2013 04 20 22 22 45.232     151.0
169
2013 04 20 13 59 48.681     2013 04 20 14 02 24.466     155.8
170
171
172
2013 04 20 14 03 16.984     2013 04 20 14 05 57.561     160.6
2013 04 20 18 58  3.679     2013 04 20 19 01 12.065     188.4
173
2013 04 20 14 00 27.018     2013 04 20 14 03 20.977     174.0
2013 04 20 20 34 31.139     2013 04 20 20 37 37.620     186.5
174
2013 04 20 10 40 33.830     2013 04 20 10 44 16.024     222.2
175
2013 04 20 13 54 35.504     2013 04 20 13 57 39.506     184.0
176
2013 04 20 12 15  6.709     2013 04 20 12 18 30.795     204.1
177
2013 04 20 12 25 49.738     2013 04 20 12 28 39.006     169.3
2013 04 20 19 00 52.819     2013 04 20 19 04 27.549     214.7
178
2013 04 20 12 14  7.281     2013 04 20 12 16 51.231     163.9
179
2013 04 20 12 27 43.666     2013 04 20 12 30 40.397     176.7
2013 04 20 14 05  5.121     2013 04 20 14 05 16.954      11.8
2013 04 20 17 22  2.006     2013 04 20 17 25 49.703     227.7
2013 04 20 19 00  7.540     2013 04 20 19 03 27.705     200.2
180
2013 04 20 09 04 51.982     2013 04 20 09 07 39.358     167.4
181
2013 04 20 13 56 50.253     2013 04 20 14 00 17.447     207.2
2013 04 20 22 14 33.916     2013 04 20 22 17 17.654     163.7
182
2013 04 20 12 21 16.544     2013 04 20 12 23 58.546     162.0
183
2013 04 20 22 18 50.586     2013 04 20 22 19 25.250      34.7
184
2013 04 20 09 02 56.181     2013 04 20 09 03 11.117      14.9
2013 04 20 20 49 16.089     2013 04 20 20 51 46.370     150.3
185
2013 04 20 12 14 56.747     2013 04 20 12 18 27.701     211.0
186
2013 04 20 22 15  4.025     2013 04 20 22 18 20.865     196.8
187
2013 04 20 12 25 32.199     2013 04 20 12 28 10.744     158.5
2013 04 20 19 04 24.521     2013 04 20 19 04 26.417       1.9
188
2013 04 20 12 17 35.467     2013 04 20 12 18 43.287      67.8
189
2013 04 20 10 45 32.919     2013 04 20 10 48 14.793     161.9
2013 04 20 20 42 25.865     2013 04 20 20 43 43.466      77.6
190
2013 04 20 12 14  5.337     2013 04 20 12 14 13.413       8.1
191
2013 04 20 10 44 35.705     2013 04 20 10 47  9.671     154.0
2013 04 20 20 43 40.957     2013 04 20 20 46 28.750     167.8
192
2013 04 20 13 55 30.785     2013 04 20 13 58  5.914     155.1
193
194
2013 04 20 10 46 25.594     2013 04 20 10 49 55.056     209.5
195
2013 04 20 22 20 50.046     2013 04 20 22 23 21.848     151.8
196
2013 04 20 10 45  7.307     2013 04 20 10 48 17.436     190.1
2013 04 20 20 42 19.711     2013 04 20 20 45 35.383     195.7
197
2013 04 20 12 20  7.204     2013 04 20 12 22 52.058     164.9
198
2013 04 20 12 24 47.806     2013 04 20 12 24 59.884      12.1
199
2013 04 20 22 15 14.978     2013 04 20 22 17 49.772     154.8
200
2013 04 20 12 17 53.507     2013 04 20 12 20 29.953     156.4
2013 04 20 22 18 56.618     2013 04 20 22 21 33.675     157.1
201
2013 04 20 22 20 36.410     2013 04 20 22 23 26.699     170.3
202
2013 04 20 20 46 45.685     2013 04 20 20 47 49.909      64.2
203
2013 04 20 10 39  4.502     2013 04 20 10 42  3.043     178.5
204
2013 04 20 22 14 58.465     2013 04 20 22 15 18.479      20.0
205
2013 04 20 22 21 24.096     2013 04 20 22 23 54.593     150.5
206
2013 04 20 10 42 55.138     2013 04 20 10 46 40.741     225.6
2013 04 20 20 42 45.605     2013 04 20 20 45 55.121     189.5
207
2013 04 20 13 58 19.280     2013 04 20 14 00 57.500     158.2
2013 04 20 22 13  7.410     2013 04 20 22 15 46.881     159.5
208
2013 04 20 13 59 21.988     2013 04 20 14 02 22.114     180.1
2013 04 20 22 11 44.420     2013 04 20 22 11 58.680      14.3
209
2013 04 20 10 54 12.030     2013 04 20 10 54 14.420       2.4
2013 04 20 12 27 54.058     2013 04 20 12 27 56.621       2.6
210
2013 04 20 10 38   .986     2013 04 20 10 40 34.435     153.4
2013 04 20 22 24 40.316     2013 04 20 22 27 33.242     172.9
211
2013 04 20 14 01 31.679     2013 04 20 14 04  9.695     158.0
2013 04 20 20 35 17.046     2013 04 20 20 37 51.681     154.6
212
2013 04 20 00 19 35.607     2013 04 20 00 22 33.011     177.4
213
214
2013 04 20 20 47 43.741     2013 04 20 20 50 21.180     157.4
215
2013 04 20 13 59 18.747     2013 04 20 14 02 38.428     199.7
216
2013 04 20 12 25 14.252     2013 04 20 12 27 56.680     162.4
217
2013 04 20 20 41 18.289     2013 04 20 20 44 25.681     187.4
218
2013 04 20 10 47 36.738     2013 04 20 10 50 42.997     186.3
2013 04 20 19 03 22.814     2013 04 20 19 07  7.039     224.2
219
2013 04 20 12 22 45.887     2013 04 20 12 25 57.233     191.3
2013 04 20 20 39 55.776     2013 04 20 20 42 31.419     155.6
220
221
2013 04 20 22 20 26.157     2013 04 20 22 22 58.951     152.8
222
2013 04 20 12 14 17.374     2013 04 20 12 16 53.139     155.8
223
224
225
2013 04 20 10 38 33.369     2013 04 20 10 42 17.221     223.9
2013 04 20 22 22 49.192     2013 04 20 22 26  7.636     198.4
226
227
2013 04 20 19 02 35.153     2013 04 20 19 05  9.965     154.8
228
2013 04 20 10 47 30.173     2013 04 20 10 50 14.936     164.8
2013 04 20 19 07 31.011     2013 04 20 19 07 42.609      11.6
229
2013 04 20 22 16 27.947     2013 04 20 22 20   .223     212.3
230
2013 04 20 10 39 40.306     2013 04 20 10 40 20.040      39.7
231
2013 04 20 10 45 56.623     2013 04 20 10 49  1.853     185.2
232
2013 04 20 10 42 28.857     2013 04 20 10 45 16.898     168.0
2013 04 20 20 46 40.650     2013 04 20 20 47 22.828      42.2
233
2013 04 20 12 27 14.113     2013 04 20 12 30 22.961     188.8
2013 04 20 14 04 41.585     2013 04 20 14 05  6.944      25.4
2013 04 20 19 00  7.314     2013 04 20 19 03   .793     173.5
234
2013 04 20 20 47 52.160     2013 04 20 20 50 56.348     184.2
235
2013 04 20 10 47 18.959     2013 04 20 10 50  7.632     168.7
2013 04 20 19 08 20.652     2013 04 20 19 08 40.093      19.4
236
2013 04 20 12 20 13.829     2013 04 20 12 23 39.079     205.2
237
2013 04 20 12 18 53.873     2013 04 20 12 21 47.007     173.1
2013 04 20 22 18 37.023     2013 04 20 22 21 41.632     184.6
238
2013 04 20 13 55 33.341     2013 04 20 13 58 24.854     171.5
239
2013 04 20 10 45  7.215     2013 04 20 10 48 23.201     196.0
2013 04 20 20 42 13.837     2013 04 20 20 45 30.478     196.6
240
2013 04 20 14 00 41.665     2013 04 20 14 03 33.134     171.5
2013 04 20 20 34 42.687     2013 04 20 20 37 34.657     172.0
241
2013 04 20 14 00 37.392     2013 04 20 14 03 31.635     174.2
2013 04 20 20 35 43.694     2013 04 20 20 38 48.270     184.6
242
2013 04 20 10 39 35.463     2013 04 20 10 42 56.618     201.2
243
2013 04 20 12 17 34.773     2013 04 20 12 20 12.285     157.5
2013 04 20 22 19   .579     2013 04 20 22 21 49.395     168.8
244
2013 04 20 12 25 40.020     2013 04 20 12 29  3.700     203.7
2013 04 20 19 01 25.512     2013 04 20 19 04 54.115     208.6
245
2013 04 20 10 48  5.888     2013 04 20 10 51  3.142     177.3
2013 04 20 19 05 12.122     2013 04 20 19 08  2.774     170.7
246
2013 04 20 00 17 15.372     2013 04 20 00 19 50.790     155.4
2013 04 20 13 52  6.715     2013 04 20 13 55 26.478     199.8
247
2013 04 20 12 15 10.672     2013 04 20 12 17 44.132     153.5
248
2013 04 20 10 43  9.805     2013 04 20 10 45 53.181     163.4
2013 04 20 20 43 43.975     2013 04 20 20 46 45.984     182.0
249
2013 04 20 20 41   .789     2013 04 20 20 44 14.349     193.6
250
2013 04 20 12 26 28.417     2013 04 20 12 29 19.229     170.8
2013 04 20 19 00 23.091     2013 04 20 19 03  3.642     160.6
251
2013 04 20 10 45 21.964     2013 04 20 10 48  4.588     162.6
2013 04 20 20 43  6.740     2013 04 20 20 43 18.954      12.2
252
253
2013 04 20 20 40 38.511     2013 04 20 20 43 11.010     152.5
254
2013 04 20 12 22 36.388     2013 04 20 12 26  3.013     206.6
2013 04 20 20 37 54.048     2013 04 20 20 40 46.716     172.7
255
2013 04 20 19 02  4.093     2013 04 20 19 03 36.934      92.8
256
2013 04 20 10 43 45.888     2013 04 20 10 46 48.041     182.2
2013 04 20 20 44 44.871     2013 04 20 20 47 22.622     157.8
257
2013 04 20 10 45 36.409     2013 04 20 10 49  3.325     206.9
258
2013 04 20 10 38 44.871     2013 04 20 10 41 37.618     172.7
2013 04 20 22 23 25.892     2013 04 20 22 26 55.500     209.6
259
2013 04 20 10 47 43.029     2013 04 20 10 50 46.962     183.9
2013 04 20 19 05 11.293     2013 04 20 19 08 22.658     191.4
260
2013 04 20 10 46 57.850     2013 04 20 10 50 23.602     205.8
261
2013 04 20 12 26  7.676     2013 04 20 12 29 50.121     222.4
2013 04 20 14 03 52.893     2013 04 20 14 05 14.932      82.0
2013 04 20 18 59 46.548     2013 04 20 19 02 22.481     155.9
262
2013 04 20 10 39 13.869     2013 04 20 10 42 48.082     214.2
263
264
2013 04 20 22 11 20.539     2013 04 20 22 14 34.460     193.9
265
2013 04 20 12 22 59.642     2013 04 20 12 23 51.107      51.5
2013 04 20 20 40 16.337     2013 04 20 20 42 59.981     163.6
266
2013 04 20 12 16 37.226     2013 04 20 12 16 46.159       8.9
2013 04 20 22 20 24.112     2013 04 20 22 22 57.406     153.3
267
268
269
2013 04 20 20 37 17.495     2013 04 20 20 40 22.016     184.5
270
2013 04 20 00 19  1.450     2013 04 20 00 21 37.105     155.7
271
272
2013 04 20 10 47 27.263     2013 04 20 10 50 40.443     193.2
2013 04 20 19 06 16.545     2013 04 20 19 07  8.292      51.7
273
2013 04 20 12 18 37.541     2013 04 20 12 21 23.603     166.1
2013 04 20 22 17 59.302     2013 04 20 22 20 30.893     151.6
274
2013 04 20 12 24  9.142     2013 04 20 12 27 25.142     196.0
2013 04 20 20 37 38.989     2013 04 20 20 40 46.134     187.1
275
2013 04 20 20 40 38.042     2013 04 20 20 43 29.830     171.8
276
2013 04 20 10 44 38.166     2013 04 20 10 47 25.821     167.7
2013 04 20 20 43 55.816     2013 04 20 20 47  8.116     192.3
277
278
2013 04 20 22 15 51.000     2013 04 20 22 18 28.529     157.5
279
2013 04 20 00 22 19.292     2013 04 20 00 25 19.642     180.3
2013 04 20 12 12 18.778     2013 04 20 12 14 52.265     153.5
280
2013 04 20 12 27 40.579     2013 04 20 12 30 34.998     174.4
2013 04 20 19 01 28.729     2013 04 20 19 04 30.901     182.2
281
2013 04 20 10 47 33.298     2013 04 20 10 50 11.519     158.2
2013 04 20 19 07 17.698     2013 04 20 19 08 17.853      60.2
282
2013 04 20 20 48 13.823     2013 04 20 20 50 48.775     155.0
283
2013 04 20 12 28 14.129     2013 04 20 12 30 52.195     158.1
2013 04 20 17 22 51.907     2013 04 20 17 23 34.254      42.3
2013 04 20 19 00 48.995     2013 04 20 19 04 31.014     222.0
284
2013 04 20 10 38 58.288     2013 04 20 10 42  5.575     187.3
2013 04 20 22 22 55.490     2013 04 20 22 24 16.883      81.4
285
2013 04 20 10 44 11.908     2013 04 20 10 47 58.962     227.1
2013 04 20 20 42 30.973     2013 04 20 20 45  5.768     154.8
286
287
2013 04 20 12 23  5.814     2013 04 20 12 25 54.945     169.1
2013 04 20 20 39 34.891     2013 04 20 20 42  8.863     154.0
288
2013 04 20 12 27 44.824     2013 04 20 12 30 39.121     174.3
2013 04 20 17 22  3.098     2013 04 20 17 25 52.746     229.6
2013 04 20 19 00 10.175     2013 04 20 19 03 29.811     199.6
289
2013 04 20 14 01  8.590     2013 04 20 14 04 45.367     216.8
2013 04 20 15 38 55.381     2013 04 20 15 42 38.926     223.5
2013 04 20 20 34 19.671     2013 04 20 20 36 59.893     160.2
290
2013 04 20 00 19 16.015     2013 04 20 00 21 55.841     159.8
291
2013 04 20 22 16 32.631     2013 04 20 22 19 38.443     185.8
292
2013 04 20 13 58 40.233     2013 04 20 14 01 32.799     172.6
2013 04 20 22 12 31.495     2013 04 20 22 15 32.734     181.2
293
2013 04 20 12 21 48.433     2013 04 20 12 24 50.786     182.4
294
2013 04 20 10 47 15.671     2013 04 20 10 50  9.902     174.2
295
2013 04 20 20 41 16.785     2013 04 20 20 43 51.823     155.0
296
2013 04 20 10 42 45.091     2013 04 20 10 45 24.914     159.8
2013 04 20 20 43 45.094     2013 04 20 20 47 16.262     211.2
297
2013 04 20 13 55 40.897     2013 04 20 13 58 15.811     154.9
298
2013 04 20 13 56 47.564     2013 04 20 14 00 30.345     222.8
2013 04 20 22 14 45.469     2013 04 20 22 17 24.319     158.8
299
2013 04 20 13 56 25.147     2013 04 20 13 59   .242     155.1
2013 04 20 22 16 58.432     2013 04 20 22 17 11.328      12.9
