s3
0
2013 04 20 10 33 57.092     2013 04 20 10 36 33.655     156.6
1
2013 04 20 22 13 33.550     2013 04 20 22 13 38.366       4.8
2
2013 04 20 12 04 42.698     2013 04 20 12 08  2.610     199.9
2013 04 20 22 08 36.992     2013 04 20 22 11 14.144     157.2
3
2013 04 20 22 04 26.769     2013 04 20 22 07 39.721     193.0
4
2013 04 20 13 45 23.366     2013 04 20 13 48  1.689     158.3
2013 04 20 22 02 33.903     2013 04 20 22 05 11.960     158.1
5
2013 04 20 12 12 26.084     2013 04 20 12 15  4.075     158.0
6
7
2013 04 20 12 02 54.495     2013 04 20 12 05 48.666     174.2
8
9
2013 04 20 10 25 26.749     2013 04 20 10 28 11.597     164.8
2013 04 20 22 12 44.017     2013 04 20 22 16 14.264     210.2
10
2013 04 20 22 08 33.880     2013 04 20 22 11 51.927     198.0
11
2013 04 20 13 47 40.368     2013 04 20 13 50 53.371     193.0
2013 04 20 20 24 20.209     2013 04 20 20 27 52.613     212.4
12
2013 04 20 10 28 58.628     2013 04 20 10 31 57.029     178.4
13
2013 04 20 22 00 11.809     2013 04 20 22 03 21.010     189.2
14
2013 04 20 00 07  8.618     2013 04 20 00 09 53.563     164.9
2013 04 20 11 59 21.117     2013 04 20 12 02 11.228     170.1
15
2013 04 20 20 28 46.353     2013 04 20 20 32 10.136     203.8
16
2013 04 20 12 01 12.378     2013 04 20 12 03 50.474     158.1
17
2013 04 20 12 10 44.547     2013 04 20 12 13 20.763     156.2
2013 04 20 20 27 39.760     2013 04 20 20 30 18.187     158.4
18
2013 04 20 10 25  9.476     2013 04 20 10 28 49.797     220.3
2013 04 20 22 12  5.981     2013 04 20 22 15 16.778     190.8
19
2013 04 20 12 14 34.231     2013 04 20 12 17 34.232     180.0
2013 04 20 18 48 33.984     2013 04 20 18 51 33.507     179.5
20
2013 04 20 13 47 13.570     2013 04 20 13 50 48.998     215.4
2013 04 20 20 22 20.983     2013 04 20 20 25 54.192     213.2
21
2013 04 20 12 15 11.122     2013 04 20 12 15 40.258      29.1
2013 04 20 20 25 12.853     2013 04 20 20 26 33.054      80.2
22
23
2013 04 20 10 31 36.646     2013 04 20 10 32 12.320      35.7
2013 04 20 20 30 42.589     2013 04 20 20 33 46.790     184.2
24
2013 04 20 12 01  6.405     2013 04 20 12 01 14.262       7.9
25
2013 04 20 12 01 55.644     2013 04 20 12 04 46.034     170.4
26
2013 04 20 12 01  4.014     2013 04 20 12 04 30.569     206.6
27
2013 04 20 20 37 42.713     2013 04 20 20 40 42.759     180.0
28
2013 04 20 12 05 37.281     2013 04 20 12 08 19.209     161.9
2013 04 20 22 07  6.100     2013 04 20 22 09 43.362     157.3
29
2013 04 20 10 31 15.533     2013 04 20 10 32  3.759      48.2
30
2013 04 20 20 29 19.725     2013 04 20 20 32 45.512     205.8
31
2013 04 20 13 48 33.036     2013 04 20 13 51 30.728     177.7
2013 04 20 20 24 37.332     2013 04 20 20 27 20.184     162.9
32
2013 04 20 22 11 31.024     2013 04 20 22 14 31.187     180.2
33
2013 04 20 12 09 31.119     2013 04 20 12 12 17.564     166.4
2013 04 20 20 27 55.790     2013 04 20 20 31 15.235     199.4
34
2013 04 20 10 32 29.824     2013 04 20 10 35 12.391     162.6
35
2013 04 20 10 32 57.870     2013 04 20 10 36 10.382     192.5
36
2013 04 20 00 07 18.287     2013 04 20 00 07 25.692       7.4
2013 04 20 11 59 50.505     2013 04 20 12 02 57.599     187.1
37
2013 04 20 10 32 51.886     2013 04 20 10 35 29.850     158.0
38
39
2013 04 20 22 05 26.939     2013 04 20 22 08  4.390     157.5
40
2013 04 20 12 01  6.496     2013 04 20 12 04 41.371     214.9
41
2013 04 20 10 25   .345     2013 04 20 10 28 39.959     219.6
2013 04 20 22 12 15.507     2013 04 20 22 15 17.577     182.1
42
2013 04 20 10 28 31.619     2013 04 20 10 31 34.561     182.9
2013 04 20 20 37  3.666     2013 04 20 20 37 42.915      39.2
43
2013 04 20 20 34 43.531     2013 04 20 20 38 30.238     226.7
44
45
2013 04 20 12 09 32.011     2013 04 20 12 12 51.886     199.9
2013 04 20 20 26 29.417     2013 04 20 20 29 46.715     197.3
46
2013 04 20 15 23 57.995     2013 04 20 15 27  5.792     187.8
2013 04 20 17 01 39.880     2013 04 20 17 02   .722      20.8
2013 04 20 21 57 54.689     2013 04 20 22 00 54.819     180.1
47
2013 04 20 13 49 54.094     2013 04 20 13 53 10.579     196.5
2013 04 20 20 24 34.674     2013 04 20 20 28 17.071     222.4
48
2013 04 20 10 35 38.941     2013 04 20 10 39  6.406     207.5
2013 04 20 18 51 49.851     2013 04 20 18 54 27.894     158.0
49
2013 04 20 15 25 21.906     2013 04 20 15 28 36.253     194.3
2013 04 20 20 21 34.753     2013 04 20 20 24 56.039     201.3
50
2013 04 20 12 03 22.214     2013 04 20 12 07  3.266     221.1
2013 04 20 22 09   .204     2013 04 20 22 12 16.296     196.1
51
2013 04 20 12 10 24.805     2013 04 20 12 13   .896     156.1
2013 04 20 20 27 36.688     2013 04 20 20 30 17.490     160.8
52
2013 04 20 13 51  5.249     2013 04 20 13 53 43.683     158.4
2013 04 20 18 46 32.187     2013 04 20 18 49 22.074     169.9
53
2013 04 20 10 29 11.980     2013 04 20 10 31 48.756     156.8
2013 04 20 20 35 58.335     2013 04 20 20 36 37.102      38.8
54
2013 04 20 12 14 14.965     2013 04 20 12 16 52.244     157.3
2013 04 20 18 49 16.293     2013 04 20 18 51 54.808     158.5
55
2013 04 20 22 11 30.299     2013 04 20 22 14  7.826     157.5
56
57
2013 04 20 10 32 25.209     2013 04 20 10 35 54.679     209.5
58
2013 04 20 10 26 31.095     2013 04 20 10 27  9.315      38.2
59
60
2013 04 20 22 15  1.360     2013 04 20 22 15 26.564      25.2
61
2013 04 20 12 15 40.465     2013 04 20 12 18 36.324     175.9
2013 04 20 17 11 32.738     2013 04 20 17 15 14.123     221.4
62
63
2013 04 20 12 08 20.895     2013 04 20 12 11  6.763     165.9
64
65
2013 04 20 15 24  9.536     2013 04 20 15 26 48.612     159.1
2013 04 20 21 58 56.564     2013 04 20 22 01 47.181     170.6
66
2013 04 20 12 17 21.020     2013 04 20 12 17 36.915      15.9
2013 04 20 13 51 51.788     2013 04 20 13 55 14.505     202.7
2013 04 20 18 47 51.543     2013 04 20 18 50 32.419     160.9
67
68
2013 04 20 15 24  9.188     2013 04 20 15 27 53.657     224.5
2013 04 20 21 59 47.714     2013 04 20 22 03  5.215     197.5
69
2013 04 20 20 25 36.331     2013 04 20 20 29  6.370     210.0
70
2013 04 20 10 33 23.506     2013 04 20 10 36 19.624     176.1
71
2013 04 20 12 12 16.821     2013 04 20 12 15  1.243     164.4
72
2013 04 20 15 24 34.946     2013 04 20 15 27 34.067     179.1
2013 04 20 21 59 10.199     2013 04 20 22 02 37.627     207.4
73
2013 04 20 12 14 41.266     2013 04 20 12 18  3.067     201.8
2013 04 20 18 50  9.334     2013 04 20 18 53 15.170     185.8
74
2013 04 20 10 25 22.899     2013 04 20 10 26  5.445      42.5
75
76
2013 04 20 12 09 38.031     2013 04 20 12 12 53.235     195.2
2013 04 20 20 28 32.875     2013 04 20 20 31 23.631     170.8
77
2013 04 20 12 11 34.522     2013 04 20 12 14 11.686     157.2
2013 04 20 20 27  1.289     2013 04 20 20 30 17.449     196.2
78
2013 04 20 12 10  4.085     2013 04 20 12 13 21.583     197.5
2013 04 20 20 28 35.859     2013 04 20 20 31 13.741     157.9
79
2013 04 20 22 04 22.691     2013 04 20 22 07 11.424     168.7
80
81
2013 04 20 22 05 45.323     2013 04 20 22 08 42.928     177.6
82
2013 04 20 20 29 11.552     2013 04 20 20 29 20.720       9.2
83
2013 04 20 12 13 30.699     2013 04 20 12 16 57.462     206.8
2013 04 20 18 50 13.773     2013 04 20 18 53   .542     166.8
84
2013 04 20 12 09 48.636     2013 04 20 12 10  8.330      19.7
2013 04 20 20 29  5.846     2013 04 20 20 31 46.143     160.3
85
2013 04 20 15 25 13.160     2013 04 20 15 28  9.580     176.4
2013 04 20 20 21  6.604     2013 04 20 20 24 41.374     214.8
86
2013 04 20 22 09 52.843     2013 04 20 22 12 55.003     182.2
87
2013 04 20 10 27 15.479     2013 04 20 10 29 50.339     154.9
88
2013 04 20 15 23  5.746     2013 04 20 15 26 15.085     189.3
2013 04 20 21 59 28.664     2013 04 20 22 02 15.559     166.9
89
2013 04 20 20 35 15.086     2013 04 20 20 38  8.232     173.1
90
2013 04 20 20 29 58.004     2013 04 20 20 33 20.245     202.2
91
2013 04 20 10 35 42.208     2013 04 20 10 38 19.380     157.2
2013 04 20 18 52 46.173     2013 04 20 18 55 26.710     160.5
92
2013 04 20 18 50 59.786     2013 04 20 18 53 57.268     177.5
93
2013 04 20 00 02  3.487     2013 04 20 00 05 12.543     189.1
2013 04 20 13 39 59.461     2013 04 20 13 43 45.948     226.5
2013 04 20 23 43  3.178     2013 04 20 23 46 11.960     188.8
94
2013 04 20 20 32 27.466     2013 04 20 20 33 43.473      76.0
95
2013 04 20 12 01 56.279     2013 04 20 12 02 36.410      40.1
96
97
98
2013 04 20 13 51 27.357     2013 04 20 13 54 32.036     184.7
2013 04 20 18 47 24.262     2013 04 20 18 50  4.870     160.6
99
2013 04 20 20 29 13.540     2013 04 20 20 29 29.161      15.6
100
2013 04 20 20 36 28.460     2013 04 20 20 39 20.167     171.7
101
2013 04 20 12 11 22.298     2013 04 20 12 13 59.531     157.2
2013 04 20 20 27 24.537     2013 04 20 20 30 29.646     185.1
102
2013 04 20 13 48 43.204     2013 04 20 13 52 10.512     207.3
2013 04 20 20 25  5.665     2013 04 20 20 27 44.215     158.6
103
2013 04 20 13 43  2.238     2013 04 20 13 45 58.436     176.2
104
2013 04 20 12 02 30.574     2013 04 20 12 05 33.492     182.9
105
2013 04 20 10 25 13.469     2013 04 20 10 28 33.142     199.7
2013 04 20 22 12 20.961     2013 04 20 22 15 34.052     193.1
106
107
108
2013 04 20 13 51   .332     2013 04 20 13 54 35.696     215.4
2013 04 20 18 47 32.142     2013 04 20 18 50 26.074     173.9
109
2013 04 20 10 27 32.469     2013 04 20 10 31 17.524     225.1
110
2013 04 20 13 43 59.331     2013 04 20 13 47 46.863     227.5
2013 04 20 22 00 51.348     2013 04 20 22 04 16.837     205.5
111
2013 04 20 22 11 20.483     2013 04 20 22 14 56.393     215.9
112
113
2013 04 20 13 46 56.622     2013 04 20 13 49 37.349     160.7
2013 04 20 22 01   .169     2013 04 20 22 01 15.413      15.2
114
2013 04 20 10 27 23.923     2013 04 20 10 30 32.180     188.3
115
116
2013 04 20 10 40 25.084     2013 04 20 10 40 33.143       8.1
2013 04 20 18 50 49.737     2013 04 20 18 54  8.532     198.8
117
2013 04 20 10 40 15.485     2013 04 20 10 40 36.525      21.0
2013 04 20 18 50 47.223     2013 04 20 18 54 13.997     206.8
118
2013 04 20 10 33 23.098     2013 04 20 10 36 52.212     209.1
119
2013 04 20 13 48 38.095     2013 04 20 13 51 40.414     182.3
2013 04 20 20 24 43.878     2013 04 20 20 27 23.842     160.0
120
2013 04 20 12 12  2.521     2013 04 20 12 15  7.801     185.3
121
2013 04 20 12 12 27.670     2013 04 20 12 13 54.266      86.6
2013 04 20 18 49 55.434     2013 04 20 18 53 44.212     228.8
122
2013 04 20 20 35 23.274     2013 04 20 20 38 28.371     185.1
123
124
2013 04 20 13 47  8.529     2013 04 20 13 47 22.138      13.6
125
2013 04 20 15 25 20.268     2013 04 20 15 28  2.824     162.6
2013 04 20 20 20 57.093     2013 04 20 20 24 19.970     202.9
126
127
128
2013 04 20 20 36 28.062     2013 04 20 20 39 17.792     169.7
129
2013 04 20 10 30 11.183     2013 04 20 10 32 47.265     156.1
2013 04 20 20 33  4.728     2013 04 20 20 35 52.950     168.2
130
131
2013 04 20 20 37 12.338     2013 04 20 20 39 51.753     159.4
132
2013 04 20 10 25 18.207     2013 04 20 10 28  4.754     166.5
2013 04 20 22 13 22.332     2013 04 20 22 14 18.285      56.0
133
2013 04 20 12 01 36.695     2013 04 20 12 05 12.474     215.8
134
2013 04 20 12 04 49.776     2013 04 20 12 05 34.409      44.6
135
2013 04 20 13 49 44.928     2013 04 20 13 53 34.272     229.3
2013 04 20 20 24 53.803     2013 04 20 20 28 43.380     229.6
136
137
2013 04 20 13 42 50.702     2013 04 20 13 46 38.372     227.7
138
2013 04 20 20 36 24.095     2013 04 20 20 39 33.949     189.9
139
2013 04 20 12 12 26.076     2013 04 20 12 15 57.573     211.5
2013 04 20 18 47 34.529     2013 04 20 18 51 16.624     222.1
140
2013 04 20 15 25 29.416     2013 04 20 15 28 21.561     172.1
2013 04 20 20 21 19.419     2013 04 20 20 24 33.160     193.7
141
2013 04 20 13 41 54.273     2013 04 20 13 45  2.186     187.9
142
2013 04 20 00 02 15.355     2013 04 20 00 05 26.380     191.0
2013 04 20 13 38 41.186     2013 04 20 13 41 45.798     184.6
2013 04 20 23 43 14.730     2013 04 20 23 46 26.093     191.4
143
2013 04 20 13 44 36.497     2013 04 20 13 47 19.697     163.2
2013 04 20 22 01 53.313     2013 04 20 22 05   .082     186.8
144
2013 04 20 22 04 19.718     2013 04 20 22 05 45.517      85.8
145
146
2013 04 20 13 47 20.119     2013 04 20 13 50  3.459     163.3
147
2013 04 20 10 27 19.884     2013 04 20 10 28 22.416      62.5
2013 04 20 22 12 29.172     2013 04 20 22 15  9.801     160.6
148
2013 04 20 13 42 59.661     2013 04 20 13 46 13.039     193.4
149
2013 04 20 15 25 34.189     2013 04 20 15 28 16.427     162.2
2013 04 20 20 21 10.923     2013 04 20 20 24 17.224     186.3
150
2013 04 20 12 15 15.205     2013 04 20 12 18 42.657     207.5
2013 04 20 17 15 41.951     2013 04 20 17 15 49.260       7.3
2013 04 20 18 49 52.245     2013 04 20 18 51 17.297      85.1
151
2013 04 20 12 10  8.541     2013 04 20 12 12 45.899     157.4
2013 04 20 20 27 48.012     2013 04 20 20 30 36.456     168.4
152
2013 04 20 00 05 26.680     2013 04 20 00 09 16.115     229.4
2013 04 20 12 00 27.550     2013 04 20 12 03 53.307     205.8
153
2013 04 20 12 08  7.107     2013 04 20 12 11 54.091     227.0
154
2013 04 20 10 27 32.658     2013 04 20 10 30  8.468     155.8
155
2013 04 20 12 13 29.423     2013 04 20 12 16 46.946     197.5
2013 04 20 18 50  4.627     2013 04 20 18 52 55.309     170.7
156
157
2013 04 20 12 05 11.107     2013 04 20 12 07 53.281     162.2
2013 04 20 22 07 58.548     2013 04 20 22 10 36.193     157.6
158
2013 04 20 10 30  1.238     2013 04 20 10 30 33.816      32.6
2013 04 20 20 34  1.821     2013 04 20 20 36 56.164     174.3
159
160
2013 04 20 12 12 13.415     2013 04 20 12 14 51.009     157.6
2013 04 20 20 26 24.012     2013 04 20 20 26 35.452      11.4
161
2013 04 20 12 02 43.341     2013 04 20 12 05 43.481     180.1
162
2013 04 20 00 04 31.106     2013 04 20 00 07 22.836     171.7
2013 04 20 23 45 30.756     2013 04 20 23 48 22.292     171.5
163
2013 04 20 13 49 23.003     2013 04 20 13 52 16.822     173.8
2013 04 20 20 24 34.621     2013 04 20 20 27 26.915     172.3
164
2013 04 20 20 36 20.424     2013 04 20 20 39 11.143     170.7
165
2013 04 20 12 12 43.477     2013 04 20 12 16  1.372     197.9
2013 04 20 18 47 52.318     2013 04 20 18 51 20.405     208.1
166
2013 04 20 12 03 40.309     2013 04 20 12 06 43.509     183.2
2013 04 20 22 08 26.011     2013 04 20 22 11 59.110     213.1
167
168
2013 04 20 12 04 17.226     2013 04 20 12 07 20.184     183.0
2013 04 20 22 08 30.147     2013 04 20 22 11 23.884     173.7
169
2013 04 20 13 46 47.247     2013 04 20 13 49 31.483     164.2
2013 04 20 22 01  2.668     2013 04 20 22 02 19.285      76.6
170
171
172
2013 04 20 13 50 21.419     2013 04 20 13 52 58.849     157.4
2013 04 20 18 45 43.053     2013 04 20 18 49 15.946     212.9
2013 04 20 20 23 29.575     2013 04 20 20 24  7.738      38.2
173
2013 04 20 13 47 14.932     2013 04 20 13 50 42.184     207.3
2013 04 20 20 22 23.419     2013 04 20 20 26  1.939     218.5
174
2013 04 20 10 27 29.064     2013 04 20 10 30 13.678     164.6
175
2013 04 20 00 00   .000     2013 04 20 00 00 43.785      43.8
2013 04 20 13 41 50.162     2013 04 20 13 44 26.025     155.9
2013 04 20 23 40 58.509     2013 04 20 23 41 45.131      46.6
176
177
2013 04 20 12 12 41.308     2013 04 20 12 15 18.066     156.8
2013 04 20 18 52 36.429     2013 04 20 18 52 39.977       3.5
178
2013 04 20 12 00 52.436     2013 04 20 12 03 33.372     160.9
179
2013 04 20 12 14 18.063     2013 04 20 12 17 43.133     205.1
2013 04 20 13 52 14.302     2013 04 20 13 56  3.466     229.2
2013 04 20 17 13 19.498     2013 04 20 17 13 35.326      15.8
2013 04 20 18 48 14.306     2013 04 20 18 51 12.768     178.5
180
2013 04 20 08 53  5.426     2013 04 20 08 54 23.586      78.2
2013 04 20 20 37  5.814     2013 04 20 20 40 22.047     196.2
181
2013 04 20 13 44 10.414     2013 04 20 13 46 57.903     167.5
2013 04 20 22 02 39.267     2013 04 20 22 06  3.962     204.7
182
2013 04 20 12 08  2.790     2013 04 20 12 10 41.934     159.1
183
184
2013 04 20 20 37 13.665     2013 04 20 20 40 11.701     178.0
185
2013 04 20 12 02  5.221     2013 04 20 12 04 45.610     160.4
186
2013 04 20 13 44 41.378     2013 04 20 13 44 46.768       5.4
2013 04 20 22 03 47.403     2013 04 20 22 06 33.997     166.6
187
2013 04 20 12 12 17.630     2013 04 20 12 14 57.119     159.5
188
189
2013 04 20 10 31 38.653     2013 04 20 10 35  7.365     208.7
2013 04 20 20 31  1.186     2013 04 20 20 34  2.967     181.8
190
2013 04 20 12 01 23.175     2013 04 20 12 04 24.982     181.8
191
2013 04 20 10 30 49.541     2013 04 20 10 33 52.571     183.0
2013 04 20 20 31 57.071     2013 04 20 20 34 34.659     157.6
192
2013 04 20 13 42 25.560     2013 04 20 13 45 14.750     169.2
193
194
2013 04 20 20 29 12.856     2013 04 20 20 29 17.306       4.4
195
2013 04 20 12 03 41.893     2013 04 20 12 05 38.724     116.8
2013 04 20 22 09  8.051     2013 04 20 22 11 58.772     170.7
196
2013 04 20 10 35 17.337     2013 04 20 10 35 19.895       2.6
2013 04 20 20 30 47.214     2013 04 20 20 33 30.934     163.7
197
2013 04 20 12 06 55.150     2013 04 20 12 09 33.088     157.9
2013 04 20 22 06 12.807     2013 04 20 22 09 50.288     217.5
198
2013 04 20 12 11 53.511     2013 04 20 12 15 18.072     204.6
199
2013 04 20 13 44 15.646     2013 04 20 13 47 58.278     222.6
2013 04 20 22 03 37.829     2013 04 20 22 06 21.059     163.2
200
2013 04 20 12 04 31.921     2013 04 20 12 07 20.301     168.4
2013 04 20 22 07   .285     2013 04 20 22 10 23.164     202.9
201
2013 04 20 12 03 17.417     2013 04 20 12 06 31.514     194.1
2013 04 20 22 08 32.731     2013 04 20 22 12 23.711     231.0
202
2013 04 20 20 35 23.371     2013 04 20 20 38 21.024     177.7
203
2013 04 20 10 25 43.017     2013 04 20 10 28 18.266     155.2
2013 04 20 22 12 41.676     2013 04 20 22 13 51.075      69.4
204
2013 04 20 22 03 50.673     2013 04 20 22 07  6.884     196.2
205
2013 04 20 22 09 38.542     2013 04 20 22 12 35.122     176.6
206
2013 04 20 20 34 13.126     2013 04 20 20 34 35.804      22.7
207
2013 04 20 13 45  8.537     2013 04 20 13 48 14.604     186.1
2013 04 20 22 01 35.056     2013 04 20 22 04 13.919     158.9
208
2013 04 20 13 46  6.532     2013 04 20 13 49 46.551     220.0
2013 04 20 22 00 33.415     2013 04 20 22 03 59.713     206.3
209
2013 04 20 12 14 53.441     2013 04 20 12 18 32.991     219.6
2013 04 20 18 50 11.063     2013 04 20 18 53 42.736     211.7
210
2013 04 20 10 24  7.442     2013 04 20 10 27 21.882     194.4
2013 04 20 22 13 16.665     2013 04 20 22 15 53.958     157.3
211
2013 04 20 13 48 26.622     2013 04 20 13 51 22.461     175.8
2013 04 20 20 23 23.730     2013 04 20 20 26  5.794     162.1
212
213
2013 04 20 12 00 12.679     2013 04 20 12 03 50.302     217.6
214
2013 04 20 20 35 27.841     2013 04 20 20 38 58.516     210.7
215
2013 04 20 13 49 32.416     2013 04 20 13 50  6.225      33.8
2013 04 20 22 00 13.792     2013 04 20 22 03 46.127     212.3
216
2013 04 20 12 11 46.793     2013 04 20 12 14 58.639     191.8
2013 04 20 20 25 57.427     2013 04 20 20 29 43.941     226.5
217
2013 04 20 20 29 42.760     2013 04 20 20 32 24.098     161.3
218
2013 04 20 10 36 54.542     2013 04 20 10 37 41.254      46.7
219
2013 04 20 12 09 45.676     2013 04 20 12 12 25.690     160.0
2013 04 20 20 27 49.263     2013 04 20 20 30 57.127     187.9
220
2013 04 20 12 11 19.234     2013 04 20 12 12 41.860      82.6
2013 04 20 20 27 54.294     2013 04 20 20 27 59.170       4.9
221
2013 04 20 12 04  9.037     2013 04 20 12 07 29.923     200.9
2013 04 20 22 08 45.883     2013 04 20 22 11 34.107     168.2
222
2013 04 20 12 00 53.145     2013 04 20 12 03 44.919     171.8
223
224
225
2013 04 20 22 11 35.677     2013 04 20 22 14 17.770     162.1
226
2013 04 20 20 29  7.151     2013 04 20 20 32 30.429     203.3
227
2013 04 20 12 13 12.731     2013 04 20 12 16 54.598     221.9
2013 04 20 18 50 17.440     2013 04 20 18 53 13.954     176.5
228
2013 04 20 10 33 38.218     2013 04 20 10 37  6.679     208.5
229
230
2013 04 20 10 26 40.078     2013 04 20 10 29 34.168     174.1
231
2013 04 20 10 35 32.983     2013 04 20 10 36  2.249      29.3
2013 04 20 20 30  9.894     2013 04 20 20 33 40.117     210.2
232
2013 04 20 10 28 26.730     2013 04 20 10 29 12.017      45.3
233
2013 04 20 12 13 46.196     2013 04 20 12 17 28.724     222.5
2013 04 20 13 51 51.759     2013 04 20 13 55 35.694     223.9
2013 04 20 18 48  7.979     2013 04 20 18 50 50.258     162.3
234
2013 04 20 20 39 25.616     2013 04 20 20 39 42.664      17.0
235
2013 04 20 10 33 53.245     2013 04 20 10 36 29.473     156.2
236
2013 04 20 22 04 44.133     2013 04 20 22 08  6.475     202.3
237
2013 04 20 12 05 46.755     2013 04 20 12 08 22.241     155.5
2013 04 20 22 07 17.718     2013 04 20 22 09 56.785     159.1
238
2013 04 20 13 42 11.677     2013 04 20 13 45 52.464     220.8
239
2013 04 20 20 30 41.590     2013 04 20 20 33 25.820     164.2
240
2013 04 20 13 47 30.558     2013 04 20 13 50 53.273     202.7
2013 04 20 20 22 37.606     2013 04 20 20 25 57.376     199.8
241
2013 04 20 13 47 47.175     2013 04 20 13 50 25.353     158.2
2013 04 20 20 23 33.800     2013 04 20 20 27 14.880     221.1
242
2013 04 20 22 10 58.224     2013 04 20 22 14 32.767     214.5
243
2013 04 20 12 04 14.519     2013 04 20 12 07  1.088     166.6
2013 04 20 22 06 58.527     2013 04 20 22 10 44.018     225.5
244
2013 04 20 12 12 39.953     2013 04 20 12 15 32.010     172.1
2013 04 20 18 52 48.883     2013 04 20 18 53  7.347      18.5
245
2013 04 20 10 34 44.471     2013 04 20 10 37 20.374     155.9
2013 04 20 18 52 41.219     2013 04 20 18 56 18.224     217.0
246
2013 04 20 00 01 40.896     2013 04 20 00 04 34.394     173.5
2013 04 20 13 39 27.452     2013 04 20 13 42  5.844     158.4
2013 04 20 23 42 40.315     2013 04 20 23 45 34.065     173.8
247
2013 04 20 12 01 40.765     2013 04 20 12 04 42.046     181.3
248
2013 04 20 10 29 10.786     2013 04 20 10 32 49.063     218.3
2013 04 20 20 34 37.426     2013 04 20 20 35 26.806      49.4
249
2013 04 20 12 08  2.282     2013 04 20 12 08 25.164      22.9
2013 04 20 20 32 30.877     2013 04 20 20 32 52.656      21.8
250
2013 04 20 12 13  1.045     2013 04 20 12 16 22.606     201.6
2013 04 20 18 48  4.772     2013 04 20 18 51  7.499     182.7
251
2013 04 20 10 31 51.275     2013 04 20 10 34 31.120     159.8
2013 04 20 20 31 45.298     2013 04 20 20 34 57.109     191.8
252
2013 04 20 00 01 34.916     2013 04 20 00 05 18.534     223.6
2013 04 20 13 40 27.531     2013 04 20 13 44 14.146     226.6
2013 04 20 23 42 34.653     2013 04 20 23 46 17.909     223.3
253
2013 04 20 12 09 33.743     2013 04 20 12 12 58.383     204.6
2013 04 20 20 28 40.301     2013 04 20 20 31 29.648     169.3
254
2013 04 20 20 25 42.765     2013 04 20 20 29 15.562     212.8
255
2013 04 20 12 14 41.130     2013 04 20 12 18 20.476     219.3
2013 04 20 18 50 17.778     2013 04 20 18 53 32.357     194.6
256
2013 04 20 10 30 26.718     2013 04 20 10 33  1.564     154.8
2013 04 20 20 32 53.566     2013 04 20 20 35 35.585     162.0
257
2013 04 20 10 32 25.436     2013 04 20 10 35  8.024     162.6
258
2013 04 20 10 27 59.260     2013 04 20 10 28 39.955      40.7
2013 04 20 22 12 15.732     2013 04 20 22 15  2.491     166.8
259
2013 04 20 10 34 24.252     2013 04 20 10 37  1.043     156.8
2013 04 20 18 55 59.275     2013 04 20 18 56 42.060      42.8
260
261
2013 04 20 13 51  4.903     2013 04 20 13 54 36.004     211.1
2013 04 20 18 47 32.286     2013 04 20 18 50 23.190     170.9
262
2013 04 20 10 26  7.233     2013 04 20 10 28 47.865     160.6
263
264
2013 04 20 15 23 42.309     2013 04 20 15 27 31.512     229.2
2013 04 20 22 00   .817     2013 04 20 22 02 51.330     170.5
265
2013 04 20 12 10  7.442     2013 04 20 12 13 17.278     189.8
2013 04 20 20 28 30.000     2013 04 20 20 31  8.087     158.1
266
2013 04 20 12 03 53.524     2013 04 20 12 06 57.920     184.4
2013 04 20 22 08 29.916     2013 04 20 22 11 45.610     195.7
267
268
269
2013 04 20 20 25  4.474     2013 04 20 20 28 51.806     227.3
270
2013 04 20 00 03  1.329     2013 04 20 00 06 45.404     224.1
2013 04 20 13 37 19.526     2013 04 20 13 37 35.507      16.0
2013 04 20 23 44   .656     2013 04 20 23 47 45.163     224.5
271
2013 04 20 10 26 58.666     2013 04 20 10 30  8.809     190.1
272
2013 04 20 10 37 26.755     2013 04 20 10 37 40.252      13.5
273
2013 04 20 12 04 56.122     2013 04 20 12 08 35.832     219.7
2013 04 20 22 06 16.181     2013 04 20 22 09  8.013     171.8
274
2013 04 20 12 14  2.060     2013 04 20 12 14 37.648      35.6
2013 04 20 20 26  1.732     2013 04 20 20 28 46.909     165.2
275
2013 04 20 12 09 51.411     2013 04 20 12 13 40.354     228.9
2013 04 20 20 28 56.136     2013 04 20 20 31 33.988     157.9
276
2013 04 20 10 31 10.988     2013 04 20 10 33 48.263     157.3
2013 04 20 20 32 22.791     2013 04 20 20 35  3.989     161.2
277
278
2013 04 20 22 04 16.662     2013 04 20 22 06 57.343     160.7
279
2013 04 20 00 07  5.968     2013 04 20 00 09 44.415     158.4
2013 04 20 11 58 42.318     2013 04 20 12 01 55.807     193.5
280
2013 04 20 12 14 33.218     2013 04 20 12 17 13.050     159.8
2013 04 20 18 49 32.681     2013 04 20 18 52 17.413     164.7
281
2013 04 20 10 33 59.631     2013 04 20 10 36 42.376     162.7
282
2013 04 20 20 35 59.644     2013 04 20 20 39 24.802     205.2
283
2013 04 20 12 15   .362     2013 04 20 12 17 38.852     158.5
2013 04 20 18 49   .028     2013 04 20 18 52 12.682     192.7
284
2013 04 20 22 11 49.098     2013 04 20 22 14 44.849     175.8
285
2013 04 20 20 30 36.734     2013 04 20 20 33 21.077     164.3
286
2013 04 20 00 04  4.485     2013 04 20 00 07  9.205     184.7
2013 04 20 23 45  4.170     2013 04 20 23 48  8.626     184.5
287
2013 04 20 12 09 57.234     2013 04 20 12 12 33.254     156.0
2013 04 20 20 27 30.864     2013 04 20 20 30 32.374     181.5
288
2013 04 20 12 14 19.582     2013 04 20 12 17 41.289     201.7
2013 04 20 13 52 12.994     2013 04 20 13 56  6.050     233.1
2013 04 20 17 13 30.249     2013 04 20 17 13 38.482       8.2
2013 04 20 18 48 16.895     2013 04 20 18 51 14.879     178.0
289
2013 04 20 15 26 22.374     2013 04 20 15 29 46.260     203.9
2013 04 20 20 22 31.518     2013 04 20 20 25 10.042     158.5
290
2013 04 20 00 03 46.420     2013 04 20 00 06 35.356     168.9
2013 04 20 23 44 45.849     2013 04 20 23 47 35.023     169.2
291
2013 04 20 22 07 41.838     2013 04 20 22 08 33.341      51.5
292
2013 04 20 13 45 24.635     2013 04 20 13 48 56.408     211.8
2013 04 20 22 01  9.088     2013 04 20 22 03 51.407     162.3
293
2013 04 20 12 08  8.655     2013 04 20 12 08 16.265       7.6
294
2013 04 20 10 33 20.235     2013 04 20 10 37  5.646     225.4
295
2013 04 20 20 29  8.802     2013 04 20 20 32 19.164     190.4
296
2013 04 20 10 28 47.614     2013 04 20 10 32 18.815     211.2
297
2013 04 20 13 42 29.628     2013 04 20 13 45 31.490     181.9
298
2013 04 20 13 44 10.416     2013 04 20 13 47  7.404     177.0
2013 04 20 22 02 53.061     2013 04 20 22 06  8.826     195.8
299
2013 04 20 13 43 20.279     2013 04 20 13 46  9.201     168.9
