s5
0
2013 04 20 10 10 15.833     2013 04 20 10 13 37.761     201.9
1
2013 04 20 11 39 20.859     2013 04 20 11 41 58.138     157.3
2
2013 04 20 11 41 30.517     2013 04 20 11 44 11.035     160.5
2013 04 20 21 45 59.783     2013 04 20 21 47 18.933      79.2
3
2013 04 20 13 21 16.101     2013 04 20 13 21 50.109      34.0
2013 04 20 21 40 13.834     2013 04 20 21 42 54.143     160.3
4
2013 04 20 13 21 29.973     2013 04 20 13 24 38.839     188.9
2013 04 20 21 37 42.317     2013 04 20 21 41  1.767     199.4
5
2013 04 20 11 48 34.933     2013 04 20 11 52  3.288     208.4
2013 04 20 20 02 40.862     2013 04 20 20 05 47.475     186.6
6
2013 04 20 10 09 21.967     2013 04 20 10 12 23.273     181.3
2013 04 20 20 08 47.393     2013 04 20 20 09 51.821      64.4
7
2013 04 20 11 39 18.760     2013 04 20 11 42 21.177     182.4
8
2013 04 20 10 07 48.017     2013 04 20 10 11 35.581     227.6
2013 04 20 20 10 20.488     2013 04 20 20 13 10.807     170.3
9
2013 04 20 21 48 34.815     2013 04 20 21 51 16.767     162.0
10
2013 04 20 11 42 14.772     2013 04 20 11 44 54.231     159.5
2013 04 20 21 44 19.129     2013 04 20 21 47  3.523     164.4
11
2013 04 20 13 24 18.478     2013 04 20 13 26 55.262     156.8
12
13
2013 04 20 14 58 50.322     2013 04 20 15 02  9.762     199.4
14
2013 04 20 23 23  1.656     2013 04 20 23 26 31.804     210.1
15
2013 04 20 11 47 36.078     2013 04 20 11 50 35.174     179.1
2013 04 20 20 04 51.938     2013 04 20 20 07 28.297     156.4
16
2013 04 20 11 37 12.431     2013 04 20 11 40 47.029     214.6
2013 04 20 23 23  9.933     2013 04 20 23 26  9.863     179.9
17
2013 04 20 11 46 55.179     2013 04 20 11 50 15.175     200.0
2013 04 20 20 03  1.007     2013 04 20 20 06 15.883     194.9
18
2013 04 20 21 47 41.244     2013 04 20 21 50 35.098     173.9
19
2013 04 20 11 50 41.511     2013 04 20 11 50 58.650      17.1
2013 04 20 13 28 47.020     2013 04 20 13 32 24.406     217.4
2013 04 20 18 24 39.317     2013 04 20 18 27 16.874     157.6
20
2013 04 20 15 01 32.098     2013 04 20 15 05 10.068     218.0
2013 04 20 21 35 55.681     2013 04 20 21 39 37.411     221.7
21
2013 04 20 13 26 22.101     2013 04 20 13 29 46.940     204.8
2013 04 20 20 01 32.770     2013 04 20 20 04 23.034     170.3
22
2013 04 20 21 40  6.307     2013 04 20 21 42 59.688     173.4
23
2013 04 20 20 06 31.265     2013 04 20 20 09 17.906     166.6
24
2013 04 20 11 38 23.494     2013 04 20 11 40 58.287     154.8
25
2013 04 20 23 21 49.973     2013 04 20 23 25 11.609     201.6
26
2013 04 20 11 37 54.911     2013 04 20 11 40 35.166     160.3
2013 04 20 23 23 20.924     2013 04 20 23 24 43.196      82.3
27
28
2013 04 20 21 41 56.422     2013 04 20 21 42 31.467      35.0
29
30
2013 04 20 11 47  6.692     2013 04 20 11 50 50.636     223.9
2013 04 20 20 05 26.017     2013 04 20 20 08  2.320     156.3
31
2013 04 20 13 25  3.889     2013 04 20 13 27 42.070     158.2
2013 04 20 19 59 53.230     2013 04 20 20 03 22.749     209.5
32
33
2013 04 20 11 45 56.970     2013 04 20 11 48 53.167     176.2
34
2013 04 20 10 08 56.831     2013 04 20 10 12  5.813     189.0
2013 04 20 20 08  2.819     2013 04 20 20 10 47.122     164.3
35
2013 04 20 10 09 53.207     2013 04 20 10 12 33.118     159.9
2013 04 20 20 07 45.922     2013 04 20 20 11 31.003     225.1
36
2013 04 20 11 36 25.736     2013 04 20 11 39 18.255     172.5
2013 04 20 23 24 26.917     2013 04 20 23 27   .419     153.5
37
2013 04 20 10 09 11.882     2013 04 20 10 12 31.312     199.4
2013 04 20 20 07 40.458     2013 04 20 20 10 37.969     177.5
38
2013 04 20 11 37 32.557     2013 04 20 11 37 45.365      12.8
39
2013 04 20 21 40 23.717     2013 04 20 21 44  2.788     219.1
40
2013 04 20 23 21 50.939     2013 04 20 23 24 30.983     160.0
41
2013 04 20 21 47 42.140     2013 04 20 21 50 44.270     182.1
42
2013 04 20 10 05 15.217     2013 04 20 10 08  7.721     172.5
43
2013 04 20 10 05  8.237     2013 04 20 10 07 47.308     159.1
44
2013 04 20 11 43 57.969     2013 04 20 11 47  6.231     188.3
2013 04 20 21 43 19.103     2013 04 20 21 43 39.383      20.3
45
46
2013 04 20 15 03 44.935     2013 04 20 15 03 55.626      10.7
2013 04 20 16 37 57.992     2013 04 20 16 41 24.871     206.9
2013 04 20 21 33 40.266     2013 04 20 21 36 17.885     157.6
47
2013 04 20 13 26 32.275     2013 04 20 13 29 12.628     160.4
2013 04 20 20 00 48.759     2013 04 20 20 03 34.302     165.5
48
2013 04 20 18 27 18.978     2013 04 20 18 30 37.912     198.9
49
2013 04 20 15 01 48.706     2013 04 20 15 04 29.942     161.2
2013 04 20 20 00 40.364     2013 04 20 20 00 57.720      17.4
2013 04 20 21 35  6.003     2013 04 20 21 38 40.011     214.0
50
2013 04 20 11 40 22.716     2013 04 20 11 42 57.822     155.1
51
2013 04 20 11 46 30.759     2013 04 20 11 50   .331     209.6
2013 04 20 20 02 42.876     2013 04 20 20 06 27.479     224.6
52
2013 04 20 13 27 23.996     2013 04 20 13 30 12.609     168.6
2013 04 20 15 04 48.100     2013 04 20 15 05   .623      12.5
2013 04 20 18 22  7.117     2013 04 20 18 25 27.085     200.0
2013 04 20 19 59 36.352     2013 04 20 20 00 16.002      39.6
53
2013 04 20 10 09  8.280     2013 04 20 10 09 16.548       8.3
54
2013 04 20 11 50 32.916     2013 04 20 11 53 42.853     189.9
2013 04 20 18 24 57.618     2013 04 20 18 27 56.067     178.4
55
2013 04 20 21 50 14.794     2013 04 20 21 50 21.351       6.6
56
2013 04 20 10 03 29.186     2013 04 20 10 06 40.017     190.8
57
2013 04 20 10 09 30.443     2013 04 20 10 12  6.147     155.7
2013 04 20 20 08 19.400     2013 04 20 20 11 38.458     199.1
58
2013 04 20 10 03 53.574     2013 04 20 10 06 27.384     153.8
59
2013 04 20 11 43 45.810     2013 04 20 11 46 56.890     191.1
2013 04 20 21 43 32.800     2013 04 20 21 44 50.527      77.7
60
61
2013 04 20 11 52 21.221     2013 04 20 11 54 58.801     157.6
2013 04 20 18 25 50.454     2013 04 20 18 28 59.102     188.6
62
2013 04 20 13 11 43.948     2013 04 20 13 15  9.444     205.5
63
2013 04 20 11 44 43.863     2013 04 20 11 47 44.477     180.6
2013 04 20 21 41 34.490     2013 04 20 21 41 57.190      22.7
64
2013 04 20 13 13 24.100     2013 04 20 13 16 25.230     181.1
65
2013 04 20 15 00 16.174     2013 04 20 15 03  8.346     172.2
2013 04 20 21 34 34.511     2013 04 20 21 37 15.133     160.6
66
2013 04 20 13 28 28.071     2013 04 20 13 31 17.926     169.9
2013 04 20 18 23 42.279     2013 04 20 18 26 27.188     164.9
67
2013 04 20 13 18 15.347     2013 04 20 13 21 35.304     200.0
2013 04 20 23 18 11.551     2013 04 20 23 19  8.367      56.8
68
2013 04 20 15 00 44.152     2013 04 20 15 03 35.766     171.6
2013 04 20 21 35 41.887     2013 04 20 21 38 19.301     157.4
69
2013 04 20 13 23 46.737     2013 04 20 13 27 36.225     229.5
70
2013 04 20 20 06 24.779     2013 04 20 20 09 44.608     199.8
71
2013 04 20 11 48 45.733     2013 04 20 11 51 36.001     170.3
2013 04 20 20 03 15.838     2013 04 20 20 06 19.617     183.8
72
2013 04 20 15 00 56.964     2013 04 20 15 03 34.381     157.4
2013 04 20 21 35  8.705     2013 04 20 21 37 49.198     160.5
73
2013 04 20 11 51 31.440     2013 04 20 11 54 12.601     161.2
2013 04 20 18 26 17.427     2013 04 20 18 28 54.620     157.2
74
2013 04 20 10 02 45.125     2013 04 20 10 05 18.681     153.6
2013 04 20 21 49 42.858     2013 04 20 21 53  2.979     200.1
75
2013 04 20 23 20 54.901     2013 04 20 23 23 55.749     180.8
76
2013 04 20 11 46 26.301     2013 04 20 11 49  3.539     157.2
77
2013 04 20 11 47 41.500     2013 04 20 11 51 11.742     210.2
2013 04 20 20 03  3.815     2013 04 20 20 05 40.519     156.7
78
2013 04 20 11 46 53.848     2013 04 20 11 49 30.390     156.5
2013 04 20 20 03 46.296     2013 04 20 20 07 20.051     213.8
79
2013 04 20 13 21 14.032     2013 04 20 13 24 45.566     211.5
2013 04 20 21 39 47.272     2013 04 20 21 42 46.038     178.8
80
2013 04 20 10 03 40.129     2013 04 20 10 07   .669     200.5
81
82
2013 04 20 13 23 24.507     2013 04 20 13 27  1.172     216.7
2013 04 20 21 38 51.185     2013 04 20 21 39  9.002      17.8
83
2013 04 20 11 50 23.525     2013 04 20 11 53  3.556     160.0
2013 04 20 18 25 34.887     2013 04 20 18 29 16.704     221.8
84
2013 04 20 11 46 57.582     2013 04 20 11 49 44.176     166.6
2013 04 20 20 04 28.762     2013 04 20 20 07 41.592     192.8
85
2013 04 20 15 01 34.042     2013 04 20 15 04 11.611     157.6
2013 04 20 21 34 57.175     2013 04 20 21 38 11.122     193.9
86
2013 04 20 11 40  4.810     2013 04 20 11 42 56.569     171.8
87
2013 04 20 10 03 16.616     2013 04 20 10 03 25.152       8.5
2013 04 20 21 47 40.961     2013 04 20 21 51 26.333     225.4
88
2013 04 20 14 59 32.202     2013 04 20 15 02  9.166     157.0
2013 04 20 21 34 29.925     2013 04 20 21 38 11.310     221.4
89
2013 04 20 10 06 18.651     2013 04 20 10 09 57.145     218.5
2013 04 20 20 10 44.707     2013 04 20 20 13 53.275     188.6
90
2013 04 20 11 44 56.120     2013 04 20 11 46 46.053     109.9
91
2013 04 20 10 11 54.784     2013 04 20 10 15 33.081     218.3
2013 04 20 18 28  3.639     2013 04 20 18 31 45.820     222.2
92
2013 04 20 11 49 45.921     2013 04 20 11 53 20.307     214.4
2013 04 20 18 30   .311     2013 04 20 18 30 20.723      20.4
93
2013 04 20 13 16 52.872     2013 04 20 13 19 27.361     154.5
2013 04 20 23 18 30.594     2013 04 20 23 21 20.987     170.4
94
2013 04 20 11 44 32.698     2013 04 20 11 48 21.062     228.4
95
2013 04 20 11 39  8.247     2013 04 20 11 41 42.150     153.9
96
2013 04 20 13 17 33.889     2013 04 20 13 20 19.658     165.8
2013 04 20 23 18 44.852     2013 04 20 23 21 24.741     159.9
97
2013 04 20 23 20 52.173     2013 04 20 23 23 41.432     169.3
98
2013 04 20 13 28   .751     2013 04 20 13 30 40.617     159.9
2013 04 20 18 23  3.040     2013 04 20 18 26  8.032     185.0
99
2013 04 20 13 23 18.452     2013 04 20 13 27 10.357     231.9
2013 04 20 21 38 57.693     2013 04 20 21 39   .100       2.4
100
2013 04 20 20 11 54.750     2013 04 20 20 15  7.690     192.9
101
2013 04 20 11 47 38.279     2013 04 20 11 50 48.502     190.2
2013 04 20 20 03 19.314     2013 04 20 20 05 58.898     159.6
102
2013 04 20 13 25 25.664     2013 04 20 13 28  6.854     161.2
2013 04 20 20 00 34.183     2013 04 20 20 03 37.161     183.0
103
2013 04 20 23 15 22.293     2013 04 20 23 18 54.884     212.6
104
2013 04 20 23 20 56.539     2013 04 20 23 21 22.236      25.7
105
2013 04 20 21 47 58.109     2013 04 20 21 50 50.357     172.2
106
2013 04 20 23 21 23.520     2013 04 20 23 23 59.002     155.5
107
2013 04 20 13 22 49.552     2013 04 20 13 25 48.500     178.9
2013 04 20 21 39 11.726     2013 04 20 21 42  2.242     170.5
108
2013 04 20 13 27 40.252     2013 04 20 13 30 34.043     173.8
2013 04 20 18 23   .808     2013 04 20 18 26 35.656     214.8
109
2013 04 20 10 04 45.283     2013 04 20 10 07 19.830     154.5
110
111
112
2013 04 20 11 38 35.810     2013 04 20 11 41 12.422     156.6
113
2013 04 20 13 22 50.937     2013 04 20 13 26 31.723     220.8
2013 04 20 21 37 15.918     2013 04 20 21 40  8.629     172.7
114
2013 04 20 10 04 11.406     2013 04 20 10 07   .969     169.6
115
2013 04 20 10 02 40.757     2013 04 20 10 05 50.146     189.4
116
2013 04 20 11 51 20.112     2013 04 20 11 54 48.971     208.9
2013 04 20 18 27  4.566     2013 04 20 18 29 41.695     157.1
117
2013 04 20 11 51 25.092     2013 04 20 11 54 55.639     210.5
2013 04 20 18 27  5.821     2013 04 20 18 29 44.162     158.3
118
2013 04 20 20 05 50.104     2013 04 20 20 09 17.146     207.0
119
2013 04 20 13 25 11.414     2013 04 20 13 27 48.701     157.3
2013 04 20 20 00  3.460     2013 04 20 20 03 23.719     200.3
120
2013 04 20 11 48 46.639     2013 04 20 11 51 24.334     157.7
2013 04 20 20 03 39.325     2013 04 20 20 06 41.498     182.2
121
2013 04 20 11 49 29.109     2013 04 20 11 52 18.253     169.1
122
2013 04 20 10 05 14.465     2013 04 20 10 08 20.245     185.8
123
2013 04 20 13 12 16.484     2013 04 20 13 12 24.013       7.5
124
2013 04 20 23 13 56.652     2013 04 20 23 14 14.847      18.2
125
2013 04 20 15 01 32.946     2013 04 20 15 04 15.876     162.9
2013 04 20 19 56 12.699     2013 04 20 19 56 17.973       5.3
2013 04 20 21 34 37.439     2013 04 20 21 37 56.476     199.0
126
2013 04 20 11 44 19.639     2013 04 20 11 47 20.597     181.0
127
2013 04 20 21 40 16.197     2013 04 20 21 43  6.115     169.9
128
129
2013 04 20 10 06 21.439     2013 04 20 10 09 56.511     215.1
130
2013 04 20 10 03 10.155     2013 04 20 10 06 38.035     207.9
131
132
2013 04 20 10 01 41.938     2013 04 20 10 04 57.329     195.4
2013 04 20 21 49 33.870     2013 04 20 21 52  7.283     153.4
133
2013 04 20 23 21 24.057     2013 04 20 23 24 26.668     182.6
134
2013 04 20 23 21  5.079     2013 04 20 23 24  7.112     182.0
135
2013 04 20 13 26 29.752     2013 04 20 13 29 26.224     176.5
2013 04 20 20 01 10.574     2013 04 20 20 03 58.000     167.4
136
2013 04 20 13 17 34.197     2013 04 20 13 18 35.608      61.4
2013 04 20 23 18 51.790     2013 04 20 23 22 33.786     222.0
137
2013 04 20 13 19 44.242     2013 04 20 13 22 20.232     156.0
138
139
2013 04 20 13 26 50.341     2013 04 20 13 30 34.890     224.5
2013 04 20 20 01 28.664     2013 04 20 20 05  3.087     214.4
140
2013 04 20 15 01 48.366     2013 04 20 15 04 26.304     157.9
2013 04 20 19 56 35.420     2013 04 20 19 57 34.432      59.0
2013 04 20 21 34 45.350     2013 04 20 21 38 20.242     214.9
141
2013 04 20 13 18 25.319     2013 04 20 13 21  8.915     163.6
2013 04 20 23 17 24.991     2013 04 20 23 20 24.854     179.9
142
2013 04 20 13 15  6.134     2013 04 20 13 17 57.365     171.2
143
2013 04 20 13 23 47.536     2013 04 20 13 24 23.771      36.2
144
2013 04 20 21 40 31.859     2013 04 20 21 43  9.229     157.4
145
2013 04 20 21 45 14.759     2013 04 20 21 46 21.048      66.3
146
2013 04 20 13 23 38.239     2013 04 20 13 26 29.289     171.1
2013 04 20 21 37 34.225     2013 04 20 21 41  1.477     207.3
147
2013 04 20 21 47 25.755     2013 04 20 21 51  5.626     219.9
148
2013 04 20 23 15  5.798     2013 04 20 23 18 38.574     212.8
149
2013 04 20 15 01 46.899     2013 04 20 15 04 29.625     162.7
2013 04 20 19 56 29.748     2013 04 20 20 00 15.273     225.5
2013 04 20 21 34 29.785     2013 04 20 21 38  8.780     219.0
150
2013 04 20 11 52  5.905     2013 04 20 11 54 51.153     165.2
2013 04 20 18 26 21.022     2013 04 20 18 29 13.960     172.9
151
2013 04 20 11 46 22.148     2013 04 20 11 49 36.069     193.9
2013 04 20 20 06 27.937     2013 04 20 20 06 53.383      25.4
152
2013 04 20 23 22 20.200     2013 04 20 23 24 55.701     155.5
153
2013 04 20 21 40  6.934     2013 04 20 21 43 39.151     212.2
154
2013 04 20 10 03 38.371     2013 04 20 10 07 20.297     221.9
2013 04 20 21 47 22.520     2013 04 20 21 47 26.291       3.8
155
2013 04 20 11 50 19.242     2013 04 20 11 52 56.992     157.7
2013 04 20 18 25 23.669     2013 04 20 18 29 12.852     229.2
156
2013 04 20 11 42 35.972     2013 04 20 11 45 49.403     193.4
2013 04 20 21 44 38.757     2013 04 20 21 47 19.692     160.9
157
2013 04 20 11 41 23.464     2013 04 20 11 44 39.692     196.2
2013 04 20 21 46  3.531     2013 04 20 21 46 44.839      41.3
158
2013 04 20 10 07 23.330     2013 04 20 10 09 59.141     155.8
2013 04 20 20 09 34.712     2013 04 20 20 12 38.953     184.2
159
160
2013 04 20 11 48 22.135     2013 04 20 11 51 50.014     207.9
2013 04 20 20 02 50.216     2013 04 20 20 05 43.370     173.2
161
2013 04 20 11 39 13.480     2013 04 20 11 42  9.823     176.3
162
2013 04 20 23 20 36.357     2013 04 20 23 23 50.254     193.9
163
2013 04 20 13 25 52.211     2013 04 20 13 28 30.700     158.5
2013 04 20 20 00 23.591     2013 04 20 20 03  3.889     160.3
164
165
2013 04 20 13 26 57.074     2013 04 20 13 28 39.799     102.7
2013 04 20 20 01 28.176     2013 04 20 20 03 34.910     126.7
166
2013 04 20 11 40 14.107     2013 04 20 11 43  6.393     172.3
167
2013 04 20 13 23 10.504     2013 04 20 13 24 36.056      85.6
2013 04 20 21 39  5.762     2013 04 20 21 39 34.930      29.2
168
2013 04 20 11 40 51.395     2013 04 20 11 43 42.950     171.6
169
2013 04 20 13 22 38.390     2013 04 20 13 26 29.685     231.3
2013 04 20 21 37 14.022     2013 04 20 21 39 59.984     166.0
170
2013 04 20 13 23  6.509     2013 04 20 13 26 16.862     190.4
2013 04 20 21 39  4.026     2013 04 20 21 42 21.370     197.3
171
2013 04 20 11 37 34.515     2013 04 20 11 41  2.342     207.8
172
2013 04 20 13 26 34.481     2013 04 20 13 29 34.585     180.1
2013 04 20 18 25 21.011     2013 04 20 18 25 23.656       2.6
2013 04 20 19 59 48.557     2013 04 20 20 02 51.633     183.1
173
2013 04 20 15 01 25.931     2013 04 20 15 05 13.623     227.7
2013 04 20 21 36  3.152     2013 04 20 21 39 41.631     218.5
174
2013 04 20 10 03 51.607     2013 04 20 10 07  8.200     196.6
175
2013 04 20 13 17 42.449     2013 04 20 13 21 14.971     212.5
2013 04 20 23 17  3.712     2013 04 20 23 19 39.716     156.0
176
2013 04 20 23 20 49.424     2013 04 20 23 23 39.404     170.0
177
2013 04 20 11 48 58.071     2013 04 20 11 52  7.861     189.8
2013 04 20 20 02 41.672     2013 04 20 20 06  9.302     207.6
178
2013 04 20 23 22 58.022     2013 04 20 23 25 33.123     155.1
179
2013 04 20 13 28 51.696     2013 04 20 13 32  2.860     191.2
2013 04 20 18 24 19.182     2013 04 20 18 26 56.824     157.6
180
2013 04 20 20 12 56.486     2013 04 20 20 15 45.457     169.0
181
2013 04 20 13 20 26.944     2013 04 20 13 23 22.466     175.5
182
2013 04 20 11 47 17.138     2013 04 20 11 47 56.131      39.0
2013 04 20 21 41 27.878     2013 04 20 21 44 41.989     194.1
183
2013 04 20 13 19  9.286     2013 04 20 13 21 58.825     169.5
184
185
2013 04 20 11 38 10.543     2013 04 20 11 41 37.248     206.7
2013 04 20 23 22 13.291     2013 04 20 23 22 29.179      15.9
186
2013 04 20 13 21 41.291     2013 04 20 13 24 30.415     169.1
2013 04 20 21 39 10.612     2013 04 20 21 42 10.307     179.7
187
2013 04 20 11 48 23.883     2013 04 20 11 51 59.375     215.5
2013 04 20 20 02 41.891     2013 04 20 20 05 39.493     177.6
188
2013 04 20 23 20 37.174     2013 04 20 23 23 18.304     161.1
189
2013 04 20 20 06 47.124     2013 04 20 20 09 36.268     169.1
190
2013 04 20 11 37 54.024     2013 04 20 11 40 50.229     176.2
2013 04 20 23 23  2.923     2013 04 20 23 25 34.406     151.5
191
2013 04 20 20 06 56.043     2013 04 20 20 07  6.088      10.0
192
2013 04 20 23 16  4.642     2013 04 20 23 18 55.628     171.0
193
2013 04 20 11 37 39.717     2013 04 20 11 40 20.459     160.7
2013 04 20 23 24   .613     2013 04 20 23 24 20.797      20.2
194
2013 04 20 20 05 42.758     2013 04 20 20 08 27.315     164.6
195
2013 04 20 11 40 47.120     2013 04 20 11 43 21.285     154.2
196
2013 04 20 20 06 12.362     2013 04 20 20 09 23.262     190.9
197
2013 04 20 11 46 16.564     2013 04 20 11 46 48.094      31.5
2013 04 20 21 42 14.024     2013 04 20 21 44 49.599     155.6
198
2013 04 20 11 48 46.639     2013 04 20 11 51 23.588     156.9
2013 04 20 20 03 52.726     2013 04 20 20 06 57.445     184.7
199
2013 04 20 13 21  6.642     2013 04 20 13 23 43.448     156.8
2013 04 20 21 41 43.832     2013 04 20 21 42 27.903      44.1
200
201
2013 04 20 11 40   .016     2013 04 20 11 42 45.027     165.0
202
2013 04 20 10 06  9.472     2013 04 20 10 07 14.068      64.6
2013 04 20 20 10 58.001     2013 04 20 20 14  1.192     183.2
203
2013 04 20 10 05 30.958     2013 04 20 10 05 44.150      13.2
2013 04 20 21 48 51.812     2013 04 20 21 51 25.495     153.7
204
2013 04 20 13 21 51.943     2013 04 20 13 25  7.879     195.9
2013 04 20 21 39 40.868     2013 04 20 21 42 19.219     158.4
205
2013 04 20 11 40 22.386     2013 04 20 11 43  4.280     161.9
206
207
2013 04 20 21 36 38.123     2013 04 20 21 40  8.419     210.3
208
2013 04 20 15 00 19.381     2013 04 20 15 01 33.045      73.7
2013 04 20 21 36 31.741     2013 04 20 21 39  9.379     157.6
209
2013 04 20 11 51 47.067     2013 04 20 11 54 37.271     170.2
2013 04 20 18 26 31.505     2013 04 20 18 29 12.335     160.8
210
2013 04 20 21 51 53.435     2013 04 20 21 52  6.241      12.8
211
2013 04 20 13 24 20.573     2013 04 20 13 24 26.413       5.8
2013 04 20 15 02 16.110     2013 04 20 15 02 49.082      33.0
2013 04 20 19 58 45.610     2013 04 20 20 02  3.863     198.3
212
2013 04 20 13 13 32.502     2013 04 20 13 16 23.196     170.7
213
2013 04 20 11 37 10.867     2013 04 20 11 39 47.483     156.6
2013 04 20 23 24 14.457     2013 04 20 23 27 16.931     182.5
214
2013 04 20 10 04 44.671     2013 04 20 10 07 57.922     193.3
215
2013 04 20 15 00 36.244     2013 04 20 15 04  7.813     211.6
2013 04 20 21 36 14.745     2013 04 20 21 38 54.152     159.4
216
2013 04 20 20 02 14.137     2013 04 20 20 04 56.762     162.6
217
2013 04 20 11 46 30.011     2013 04 20 11 49 58.321     208.3
2013 04 20 20 05  6.286     2013 04 20 20 08 18.612     192.3
218
2013 04 20 20 05   .931     2013 04 20 20 05 44.503      43.6
219
2013 04 20 11 46  3.635     2013 04 20 11 49 10.449     186.8
220
2013 04 20 11 48 22.611     2013 04 20 11 51  7.775     165.2
2013 04 20 20 04 23.033     2013 04 20 20 07 11.582     168.5
221
2013 04 20 11 40 57.183     2013 04 20 11 43 37.817     160.6
222
2013 04 20 23 22 42.361     2013 04 20 23 25 16.973     154.6
223
2013 04 20 10 03 44.667     2013 04 20 10 06 20.580     155.9
224
2013 04 20 13 16 57.257     2013 04 20 13 17  8.483      11.2
2013 04 20 23 19 27.987     2013 04 20 23 22 37.459     189.5
225
2013 04 20 21 46 36.260     2013 04 20 21 50  9.994     213.7
226
2013 04 20 11 47 18.522     2013 04 20 11 50 41.980     203.5
2013 04 20 20 05 12.108     2013 04 20 20 07 48.698     156.6
227
2013 04 20 11 50  9.870     2013 04 20 11 52 54.864     165.0
2013 04 20 18 25 32.260     2013 04 20 18 25 35.569       3.3
228
2013 04 20 20 05 34.859     2013 04 20 20 09 22.588     227.7
229
2013 04 20 13 18 38.119     2013 04 20 13 19 53.364      75.2
230
2013 04 20 10 03 13.539     2013 04 20 10 06 17.203     183.7
2013 04 20 21 48 28.081     2013 04 20 21 52  5.176     217.1
231
2013 04 20 20 06 18.100     2013 04 20 20 08 54.106     156.0
232
233
2013 04 20 13 28 30.106     2013 04 20 13 31 34.706     184.6
2013 04 20 18 24   .153     2013 04 20 18 26 43.838     163.7
234
2013 04 20 10 04  5.010     2013 04 20 10 07 25.743     200.7
235
2013 04 20 10 10   .993     2013 04 20 10 13 45.959     225.0
2013 04 20 20 06 25.122     2013 04 20 20 06 55.397      30.3
236
2013 04 20 21 40 37.382     2013 04 20 21 43 14.972     157.6
237
2013 04 20 11 44 32.359     2013 04 20 11 45 33.603      61.2
2013 04 20 21 42 18.493     2013 04 20 21 45 50.749     212.3
238
2013 04 20 23 15 22.292     2013 04 20 23 18  9.961     167.7
239
2013 04 20 20 06  7.785     2013 04 20 20 09 17.278     189.5
240
2013 04 20 15 01 39.541     2013 04 20 15 05 26.999     227.5
2013 04 20 21 35 54.056     2013 04 20 21 36 50.069      56.0
241
2013 04 20 13 23 58.880     2013 04 20 13 26 59.407     180.5
2013 04 20 21 37  2.088     2013 04 20 21 37 42.097      40.0
242
2013 04 20 21 46 53.311     2013 04 20 21 49 32.518     159.2
243
244
2013 04 20 11 49 16.172     2013 04 20 11 51 58.411     162.2
2013 04 20 20 03  3.497     2013 04 20 20 06 45.426     221.9
245
2013 04 20 10 11  1.935     2013 04 20 10 14 26.933     205.0
246
2013 04 20 13 15 22.050     2013 04 20 13 18 49.872     207.8
247
2013 04 20 23 21 53.252     2013 04 20 23 24 57.869     184.6
248
249
2013 04 20 11 45 13.189     2013 04 20 11 47 54.567     161.4
250
2013 04 20 13 27 21.071     2013 04 20 13 31  4.642     223.6
2013 04 20 18 23 27.278     2013 04 20 18 27 21.254     234.0
251
2013 04 20 10 11 51.087     2013 04 20 10 11 59.222       8.1
2013 04 20 20 07 38.714     2013 04 20 20 10 22.778     164.1
252
2013 04 20 13 17 21.005     2013 04 20 13 19 55.574     154.6
2013 04 20 23 18 27.761     2013 04 20 23 21  3.131     155.4
253
2013 04 20 11 46 27.011     2013 04 20 11 49  2.877     155.9
2013 04 20 20 07 49.244     2013 04 20 20 07 49.943        .7
254
2013 04 20 13 23 38.517     2013 04 20 13 24 26.484      48.0
255
2013 04 20 11 51 35.139     2013 04 20 11 54 24.367     169.2
2013 04 20 18 26 30.606     2013 04 20 18 29  7.836     157.2
256
2013 04 20 10 06 30.428     2013 04 20 10 07 30.147      59.7
257
2013 04 20 10 08 52.333     2013 04 20 10 12  1.496     189.2
2013 04 20 20 08  5.793     2013 04 20 20 10 47.427     161.6
258
2013 04 20 21 47 23.603     2013 04 20 21 50 47.468     203.9
259
2013 04 20 10 10 44.617     2013 04 20 10 14  3.873     199.3
260
2013 04 20 20 05 20.327     2013 04 20 20 08 34.485     194.2
261
2013 04 20 13 27 44.080     2013 04 20 13 30 35.557     171.5
2013 04 20 18 23  2.448     2013 04 20 18 26 31.880     209.4
262
2013 04 20 10 02 22.489     2013 04 20 10 05 49.221     206.7
2013 04 20 21 48 56.986     2013 04 20 21 51 43.515     166.5
263
2013 04 20 10 08 31.584     2013 04 20 10 11 13.671     162.1
2013 04 20 20 09 29.185     2013 04 20 20 12 10.069     160.9
264
2013 04 20 15 00 19.029     2013 04 20 15 03 11.357     172.3
2013 04 20 21 35 36.873     2013 04 20 21 38 19.880     163.0
265
2013 04 20 11 46 52.881     2013 04 20 11 49 31.122     158.2
2013 04 20 20 03 39.573     2013 04 20 20 07 15.145     215.6
266
2013 04 20 11 40 28.585     2013 04 20 11 43 19.569     171.0
267
2013 04 20 10 09 29.385     2013 04 20 10 12 25.189     175.8
2013 04 20 20 08 38.920     2013 04 20 20 09 28.256      49.3
268
2013 04 20 11 37 13.758     2013 04 20 11 40 26.238     192.5
269
2013 04 20 13 23 51.786     2013 04 20 13 27  7.144     195.4
270
2013 04 20 13 14 24.664     2013 04 20 13 16 59.512     154.8
271
2013 04 20 10 03 47.530     2013 04 20 10 06 36.094     168.6
272
2013 04 20 20 05  3.666     2013 04 20 20 08 53.604     229.9
273
274
2013 04 20 13 25 11.661     2013 04 20 13 29   .292     228.6
2013 04 20 20 01 40.689     2013 04 20 20 04 30.860     170.2
275
2013 04 20 11 46 54.432     2013 04 20 11 49 33.311     158.9
2013 04 20 20 04 10.984     2013 04 20 20 07 36.451     205.5
276
2013 04 20 10 10 47.957     2013 04 20 10 11 13.849      25.9
2013 04 20 20 07 39.644     2013 04 20 20 11  2.746     203.1
277
2013 04 20 11 43  1.740     2013 04 20 11 43 17.542      15.8
2013 04 20 21 44 13.050     2013 04 20 21 45  5.374      52.3
278
2013 04 20 13 20 48.366     2013 04 20 13 23 52.778     184.4
2013 04 20 21 41 59.370     2013 04 20 21 43  3.258      63.9
279
280
2013 04 20 11 51  1.045     2013 04 20 11 53 51.427     170.4
2013 04 20 18 25 25.100     2013 04 20 18 28  9.935     164.8
281
2013 04 20 10 13 48.910     2013 04 20 10 14  8.541      19.6
2013 04 20 20 06  4.183     2013 04 20 20 06 17.773      13.6
282
2013 04 20 10 04 15.516     2013 04 20 10 05 37.434      81.9
283
2013 04 20 11 51 18.537     2013 04 20 11 54 30.432     191.9
2013 04 20 18 25 12.016     2013 04 20 18 27 50.498     158.5
284
2013 04 20 21 47  9.176     2013 04 20 21 50 18.171     189.0
285
286
2013 04 20 23 20 24.749     2013 04 20 23 23 22.487     177.7
287
2013 04 20 11 46  1.299     2013 04 20 11 49 34.216     212.9
288
2013 04 20 13 28 50.609     2013 04 20 13 32  4.826     194.2
2013 04 20 18 24 21.476     2013 04 20 18 26 59.109     157.6
289
2013 04 20 15 02 49.330     2013 04 20 15 05 38.736     169.4
2013 04 20 19 58  5.328     2013 04 20 20 00 59.697     174.4
290
2013 04 20 13 14 46.313     2013 04 20 13 17 45.982     179.7
291
2013 04 20 13 19  1.191     2013 04 20 13 20 50.610     109.4
292
2013 04 20 21 36 32.702     2013 04 20 21 39 29.348     176.6
293
2013 04 20 21 39 56.932     2013 04 20 21 43 34.351     217.4
294
2013 04 20 20 05 37.233     2013 04 20 20 09  5.643     208.4
295
2013 04 20 11 45 51.218     2013 04 20 11 48 38.702     167.5
296
297
2013 04 20 23 15 46.317     2013 04 20 23 18 42.038     175.7
298
2013 04 20 13 20 35.794     2013 04 20 13 23 22.020     166.2
299
2013 04 20 23 15 12.091     2013 04 20 23 16 13.435      61.3
