s4
0
2013 04 20 10 24  7.077     2013 04 20 10 26 50.278     163.2
1
2013 04 20 11 52 39.155     2013 04 20 11 56  8.206     209.1
2
2013 04 20 11 55 11.238     2013 04 20 11 57 57.586     166.3
2013 04 20 21 58 43.470     2013 04 20 22 01 33.447     170.0
3
2013 04 20 21 54 56.271     2013 04 20 21 57 39.802     163.5
4
2013 04 20 13 35 36.364     2013 04 20 13 38 16.470     160.1
2013 04 20 21 52 45.839     2013 04 20 21 55 28.673     162.8
5
2013 04 20 12 02 33.677     2013 04 20 12 05 26.035     172.4
2013 04 20 20 16 47.614     2013 04 20 20 18 18.707      91.1
6
2013 04 20 10 22 25.536     2013 04 20 10 23 18.236      52.7
7
2013 04 20 11 53 14.861     2013 04 20 11 55 51.865     157.0
8
2013 04 20 20 24 21.155     2013 04 20 20 25 28.000      66.8
9
2013 04 20 10 15 17.032     2013 04 20 10 18 44.243     207.2
2013 04 20 22 03 18.143     2013 04 20 22 06  4.819     166.7
10
2013 04 20 11 55 34.325     2013 04 20 11 59  3.615     209.3
2013 04 20 21 59  5.245     2013 04 20 22 01 47.575     162.3
11
2013 04 20 13 38  4.149     2013 04 20 13 40 56.074     171.9
2013 04 20 20 14 17.915     2013 04 20 20 14 18.795        .9
12
2013 04 20 10 18 47.322     2013 04 20 10 22 33.574     226.3
13
2013 04 20 15 12 32.286     2013 04 20 15 13 11.943      39.7
2013 04 20 21 50 10.966     2013 04 20 21 53 48.446     217.5
14
2013 04 20 00 00   .000     2013 04 20 00 00   .307        .3
2013 04 20 11 49  9.143     2013 04 20 11 52 45.926     216.8
2013 04 20 23 38 24.327     2013 04 20 23 41  1.695     157.4
15
2013 04 20 12 00 56.498     2013 04 20 12 04 44.558     228.1
2013 04 20 20 19 17.880     2013 04 20 20 22  8.890     171.0
16
2013 04 20 11 51 21.664     2013 04 20 11 54  4.530     162.9
17
2013 04 20 12 00 54.304     2013 04 20 12 03 39.066     164.8
2013 04 20 20 17 52.601     2013 04 20 20 20 33.982     161.4
18
2013 04 20 22 02 34.924     2013 04 20 22 05 12.876     158.0
19
2013 04 20 12 04 39.410     2013 04 20 12 08  1.468     202.1
2013 04 20 13 42 29.477     2013 04 20 13 43 21.659      52.2
2013 04 20 18 38 57.633     2013 04 20 18 41 42.304     164.7
20
2013 04 20 13 40 58.847     2013 04 20 13 41 23.009      24.2
2013 04 20 15 15 19.804     2013 04 20 15 15 30.386      10.6
2013 04 20 20 12 22.309     2013 04 20 20 13 13.944      51.6
21
2013 04 20 13 39 58.771     2013 04 20 13 40 59.501      60.7
2013 04 20 20 15 46.652     2013 04 20 20 19 11.316     204.7
22
2013 04 20 21 54 21.683     2013 04 20 21 58  8.956     227.3
23
2013 04 20 20 21  9.593     2013 04 20 20 23 48.278     158.7
24
2013 04 20 11 51 44.494     2013 04 20 11 55  5.192     200.7
25
2013 04 20 11 51 44.964     2013 04 20 11 55 20.872     215.9
26
2013 04 20 11 51 34.608     2013 04 20 11 54 22.689     168.1
27
2013 04 20 20 27 31.303     2013 04 20 20 31 17.936     226.6
28
2013 04 20 11 55 33.445     2013 04 20 11 58 49.245     195.8
2013 04 20 21 57 12.732     2013 04 20 22 00  3.058     170.3
29
30
2013 04 20 20 19 51.875     2013 04 20 20 22 43.303     171.4
31
2013 04 20 13 38 53.839     2013 04 20 13 41 37.445     163.6
2013 04 20 20 14 44.921     2013 04 20 20 17 41.229     176.3
32
2013 04 20 22 01 19.948     2013 04 20 22 05  6.290     226.3
33
2013 04 20 11 59 48.769     2013 04 20 12 02 26.280     157.5
2013 04 20 20 17 49.217     2013 04 20 20 17 56.037       6.8
34
2013 04 20 10 22 44.747     2013 04 20 10 25 22.851     158.1
2013 04 20 20 22  9.020     2013 04 20 20 25 47.475     218.5
35
2013 04 20 10 23 23.859     2013 04 20 10 26  8.782     164.9
36
2013 04 20 00 00   .000     2013 04 20 00 01 18.414      78.4
2013 04 20 11 50 15.681     2013 04 20 11 52 55.172     159.5
2013 04 20 23 38 59.754     2013 04 20 23 42 19.660     199.9
37
2013 04 20 10 23  3.217     2013 04 20 10 25 44.399     161.2
2013 04 20 20 21 41.426     2013 04 20 20 22 29.846      48.4
38
39
2013 04 20 21 55 35.643     2013 04 20 21 58 22.820     167.2
40
2013 04 20 23 36 15.242     2013 04 20 23 39 57.364     222.1
41
2013 04 20 22 02 41.233     2013 04 20 22 05 16.813     155.6
42
2013 04 20 10 18 55.396     2013 04 20 10 21 34.070     158.7
43
2013 04 20 10 18 15.400     2013 04 20 10 21 48.268     212.9
44
2013 04 20 11 57 10.029     2013 04 20 11 57 26.852      16.8
45
2013 04 20 12 02 27.743     2013 04 20 12 03 27.961      60.2
2013 04 20 20 16 25.450     2013 04 20 20 20 16.290     230.8
46
2013 04 20 15 14  2.639     2013 04 20 15 17 34.450     211.8
2013 04 20 16 52   .811     2013 04 20 16 55 53.006     232.2
2013 04 20 21 48 18.629     2013 04 20 21 51  3.868     165.2
47
2013 04 20 13 40 16.456     2013 04 20 13 43 15.104     178.6
2013 04 20 20 15  6.102     2013 04 20 20 18 19.326     193.2
48
2013 04 20 10 29  9.459     2013 04 20 10 29 42.256      32.8
2013 04 20 18 42   .404     2013 04 20 18 44 45.840     165.4
49
2013 04 20 15 15 43.524     2013 04 20 15 18 42.023     178.5
2013 04 20 20 11 38.776     2013 04 20 20 15 19.026     220.2
50
2013 04 20 11 53 55.174     2013 04 20 11 56 53.116     177.9
2013 04 20 22 02 21.350     2013 04 20 22 02 53.387      32.0
51
2013 04 20 12 00 32.420     2013 04 20 12 03 21.455     169.0
2013 04 20 20 17 42.062     2013 04 20 20 20 39.685     177.6
52
2013 04 20 13 41 19.984     2013 04 20 13 43 59.097     159.1
2013 04 20 18 36 41.350     2013 04 20 18 39 41.817     180.5
53
2013 04 20 10 19 10.035     2013 04 20 10 22 15.450     185.4
54
2013 04 20 12 04 25.833     2013 04 20 12 07 11.359     165.5
2013 04 20 18 39 30.381     2013 04 20 18 42 10.705     160.3
55
2013 04 20 22 01 32.510     2013 04 20 22 04 30.353     177.8
56
57
2013 04 20 10 22 54.684     2013 04 20 10 25 48.924     174.2
58
2013 04 20 10 17  7.826     2013 04 20 10 20 20.484     192.7
59
2013 04 20 11 56 57.051     2013 04 20 11 57  2.087       5.0
60
61
2013 04 20 12 05 59.985     2013 04 20 12 08 44.720     164.7
2013 04 20 17 01 35.649     2013 04 20 17 02  1.974      26.3
2013 04 20 18 39 51.586     2013 04 20 18 43 37.862     226.3
62
63
2013 04 20 11 58 38.076     2013 04 20 12 01 15.479     157.4
64
2013 04 20 13 26 40.615     2013 04 20 13 26 51.846      11.2
65
2013 04 20 15 14 24.488     2013 04 20 15 17  3.323     158.8
2013 04 20 21 49 18.304     2013 04 20 21 51 57.321     159.0
66
2013 04 20 13 42 12.408     2013 04 20 13 45 20.821     188.4
2013 04 20 18 38  8.724     2013 04 20 18 40 46.412     157.7
67
68
2013 04 20 15 14 33.903     2013 04 20 15 17 54.753     200.8
2013 04 20 21 50 16.152     2013 04 20 21 53  9.521     173.4
69
2013 04 20 20 18 52.708     2013 04 20 20 19 35.954      43.2
70
2013 04 20 10 23 18.433     2013 04 20 10 26 52.946     214.5
71
2013 04 20 12 02 33.880     2013 04 20 12 05 11.836     158.0
2013 04 20 20 17 22.164     2013 04 20 20 19  5.681     103.5
72
2013 04 20 15 14 55.497     2013 04 20 15 17 41.557     166.1
2013 04 20 21 49 39.709     2013 04 20 21 52 41.608     181.9
73
2013 04 20 12 05  4.415     2013 04 20 12 08  6.224     181.8
2013 04 20 18 40 35.173     2013 04 20 18 43 21.243     166.1
74
2013 04 20 10 15 59.730     2013 04 20 10 19 11.045     191.3
75
76
2013 04 20 12 00  3.939     2013 04 20 12 02 52.465     168.5
2013 04 20 20 18 32.005     2013 04 20 20 21 50.800     198.8
77
2013 04 20 12 01 41.790     2013 04 20 12 04 33.431     171.6
2013 04 20 20 17 30.486     2013 04 20 20 20 19.494     169.0
78
2013 04 20 12 00 30.182     2013 04 20 12 03 20.678     170.5
2013 04 20 20 18 44.248     2013 04 20 20 21 33.045     168.8
79
2013 04 20 21 54 43.527     2013 04 20 21 57 19.364     155.8
80
81
2013 04 20 21 55 39.352     2013 04 20 21 59 14.153     214.8
82
83
2013 04 20 12 03 55.409     2013 04 20 12 06 58.564     183.2
2013 04 20 18 40 19.035     2013 04 20 18 43 23.116     184.1
84
2013 04 20 12 00 20.332     2013 04 20 12 03 50.401     210.1
2013 04 20 20 19 20.742     2013 04 20 20 21 59.496     158.8
85
2013 04 20 15 15 32.959     2013 04 20 15 18 18.148     165.2
2013 04 20 20 11 10.147     2013 04 20 20 15  4.293     234.1
2013 04 20 21 49 17.096     2013 04 20 21 51  1.485     104.4
86
2013 04 20 11 53 15.607     2013 04 20 11 54 29.209      73.6
2013 04 20 21 59 42.017     2013 04 20 22 03 29.972     228.0
87
2013 04 20 10 17 19.448     2013 04 20 10 20  9.915     170.5
88
2013 04 20 15 13 28.681     2013 04 20 15 16 19.242     170.6
2013 04 20 21 49 34.396     2013 04 20 21 52 38.195     183.8
89
2013 04 20 20 25 37.050     2013 04 20 20 28 11.970     154.9
90
2013 04 20 20 23 21.833     2013 04 20 20 23 54.475      32.6
91
2013 04 20 10 25 47.709     2013 04 20 10 28 42.177     174.5
2013 04 20 18 42 51.766     2013 04 20 18 45 48.532     176.8
92
2013 04 20 18 41   .728     2013 04 20 18 44 23.050     202.3
93
2013 04 20 13 30 32.592     2013 04 20 13 33 36.079     183.5
2013 04 20 23 33 31.937     2013 04 20 23 36 10.463     158.5
94
95
2013 04 20 11 52 32.837     2013 04 20 11 55 45.513     192.7
96
2013 04 20 13 31   .509     2013 04 20 13 34 42.955     222.4
2013 04 20 23 33 11.927     2013 04 20 23 36 46.338     214.4
97
2013 04 20 23 35 11.661     2013 04 20 23 36  4.054      52.4
98
2013 04 20 13 41 47.331     2013 04 20 13 44 39.884     172.6
2013 04 20 18 37 35.767     2013 04 20 18 40 23.099     167.3
99
100
2013 04 20 20 26 49.382     2013 04 20 20 29 24.377     155.0
101
2013 04 20 12 01 34.214     2013 04 20 12 04 15.706     161.5
2013 04 20 20 17 51.279     2013 04 20 20 20 33.507     162.2
102
2013 04 20 13 39  7.602     2013 04 20 13 42 12.242     184.6
2013 04 20 20 15 19.615     2013 04 20 20 18   .070     160.5
103
2013 04 20 13 32 57.643     2013 04 20 13 36 31.833     214.2
104
2013 04 20 11 52 17.264     2013 04 20 11 52 39.657      22.4
105
2013 04 20 10 19  6.059     2013 04 20 10 19 14.135       8.1
2013 04 20 22 02 50.600     2013 04 20 22 05 29.335     158.7
106
2013 04 20 23 35 53.243     2013 04 20 23 39 19.822     206.6
107
2013 04 20 13 36 21.190     2013 04 20 13 40  6.957     225.8
2013 04 20 21 53 29.771     2013 04 20 21 57  8.408     218.6
108
2013 04 20 13 41 22.496     2013 04 20 13 44 39.758     197.3
2013 04 20 18 37 39.034     2013 04 20 18 40 47.428     188.4
109
2013 04 20 10 18  6.282     2013 04 20 10 21  6.101     179.8
110
2013 04 20 21 50 46.890     2013 04 20 21 50 51.029       4.1
111
112
2013 04 20 11 51 54.198     2013 04 20 11 55 22.140     207.9
113
2013 04 20 13 37  2.301     2013 04 20 13 40  1.741     179.4
2013 04 20 21 51 36.586     2013 04 20 21 55 10.837     214.3
114
2013 04 20 10 17 49.467     2013 04 20 10 20 29.559     160.1
115
116
2013 04 20 12 04 45.465     2013 04 20 12 05 16.636      31.2
2013 04 20 18 41 18.507     2013 04 20 18 44 11.795     173.3
117
2013 04 20 12 04 50.572     2013 04 20 12 05 16.103      25.5
2013 04 20 18 41 17.277     2013 04 20 18 44 16.277     179.0
118
2013 04 20 10 27 22.397     2013 04 20 10 27 30.665       8.3
119
2013 04 20 13 38 59.689     2013 04 20 13 41 46.106     166.4
2013 04 20 20 14 53.326     2013 04 20 20 17 43.419     170.1
120
2013 04 20 12 02 25.449     2013 04 20 12 05 11.212     165.8
2013 04 20 20 17 45.342     2013 04 20 20 19 34.937     109.6
121
2013 04 20 12 02 55.510     2013 04 20 12 06 20.282     204.8
122
2013 04 20 10 18 11.467     2013 04 20 10 18 14.396       2.9
2013 04 20 20 25 11.483     2013 04 20 20 25 18.731       7.2
123
124
125
2013 04 20 15 15 37.010     2013 04 20 15 18 15.633     158.6
2013 04 20 20 11  2.082     2013 04 20 20 14 42.084     220.0
2013 04 20 21 48 57.192     2013 04 20 21 50   .927      63.7
126
2013 04 20 11 57 33.734     2013 04 20 11 58 30.689      57.0
127
2013 04 20 21 54 32.716     2013 04 20 21 58 14.565     221.8
128
2013 04 20 20 26 20.447     2013 04 20 20 29 49.491     209.0
129
2013 04 20 10 20 19.039     2013 04 20 10 23  4.159     165.1
2013 04 20 20 22 59.921     2013 04 20 20 26 22.623     202.7
130
131
2013 04 20 20 27 11.105     2013 04 20 20 30 17.290     186.2
132
2013 04 20 10 15 33.949     2013 04 20 10 18 11.724     157.8
2013 04 20 22 04  2.139     2013 04 20 22 07 10.510     188.4
133
134
135
2013 04 20 13 40  9.266     2013 04 20 13 43 35.368     206.1
2013 04 20 20 15 26.347     2013 04 20 20 18 44.517     198.2
136
137
2013 04 20 13 33 22.233     2013 04 20 13 36 30.723     188.5
138
2013 04 20 20 29 16.248     2013 04 20 20 30 10.896      54.6
139
2013 04 20 12 05 51.415     2013 04 20 12 06 31.237      39.8
2013 04 20 18 41 10.741     2013 04 20 18 41 41.748      31.0
140
2013 04 20 15 15 48.399     2013 04 20 15 18 31.304     162.9
2013 04 20 20 11 24.770     2013 04 20 20 14 55.307     210.5
141
2013 04 20 13 32 19.473     2013 04 20 13 35  1.777     162.3
2013 04 20 23 31 43.930     2013 04 20 23 32  5.956      22.0
142
2013 04 20 13 29  5.740     2013 04 20 13 31 45.113     159.4
2013 04 20 23 36  4.167     2013 04 20 23 37  2.224      58.1
143
2013 04 20 13 34 37.767     2013 04 20 13 37 47.501     189.7
2013 04 20 21 51 50.282     2013 04 20 21 55 29.230     218.9
144
2013 04 20 21 54 57.044     2013 04 20 21 58 10.362     193.3
145
146
2013 04 20 13 37 36.844     2013 04 20 13 40 14.832     158.0
147
2013 04 20 22 02 41.425     2013 04 20 22 05 22.289     160.9
148
2013 04 20 13 32 52.485     2013 04 20 13 33 10.239      17.8
149
2013 04 20 15 15 50.821     2013 04 20 15 18 29.449     158.6
2013 04 20 20 11 17.470     2013 04 20 20 14 38.654     201.2
150
2013 04 20 12 05 38.147     2013 04 20 12 08 45.885     187.7
2013 04 20 18 40 25.216     2013 04 20 18 43 51.096     205.9
151
2013 04 20 12 00 20.199     2013 04 20 12 03  1.684     161.5
2013 04 20 20 17 48.981     2013 04 20 20 21  2.247     193.3
152
2013 04 20 23 37  4.397     2013 04 20 23 40  2.890     178.5
153
154
2013 04 20 10 17 39.057     2013 04 20 10 20 25.670     166.6
155
2013 04 20 12 03 53.240     2013 04 20 12 06 49.334     176.1
2013 04 20 18 40  8.757     2013 04 20 18 43 18.744     190.0
156
2013 04 20 21 58 54.694     2013 04 20 22 02 32.264     217.6
157
2013 04 20 11 55 25.261     2013 04 20 11 58  3.848     158.6
2013 04 20 21 58  2.454     2013 04 20 22 00 58.106     175.7
158
2013 04 20 10 20 36.687     2013 04 20 10 23 53.860     197.2
2013 04 20 20 24 24.626     2013 04 20 20 26 59.691     155.1
159
160
2013 04 20 12 02 21.099     2013 04 20 12 05 12.709     171.6
2013 04 20 20 17   .576     2013 04 20 20 20 35.589     215.0
161
2013 04 20 11 53  6.167     2013 04 20 11 55 44.057     157.9
162
2013 04 20 23 35 51.915     2013 04 20 23 38 26.886     155.0
163
2013 04 20 13 39 42.712     2013 04 20 13 42 25.118     162.4
2013 04 20 20 14 56.885     2013 04 20 20 17 36.244     159.4
164
2013 04 20 20 26 12.462     2013 04 20 20 29 43.180     210.7
165
2013 04 20 12 02 43.900     2013 04 20 12 06 33.361     229.5
2013 04 20 18 37 53.590     2013 04 20 18 41 45.253     231.7
166
2013 04 20 11 54  4.277     2013 04 20 11 56 43.142     158.9
167
168
2013 04 20 11 54 41.109     2013 04 20 11 57 20.085     159.0
2013 04 20 21 58 22.744     2013 04 20 22 01 55.955     213.2
169
2013 04 20 13 36 51.340     2013 04 20 13 39 57.727     186.4
2013 04 20 21 51 37.697     2013 04 20 21 54 59.787     202.1
170
2013 04 20 13 36 36.926     2013 04 20 13 37 49.390      72.5
171
172
2013 04 20 13 40 34.061     2013 04 20 13 43 16.735     162.7
2013 04 20 18 35 47.908     2013 04 20 18 39 37.576     229.7
2013 04 20 20 14  2.105     2013 04 20 20 17 38.400     216.3
173
2013 04 20 13 37 14.554     2013 04 20 13 37 28.668      14.1
2013 04 20 20 12 24.138     2013 04 20 20 12 33.581       9.4
174
2013 04 20 10 17 44.023     2013 04 20 10 20 22.056     158.0
175
2013 04 20 13 31 58.572     2013 04 20 13 34 43.930     165.4
2013 04 20 23 31 37.863     2013 04 20 23 34 53.584     195.7
176
2013 04 20 23 35  8.625     2013 04 20 23 35 56.064      47.4
177
2013 04 20 12 02 52.662     2013 04 20 12 05 35.649     163.0
178
2013 04 20 11 50 45.196     2013 04 20 11 54  4.074     198.9
2013 04 20 23 37 27.371     2013 04 20 23 40 55.170     207.8
179
2013 04 20 12 04 21.225     2013 04 20 12 08 13.575     232.4
2013 04 20 13 42 34.916     2013 04 20 13 46  8.632     213.7
2013 04 20 18 38 37.554     2013 04 20 18 41 22.066     164.5
180
2013 04 20 20 27 36.372     2013 04 20 20 30 16.440     160.1
181
2013 04 20 13 34 28.646     2013 04 20 13 37  6.164     157.5
2013 04 20 21 55 55.113     2013 04 20 21 56 36.240      41.1
182
2013 04 20 11 58  3.537     2013 04 20 12 01  8.657     185.1
183
2013 04 20 13 32 36.800     2013 04 20 13 36 21.427     224.6
184
2013 04 20 20 27  2.931     2013 04 20 20 30 46.256     223.3
185
2013 04 20 11 52 17.041     2013 04 20 11 54 57.379     160.3
186
2013 04 20 13 35 13.303     2013 04 20 13 38 48.025     214.7
2013 04 20 21 54  7.167     2013 04 20 21 56 43.221     156.1
187
2013 04 20 12 02 23.972     2013 04 20 12 05 20.508     176.5
2013 04 20 20 16 51.035     2013 04 20 20 20 32.521     221.5
188
2013 04 20 23 35  1.463     2013 04 20 23 38 43.882     222.4
189
2013 04 20 20 21 27.376     2013 04 20 20 24  5.010     157.6
190
2013 04 20 11 51 46.551     2013 04 20 11 54 24.668     158.1
191
2013 04 20 10 20 39.533     2013 04 20 10 24 29.244     229.7
2013 04 20 20 22  2.291     2013 04 20 20 24 55.588     173.3
192
2013 04 20 13 32 21.727     2013 04 20 13 35 46.665     204.9
2013 04 20 23 30 28.607     2013 04 20 23 34 17.843     229.2
193
2013 04 20 11 50 53.732     2013 04 20 11 54 34.393     220.7
194
2013 04 20 20 19 52.144     2013 04 20 20 23 22.921     210.8
195
2013 04 20 11 54 16.065     2013 04 20 11 57 20.323     184.3
2013 04 20 21 59  1.281     2013 04 20 22 02 30.184     208.9
196
2013 04 20 20 21  4.532     2013 04 20 20 23 41.270     156.7
197
2013 04 20 11 56 55.391     2013 04 20 11 59 59.564     184.2
2013 04 20 21 56 48.014     2013 04 20 21 59 43.907     175.9
198
2013 04 20 12 02 19.410     2013 04 20 12 05 17.643     178.2
2013 04 20 20 17 57.657     2013 04 20 20 19  7.709      70.1
199
2013 04 20 13 34 45.548     2013 04 20 13 37 52.776     187.2
2013 04 20 21 53 40.080     2013 04 20 21 56 45.756     185.7
200
2013 04 20 11 54 24.277     2013 04 20 11 57 53.698     209.4
2013 04 20 22 00 44.522     2013 04 20 22 00 59.767      15.2
201
2013 04 20 11 53 44.727     2013 04 20 11 56 27.494     162.8
202
2013 04 20 20 25 47.480     2013 04 20 20 28 22.613     155.1
203
2013 04 20 10 15 41.282     2013 04 20 10 18 42.994     181.7
2013 04 20 22 03 21.178     2013 04 20 22 06 27.382     186.2
204
2013 04 20 13 35 19.036     2013 04 20 13 35 39.181      20.1
2013 04 20 21 54 20.807     2013 04 20 21 57  6.820     166.0
205
2013 04 20 11 53 38.005     2013 04 20 11 57 17.563     219.6
2013 04 20 21 59 29.415     2013 04 20 22 03  8.591     219.2
206
207
2013 04 20 13 35  5.860     2013 04 20 13 38 47.930     222.1
2013 04 20 21 51 43.501     2013 04 20 21 54 33.956     170.5
208
2013 04 20 21 51  3.838     2013 04 20 21 54  1.861     178.0
209
2013 04 20 12 05 17.448     2013 04 20 12 08 34.564     197.1
2013 04 20 18 40 41.344     2013 04 20 18 43 45.338     184.0
210
2013 04 20 10 17 35.884     2013 04 20 10 18  1.924      26.0
2013 04 20 22 03 19.872     2013 04 20 22 06 15.157     175.3
211
2013 04 20 13 38 30.925     2013 04 20 13 41 50.147     199.2
2013 04 20 20 13 33.181     2013 04 20 20 16 25.588     172.4
212
2013 04 20 13 26 52.326     2013 04 20 13 28  1.398      69.1
213
2013 04 20 11 50 45.636     2013 04 20 11 53 39.871     174.2
214
215
2013 04 20 15 14 21.754     2013 04 20 15 14 40.519      18.8
2013 04 20 21 50 44.868     2013 04 20 21 53 48.029     183.2
216
2013 04 20 12 01 45.881     2013 04 20 12 05 31.115     225.2
2013 04 20 20 16 30.623     2013 04 20 20 19 43.601     193.0
217
2013 04 20 20 19 58.463     2013 04 20 20 22 36.433     158.0
218
219
2013 04 20 11 59 59.663     2013 04 20 12 02 38.645     159.0
2013 04 20 20 17 44.913     2013 04 20 20 21 27.085     222.2
220
2013 04 20 12 01 48.412     2013 04 20 12 05 10.380     202.0
2013 04 20 20 18 32.510     2013 04 20 20 22  5.955     213.4
221
2013 04 20 11 54 37.915     2013 04 20 11 57 24.402     166.5
2013 04 20 21 58 40.422     2013 04 20 22 02  4.397     204.0
222
2013 04 20 11 50 41.337     2013 04 20 11 54 20.283     218.9
2013 04 20 23 37 12.811     2013 04 20 23 40 37.798     205.0
223
2013 04 20 10 16 53.920     2013 04 20 10 20 18.849     204.9
224
225
2013 04 20 22 01 49.749     2013 04 20 22 04 28.757     159.0
226
2013 04 20 20 19 38.717     2013 04 20 20 22 28.891     170.2
227
2013 04 20 12 03 38.875     2013 04 20 12 06 53.587     194.7
2013 04 20 18 40 19.673     2013 04 20 18 43 38.779     199.1
228
2013 04 20 10 27 32.798     2013 04 20 10 27 44.818      12.0
229
230
2013 04 20 10 17   .118     2013 04 20 10 19 37.083     157.0
231
2013 04 20 20 20 43.217     2013 04 20 20 23 36.232     173.0
232
233
2013 04 20 12 07 48.858     2013 04 20 12 08  1.219      12.4
2013 04 20 13 42 12.905     2013 04 20 13 45 40.514     207.6
2013 04 20 18 38 25.974     2013 04 20 18 41  3.537     157.6
234
235
2013 04 20 10 23 57.479     2013 04 20 10 26 52.459     175.0
236
2013 04 20 21 55 15.917     2013 04 20 21 58  4.301     168.4
237
2013 04 20 11 55 48.765     2013 04 20 11 58 46.049     177.3
2013 04 20 21 57 29.827     2013 04 20 22 00 11.330     161.5
238
2013 04 20 23 29 48.844     2013 04 20 23 33 29.274     220.4
239
2013 04 20 20 20 59.311     2013 04 20 20 23 35.834     156.5
240
2013 04 20 13 37 30.916     2013 04 20 13 38 42.784      71.9
2013 04 20 20 12 39.929     2013 04 20 20 16 21.829     221.9
241
2013 04 20 13 38   .817     2013 04 20 13 40 40.630     159.8
2013 04 20 20 17 22.332     2013 04 20 20 17 42.126      19.8
242
2013 04 20 22 01 33.459     2013 04 20 22 04 23.169     169.7
243
2013 04 20 11 54  7.203     2013 04 20 11 57 33.918     206.7
244
2013 04 20 12 02 59.648     2013 04 20 12 05 39.572     159.9
245
2013 04 20 10 24 53.251     2013 04 20 10 27 38.801     165.6
246
2013 04 20 13 29 38.379     2013 04 20 13 32 19.845     161.5
2013 04 20 23 32 33.472     2013 04 20 23 36  5.928     212.5
247
2013 04 20 11 51 27.085     2013 04 20 11 52  4.770      37.7
248
249
2013 04 20 11 58 35.677     2013 04 20 12 02   .934     205.3
250
2013 04 20 12 03  1.826     2013 04 20 12 06 54.573     232.7
2013 04 20 18 38  9.137     2013 04 20 18 41 30.585     201.4
251
2013 04 20 10 21 49.610     2013 04 20 10 24 59.248     189.6
2013 04 20 20 22 14.706     2013 04 20 20 24 55.708     161.0
252
2013 04 20 13 31   .441     2013 04 20 13 34  4.591     184.2
2013 04 20 23 33 11.394     2013 04 20 23 36  9.099     177.7
253
2013 04 20 12 00  1.261     2013 04 20 12 02 55.645     174.4
2013 04 20 20 18 39.796     2013 04 20 20 21 56.495     196.7
254
2013 04 20 20 19 16.344     2013 04 20 20 19 45.519      29.2
255
2013 04 20 12 05  5.383     2013 04 20 12 08 21.771     196.4
2013 04 20 18 40 45.451     2013 04 20 18 43 36.885     171.4
256
2013 04 20 10 20 30.914     2013 04 20 10 23 22.472     171.6
2013 04 20 20 22 52.404     2013 04 20 20 26  2.029     189.6
257
2013 04 20 10 22 40.351     2013 04 20 10 25 18.457     158.1
2013 04 20 20 22 13.701     2013 04 20 20 25 46.272     212.6
258
2013 04 20 22 02 33.428     2013 04 20 22 05  9.687     156.3
259
2013 04 20 10 24 34.739     2013 04 20 10 27 17.364     162.6
260
261
2013 04 20 13 41 26.816     2013 04 20 13 44 40.518     193.7
2013 04 20 18 37 39.878     2013 04 20 18 40 44.087     184.2
262
2013 04 20 10 16 18.826     2013 04 20 10 18 59.254     160.4
2013 04 20 22 03  6.895     2013 04 20 22 04 10.249      63.4
263
2013 04 20 10 21 40.619     2013 04 20 10 25 13.340     212.7
2013 04 20 20 23 35.999     2013 04 20 20 27 10.971     215.0
264
2013 04 20 15 14  7.808     2013 04 20 15 17 31.550     203.7
2013 04 20 21 50 22.669     2013 04 20 21 53   .799     158.1
265
2013 04 20 12 00 32.097     2013 04 20 12 03 18.128     166.0
2013 04 20 20 18 37.868     2013 04 20 20 21 27.878     170.0
266
2013 04 20 11 54 17.894     2013 04 20 11 56 57.187     159.3
2013 04 20 22 01 46.238     2013 04 20 22 02 22.322      36.1
267
2013 04 20 10 22 34.475     2013 04 20 10 24 18.595     104.1
268
269
2013 04 20 13 37 23.286     2013 04 20 13 38 19.781      56.5
270
2013 04 20 13 27 56.840     2013 04 20 13 31 16.041     199.2
271
2013 04 20 10 17 24.802     2013 04 20 10 20  5.484     160.7
272
273
2013 04 20 21 56 11.503     2013 04 20 21 59 38.064     206.6
274
2013 04 20 20 16 21.096     2013 04 20 20 18 57.860     156.8
275
2013 04 20 12 00 21.523     2013 04 20 12 03 34.299     192.8
2013 04 20 20 19  7.015     2013 04 20 20 21 50.978     164.0
276
2013 04 20 10 21 10.528     2013 04 20 10 24 14.608     184.1
2013 04 20 20 22 37.388     2013 04 20 20 25 16.080     158.7
277
278
2013 04 20 13 34 15.021     2013 04 20 13 35 17.581      62.6
2013 04 20 21 54 20.016     2013 04 20 21 57 20.920     180.9
279
2013 04 20 00 00   .000     2013 04 20 00 00  7.230       7.2
2013 04 20 11 52  5.788     2013 04 20 11 52 35.758      30.0
2013 04 20 23 38  5.362     2013 04 20 23 41  8.679     183.3
280
2013 04 20 12 04 48.367     2013 04 20 12 07 26.920     158.6
2013 04 20 18 39 51.853     2013 04 20 18 42 29.159     157.3
281
2013 04 20 10 23 59.242     2013 04 20 10 27 10.706     191.5
282
283
2013 04 20 12 05 10.861     2013 04 20 12 07 58.937     168.1
2013 04 20 18 39 26.488     2013 04 20 18 42 19.090     172.6
284
2013 04 20 22 02 12.102     2013 04 20 22 04 46.971     154.9
285
2013 04 20 20 20 36.279     2013 04 20 20 23 47.470     191.2
286
2013 04 20 23 35 31.256     2013 04 20 23 38  7.639     156.4
287
2013 04 20 12 00  4.207     2013 04 20 12 02 54.250     170.0
2013 04 20 20 17 28.331     2013 04 20 20 21   .957     212.6
288
2013 04 20 12 04 22.922     2013 04 20 12 08 11.407     228.5
2013 04 20 13 42 33.663     2013 04 20 13 46 10.994     217.3
2013 04 20 18 38 40.057     2013 04 20 18 41 24.214     164.2
289
2013 04 20 15 16 43.430     2013 04 20 15 19 52.294     188.9
2013 04 20 20 12 45.794     2013 04 20 20 15 26.416     160.6
290
2013 04 20 13 28  4.627     2013 04 20 13 28 27.376      22.7
2013 04 20 23 34 39.242     2013 04 20 23 38  6.361     207.1
291
292
2013 04 20 13 39 13.079     2013 04 20 13 39 32.516      19.4
2013 04 20 21 51 26.720     2013 04 20 21 54  3.833     157.1
293
294
295
2013 04 20 11 59 11.733     2013 04 20 12 02 47.489     215.8
2013 04 20 20 19  2.071     2013 04 20 20 22 50.941     228.9
296
297
2013 04 20 13 32 23.192     2013 04 20 13 36  6.576     223.4
2013 04 20 23 30  8.913     2013 04 20 23 31 21.862      72.9
298
2013 04 20 13 34 32.148     2013 04 20 13 37 11.693     159.5
2013 04 20 21 52 46.870     2013 04 20 21 53 23.549      36.7
299
2013 04 20 13 33 17.826     2013 04 20 13 36 40.313     202.5
