0 32.1887 129.1487 1 27 8
1 10.5476 97.9131 4 27 6
2 18.9718 99.9637 10 27 7
3 33.1837 94.7777 1 21 5
4 37.9866 86.5850 1 27 6
5 43.9962 114.7798 7 28 6
6 24.9776 132.4442 10 18 5
7 13.2169 95.1113 5 22 5
8 20.0066 131.6911 8 29 5
9 6.1638 111.0735 1 27 7
10 19.9490 103.3717 6 28 9
11 43.3630 97.0214 10 28 9
12 18.6957 116.5747 9 19 5
13 41.7303 77.2256 6 20 6
14 3.7852 85.4652 3 16 9
15 36.1460 117.2487 3 27 7
16 7.9463 90.8189 1 27 6
17 38.5743 110.2515 9 26 6
18 8.3080 109.0369 9 21 8
19 51.5369 121.6945 8 20 7
20 47.9955 89.0164 9 17 9
21 46.8752 109.5010 10 23 7
22 35.3152 97.7467 8 23 6
23 30.0020 120.4114 10 25 7
24 7.5515 95.9147 5 18 6
25 12.3367 89.7514 6 23 5
26 7.1535 93.6756 5 25 5
27 4.3656 128.8970 7 17 8
28 23.7884 96.9434 9 17 9
29 18.8658 113.5419 5 23 7
30 34.4128 118.6931 3 20 6
31 45.8909 99.1075 4 19 9
32 7.4095 103.3299 10 20 7
33 34.2246 108.4869 6 20 7
34 27.2954 126.6684 3 26 9
35 28.3599 129.8861 2 28 9
36 3.0866 90.6093 3 23 8
37 28.6643 126.9207 5 23 9
38 4.5275 99.9529 2 22 8
39 29.0922 93.5643 6 25 5
40 12.0744 87.1612 7 19 6
41 7.7683 108.8004 7 15 7
42 14.3101 120.2858 9 21 9
43 11.6575 122.6977 8 26 6
44 25.0316 108.9807 10 24 7
45 38.4580 104.3876 2 28 8
46 51.8467 73.2362 2 29 7
47 48.6493 106.2122 6 23 6
48 41.4316 130.5195 9 26 8
49 50.2427 85.4154 4 27 5
50 14.7073 98.4646 4 24 7
51 37.8300 109.0041 4 22 7
52 52.8804 107.9302 8 25 7
53 17.8091 118.1873 9 25 5
54 48.5425 121.7698 9 28 6
55 9.2944 104.7724 8 20 9
56 5.9265 122.0079 9 18 9
57 26.6414 129.5996 5 21 7
58 7.9470 119.7036 6 15 7
59 24.3844 108.7131 4 24 6
60 4.6244 101.3634 5 29 5
61 50.2883 130.8301 3 25 8
62 3.0053 73.3276 5 19 7
63 30.6819 105.5318 10 27 6
64 8.4871 74.8720 4 18 7
65 48.9445 76.5353 1 20 9
66 52.3447 116.2535 6 22 8
67 24.1143 85.0889 10 29 8
68 47.1306 82.0693 9 24 6
69 40.1837 101.4351 10 18 5
70 32.7359 125.5975 8 17 5
71 42.2706 116.3486 2 25 6
72 48.9487 80.5956 8 19 8
73 47.4789 128.5093 10 22 9
74 4.2170 117.7104 1 17 9
75 15.3816 87.0410 10 28 8
76 34.1684 110.8910 2 19 7
77 41.4520 112.1338 2 15 6
78 35.4176 112.2259 9 20 9
79 33.1467 92.8118 1 21 9
80 6.5430 122.8143 5 23 8
81 26.1288 92.5128 7 16 6
82 39.2741 99.4511 1 17 8
83 44.6195 124.1035 2 21 9
84 34.5005 114.4954 8 27 7
85 50.4369 83.2473 10 18 8
86 12.6463 100.4224 7 17 8
87 10.8233 115.5513 2 18 9
88 45.1735 75.3125 7 23 8
89 15.2165 128.3708 5 29 8
90 27.9720 113.5280 2 29 8
91 38.1839 132.7202 7 24 7
92 41.7598 126.3611 5 27 7
93 20.7489 78.3971 7 20 6
94 26.7810 112.4489 6 16 9
95 10.1834 96.8865 6 18 5
96 22.1779 81.4696 4 18 9
97 15.4592 86.2060 1 17 8
98 52.1198 112.7160 7 20 9
99 38.9125 100.0366 2 19 7
100 11.1729 130.3663 2 22 6
101 40.2096 112.4175 3 19 7
102 45.7612 102.0006 10 28 9
103 33.3009 78.0173 3 19 8
104 15.0162 90.3111 4 15 9
105 7.4807 109.5731 10 28 5
106 13.3653 85.7990 4 29 6
107 38.0323 95.1528 5 22 8
108 50.5255 112.7720 4 22 7
109 11.1715 120.6541 2 16 9
110 39.0201 79.1417 3 19 8
111 6.0535 102.1664 5 20 7
112 8.0979 96.5542 8 28 9
113 43.7381 89.6906 4 15 9
114 10.6164 118.5746 1 27 6
115 3.2600 120.5782 9 24 7
116 45.7353 131.8517 8 26 7
117 45.9082 132.3010 2 17 9
118 34.5524 124.7064 3 29 7
119 45.9896 99.8192 2 18 6
120 41.1000 117.3735 7 19 8
121 41.7075 122.1035 2 20 5
122 11.6941 124.7592 9 18 8
123 5.0700 76.3542 4 18 9
124 37.6562 76.7618 10 23 9
125 51.3612 82.3307 7 17 5
126 26.2074 109.3098 8 18 5
127 34.7527 97.8655 8 25 7
128 9.1200 127.1946 6 18 8
129 20.2487 121.1216 6 21 8
130 4.9212 122.3274 8 15 9
131 7.5705 129.1722 6 16 7
132 3.8502 113.6406 4 29 9
133 13.7851 87.9891 2 20 8
134 14.8262 87.4075 8 17 9
135 47.7733 107.8311 3 24 7
136 22.0176 85.5600 2 18 7
137 29.5512 84.8307 9 23 6
138 8.1082 126.3896 4 29 8
139 47.6283 112.8699 10 18 7
140 51.1716 84.1303 10 24 6
141 26.7592 80.4119 5 25 6
142 16.5533 73.6654 4 29 7
143 37.1884 82.5657 8 27 5
144 33.4908 97.0945 5 23 9
145 18.8058 111.8637 3 29 5
146 43.2002 93.3007 3 22 9
147 6.6804 107.5111 9 28 7
148 34.1669 77.4023 1 28 9
149 51.8885 83.3943 5 16 6
150 48.6265 131.3952 6 24 5
151 36.5556 108.9892 6 16 9
152 9.4624 86.2697 9 22 7
153 35.4536 100.3735 4 20 6
154 11.6281 116.3003 9 17 8
155 44.6947 123.3800 8 29 9
156 20.6963 106.4451 8 24 6
157 20.7996 98.4192 10 17 7
158 19.2277 126.2796 1 27 8
159 23.5121 113.2794 4 21 7
160 43.3442 114.1426 9 28 8
161 12.5725 95.1543 1 26 6
162 12.5821 81.6285 9 27 8
163 48.0316 102.1202 8 26 7
164 9.4696 126.9303 5 25 7
165 47.7089 114.1121 2 25 5
166 15.6496 97.0584 4 29 7
167 38.5353 99.8554 8 28 7
168 17.6402 98.1960 8 20 7
169 43.6409 88.9106 3 15 5
170 38.6753 96.8220 6 24 5
171 4.3814 98.0910 10 19 7
172 51.7265 103.8730 6 15 5
173 47.6314 89.2167 6 21 8
174 11.0740 117.1959 6 25 7
175 27.3087 77.4335 10 17 6
176 15.6172 86.1766 1 16 8
177 44.1016 116.3605 5 23 8
178 8.1648 88.4729 8 18 7
179 52.3195 120.1536 5 18 8
180 9.1988 132.8812 4 19 8
181 33.9596 84.3807 4 17 7
182 31.2076 102.3591 4 15 5
183 27.1454 85.1041 3 25 5
184 6.0819 128.1526 6 27 8
185 10.7566 92.5860 10 25 6
186 34.9041 91.1785 2 18 6
187 43.8249 114.0967 6 15 9
188 16.1379 85.0977 7 19 6
189 29.0019 120.9086 7 17 8
190 8.1872 92.9200 10 29 5
191 24.9820 119.9055 2 22 8
192 30.9261 76.9011 3 27 6
193 4.8445 95.4426 6 16 5
194 34.5924 121.3594 5 25 8
195 15.7983 99.4953 5 25 5
196 29.4387 118.9093 10 29 7
197 27.5405 99.9715 10 17 9
198 40.4627 118.2061 7 25 8
199 33.7355 88.2179 1 29 5
200 20.7464 94.4840 5 28 9
201 14.3923 96.9679 5 27 6
202 14.8005 128.9183 3 25 5
203 6.1145 112.4004 5 29 9
204 35.0741 93.5835 4 29 6
205 13.7623 100.1824 8 24 9
206 24.1478 113.7602 2 26 5
207 40.3362 83.0894 7 25 5
208 45.0239 85.2516 4 28 9
209 47.6476 130.6246 6 20 9
210 3.5526 107.8911 10 25 6
211 49.0474 94.2863 3 26 8
212 9.0095 74.4615 5 19 5
213 4.3866 92.7483 3 26 6
214 10.0643 124.2929 6 20 8
215 45.9961 84.6281 8 25 5
216 44.6965 111.0485 4 25 5
217 32.6810 116.1565 5 17 5
218 37.0266 124.7816 3 21 6
219 35.2037 108.4174 3 22 7
220 38.7145 118.2756 8 16 9
221 17.1731 98.9324 3 21 9
222 8.9806 87.9350 8 18 6
223 7.2024 119.9401 10 20 5
224 20.1441 84.9554 10 25 8
225 9.6911 106.1946 2 15 6
226 35.0666 118.0480 7 26 8
227 43.7104 123.9636 6 25 7
228 35.3083 125.3112 5 26 6
229 25.3173 87.7628 10 25 9
230 8.2713 116.4705 5 29 7
231 31.7723 120.8338 7 25 8
232 19.5966 114.4409 8 24 8
233 51.8493 117.7697 6 19 8
234 7.9070 123.5322 2 29 8
235 32.5734 128.1405 3 26 9
236 32.2885 96.0147 8 28 6
237 23.5531 97.9970 1 23 6
238 33.0713 74.9907 8 26 5
239 29.7514 118.7586 9 29 9
240 48.1147 90.2117 10 15 8
241 44.8118 94.0705 9 25 8
242 11.9794 108.3739 7 27 9
243 19.6758 94.0315 6 16 7
244 43.0573 118.4058 10 29 9
245 34.7664 130.8363 10 24 8
246 19.4540 73.1184 3 29 9
247 12.1819 88.9379 3 18 9
248 21.4849 115.9562 8 26 5
249 29.3468 109.7396 1 29 6
250 48.7189 115.1080 5 19 6
251 26.6910 123.0695 1 21 8
252 22.2205 79.3719 1 28 8
253 33.9034 111.2760 2 20 6
254 39.7485 101.7593 7 19 6
255 47.1999 129.7207 8 20 7
256 21.3582 121.1538 10 17 7
257 27.0648 126.5108 10 21 9
258 7.6090 107.7511 10 25 7
259 33.5591 130.2937 7 27 8
260 36.0814 122.7117 10 22 9
261 50.7549 112.8468 7 21 7
262 6.6792 114.5023 3 29 9
263 22.5984 129.2610 10 28 9
264 46.0673 80.4878 7 22 5
265 35.6432 111.8870 3 15 6
266 16.3585 97.5378 1 27 6
267 25.4154 132.3437 4 29 9
268 3.1977 96.7493 10 26 9
269 40.6955 99.5536 10 20 7
270 12.3497 74.4080 7 26 6
271 9.2360 117.9436 4 25 8
272 36.9289 124.2035 6 18 6
273 24.8967 93.8348 6 15 9
274 43.7922 106.4159 7 17 6
275 34.6696 113.4803 6 27 7
276 24.2738 121.9492 2 20 6
277 22.1598 110.1889 4 17 7
278 32.0332 90.0481 5 28 5
279 3.0013 83.6695 3 27 7
280 48.5228 124.0986 6 19 5
281 33.6536 127.6710 4 21 6
282 8.6192 125.3274 1 18 6
283 50.6795 124.6874 5 29 7
284 9.1906 107.6728 10 16 5
285 28.3700 116.2176 1 18 9
286 14.1266 81.7120 6 19 9
287 36.4824 107.7199 7 26 9
288 52.2010 120.2987 6 18 8
289 51.9306 91.1651 7 17 6
290 12.9864 77.1797 1 18 6
291 26.4894 88.4237 2 28 5
292 42.5392 83.2880 1 26 6
293 35.9669 100.2832 8 28 8
294 35.2230 124.2842 4 17 5
295 31.1245 111.8097 3 17 8
296 19.8642 115.4018 9 24 5
297 31.9425 76.5751 4 27 7
298 33.7780 85.1484 7 16 9
299 33.7525 79.0320 6 26 9
