s2
0
1
 2013 04 20 08 57  2.153     2013 04 20 09 00 47.215     225.1
 2013 04 20 20 41 35.375     2013 04 20 20 45 17.160     221.8
2
 2013 04 20 22 13 58.923     2013 04 20 22 14 58.048      59.1
3
 2013 04 20 15 29 15.520     2013 04 20 15 31 54.193     158.7
 2013 04 20 22 03 42.405     2013 04 20 22 06 21.641     159.2
4
 2013 04 20 20 40 49.468     2013 04 20 20 44  3.511     194.0
5
 2013 04 20 13 54 10.621     2013 04 20 13 57 47.482     216.9
 2013 04 20 20 30  5.451     2013 04 20 20 32 42.732     157.3
6
7
8
 2013 04 20 12 09 13.122     2013 04 20 12 09 44.324      31.2
 2013 04 20 22 13 59.704     2013 04 20 22 16 51.014     171.3
9
 2013 04 20 13 49 44.113     2013 04 20 13 52 46.316     182.2
 2013 04 20 22 07 42.195     2013 04 20 22 10 53.596     191.4
10
 2013 04 20 10 40 14.327     2013 04 20 10 42 53.665     159.3
 2013 04 20 19 01 25.212     2013 04 20 19 01 52.794      27.6
11
 2013 04 20 20 41 19.314     2013 04 20 20 44 40.618     201.3
12
 2013 04 20 10 40 45.461     2013 04 20 10 43 40.143     174.7
 2013 04 20 18 57  6.599     2013 04 20 19 00 30.219     203.6
13
14
 2013 04 20 12 09 45.956     2013 04 20 12 12 26.832     160.9
 2013 04 20 22 15 12.153     2013 04 20 22 15 47.261      35.1
15
 2013 04 20 13 52 51.052     2013 04 20 13 56 41.870     230.8
 2013 04 20 20 29 32.402     2013 04 20 20 33 15.478     223.1
16
 2013 04 20 12 16  2.703     2013 04 20 12 19 27.531     204.8
 2013 04 20 20 33 29.293     2013 04 20 20 36  8.728     159.4
17
 2013 04 20 00 15  9.269     2013 04 20 00 15 15.089       5.8
18
 2013 04 20 13 48  9.849     2013 04 20 13 51   .052     170.2
19
 2013 04 20 10 36  2.969     2013 04 20 10 39 17.119     194.1
 2013 04 20 20 38 38.603     2013 04 20 20 41 13.524     154.9
20
 2013 04 20 13 49 32.886     2013 04 20 13 52  9.217     156.3
 2013 04 20 22 09 38.206     2013 04 20 22 10 31.284      53.1
21
 2013 04 20 00 09 42.438     2013 04 20 00 12 23.515     161.1
 2013 04 20 13 44 22.561     2013 04 20 13 47 48.722     206.2
22
 2013 04 20 13 50 51.778     2013 04 20 13 53 33.345     161.6
 2013 04 20 22 07 25.403     2013 04 20 22 10  1.798     156.4
23
 2013 04 20 00 13 37.948     2013 04 20 00 16 12.291     154.3
 2013 04 20 12 07  7.165     2013 04 20 12 08 13.750      66.6
24
 2013 04 20 20 39 49.836     2013 04 20 20 39 58.630       8.8
25
 2013 04 20 12 08 31.510     2013 04 20 12 11 39.492     188.0
26
 2013 04 20 12 18 43.115     2013 04 20 12 18 46.023       2.9
 2013 04 20 13 56 46.419     2013 04 20 14 00 32.049     225.6
 2013 04 20 18 52 54.316     2013 04 20 18 55 37.790     163.5
27
 2013 04 20 10 38 29.250     2013 04 20 10 41 22.159     172.9
 2013 04 20 20 35 33.156     2013 04 20 20 36 12.777      39.6
28
 2013 04 20 22 17   .567     2013 04 20 22 19 34.565     154.0
29
 2013 04 20 12 10 58.464     2013 04 20 12 13 34.799     156.3
 2013 04 20 22 12 30.955     2013 04 20 22 15  7.647     156.7
30
 2013 04 20 20 40 40.300     2013 04 20 20 43 14.615     154.3
31
 2013 04 20 12 15 55.270     2013 04 20 12 18 35.724     160.5
 2013 04 20 20 32 50.069     2013 04 20 20 35 33.520     163.5
32
 2013 04 20 00 14 14.870     2013 04 20 00 15  6.043      51.2
 2013 04 20 12 05 39.151     2013 04 20 12 08 23.257     164.1
33
 2013 04 20 00 13 13.691     2013 04 20 00 16 14.634     180.9
34
 2013 04 20 12 07 31.002     2013 04 20 12 10 49.982     199.0
35
36
 2013 04 20 13 54 49.674     2013 04 20 13 58 38.596     228.9
 2013 04 20 20 30  4.012     2013 04 20 20 33 10.855     186.8
37
 2013 04 20 20 42 23.038     2013 04 20 20 44 59.861     156.8
38
 2013 04 20 13 54 53.576     2013 04 20 13 57 41.277     167.7
 2013 04 20 20 28 27.092     2013 04 20 20 31 19.774     172.7
39
 2013 04 20 15 28 21.136     2013 04 20 15 31 43.917     202.8
 2013 04 20 22 04 20.899     2013 04 20 22 07  9.356     168.5
40
 2013 04 20 12 10 59.816     2013 04 20 12 11 42.604      42.8
41
 2013 04 20 13 54 18.451     2013 04 20 13 57 32.001     193.5
 2013 04 20 20 28  5.884     2013 04 20 20 30 46.282     160.4
42
 2013 04 20 12 09 43.328     2013 04 20 12 13 19.624     216.3
 2013 04 20 22 13 39.898     2013 04 20 22 16 25.091     165.2
43
 2013 04 20 10 38 31.526     2013 04 20 10 41 41.230     189.7
44
 2013 04 20 20 41 10.023     2013 04 20 20 44 27.703     197.7
45
 2013 04 20 13 53 16.114     2013 04 20 13 56 14.496     178.4
 2013 04 20 20 28 57.616     2013 04 20 20 32 35.503     217.9
46
 2013 04 20 12 15 37.120     2013 04 20 12 18 31.153     174.0
 2013 04 20 20 31 49.154     2013 04 20 20 34 51.325     182.2
47
48
 2013 04 20 12 16 32.366     2013 04 20 12 19  9.583     157.2
 2013 04 20 20 32 19.259     2013 04 20 20 34 56.694     157.4
49
 2013 04 20 12 13 34.161     2013 04 20 12 16  8.940     154.8
50
 2013 04 20 12 21  9.629     2013 04 20 12 24 27.879     198.2
 2013 04 20 17 16 52.019     2013 04 20 17 17 29.568      37.5
 2013 04 20 18 54 44.313     2013 04 20 18 55  8.283      24.0
51
 2013 04 20 12 11 38.968     2013 04 20 12 14 18.462     159.5
 2013 04 20 22 12 14.861     2013 04 20 22 15  1.507     166.6
52
 2013 04 20 13 49 32.457     2013 04 20 13 49 57.874      25.4
 2013 04 20 22 08 35.962     2013 04 20 22 11 19.269     163.3
53
54
55
 2013 04 20 10 38 48.689     2013 04 20 10 41 33.483     164.8
56
 2013 04 20 00 09  8.635     2013 04 20 00 11 47.186     158.6
 2013 04 20 13 45 22.764     2013 04 20 13 48 28.835     186.1
57
 2013 04 20 18 58 47.528     2013 04 20 18 59 12.896      25.4
58
 2013 04 20 20 39 47.178     2013 04 20 20 42 34.655     167.5
59
 2013 04 20 13 47 40.052     2013 04 20 13 50 58.226     198.2
60
 2013 04 20 00 12 15.269     2013 04 20 00 15 38.857     203.6
61
 2013 04 20 00 13 19.159     2013 04 20 00 14 38.353      79.2
62
 2013 04 20 12 13 33.941     2013 04 20 12 17 15.804     221.9
63
 2013 04 20 12 13 48.692     2013 04 20 12 16 30.030     161.3
64
 2013 04 20 13 54 34.295     2013 04 20 13 57 28.086     173.8
 2013 04 20 20 28 23.246     2013 04 20 20 31  5.207     162.0
65
 2013 04 20 10 33 51.295     2013 04 20 10 37  5.616     194.3
66
 2013 04 20 12 11 30.386     2013 04 20 12 14 14.356     164.0
 2013 04 20 22 12 25.125     2013 04 20 22 15  9.643     164.5
67
 2013 04 20 00 10 27.417     2013 04 20 00 13 52.817     205.4
68
 2013 04 20 12 16 52.433     2013 04 20 12 19 28.394     156.0
 2013 04 20 20 32 19.348     2013 04 20 20 35  7.456     168.1
69
 2013 04 20 13 49 49.067     2013 04 20 13 52 35.546     166.5
 2013 04 20 22 06 20.574     2013 04 20 22 09 54.449     213.9
70
71
 2013 04 20 12 17 54.972     2013 04 20 12 20 48.340     173.4
72
 2013 04 20 20 35 52.596     2013 04 20 20 38 47.787     175.2
73
 2013 04 20 20 42 15.819     2013 04 20 20 44 49.812     154.0
74
 2013 04 20 12 14 18.586     2013 04 20 12 17 29.584     191.0
75
76
 2013 04 20 20 42 20.423     2013 04 20 20 43 44.926      84.5
77
 2013 04 20 13 56 26.118     2013 04 20 13 59 51.614     205.5
 2013 04 20 18 52 19.788     2013 04 20 18 55 21.977     182.2
78
 2013 04 20 12 12 47.377     2013 04 20 12 15 58.728     191.4
79
 2013 04 20 08 55 50.790     2013 04 20 08 59  2.751     192.0
 2013 04 20 20 43 12.515     2013 04 20 20 45 48.991     156.5
80
 2013 04 20 13 51 33.932     2013 04 20 13 54 10.741     156.8
 2013 04 20 22 06 56.109     2013 04 20 22 09 52.232     176.1
81
82
 2013 04 20 12 19 20.016     2013 04 20 12 22 42.557     202.5
 2013 04 20 18 55 15.809     2013 04 20 18 57 59.228     163.4
83
 2013 04 20 10 39 58.323     2013 04 20 10 43  8.493     190.2
84
85
 2013 04 20 12 06 29.377     2013 04 20 12 09 37.549     188.2
86
87
 2013 04 20 12 18 48.078     2013 04 20 12 22 12.991     204.9
 2013 04 20 18 53  9.077     2013 04 20 18 56  5.410     176.3
88
 2013 04 20 10 35 58.681     2013 04 20 10 38 32.933     154.3
 2013 04 20 20 37 39.145     2013 04 20 20 40 38.587     179.4
89
 2013 04 20 13 50  6.689     2013 04 20 13 53   .821     174.1
 2013 04 20 22 07 40.322     2013 04 20 22 10 33.324     173.0
90
 2013 04 20 22 14 44.378     2013 04 20 22 18  2.855     198.5
91
 2013 04 20 00 11 56.218     2013 04 20 00 14 35.416     159.2
92
 2013 04 20 20 41  3.497     2013 04 20 20 43 37.800     154.3
93
 2013 04 20 12 16 18.919     2013 04 20 12 19 38.779     199.9
 2013 04 20 20 33 19.399     2013 04 20 20 36  6.609     167.2
94
 2013 04 20 13 56 19.406     2013 04 20 13 59  1.943     162.5
 2013 04 20 18 51 26.698     2013 04 20 18 54 37.380     190.7
95
 2013 04 20 13 51 29.409     2013 04 20 13 54 41.092     191.7
 2013 04 20 22 07 25.124     2013 04 20 22 10 45.544     200.4
96
 2013 04 20 15 29 17.908     2013 04 20 15 33  8.726     230.8
 2013 04 20 22 04 41.556     2013 04 20 22 07 42.550     181.0
97
 2013 04 20 15 30 23.348     2013 04 20 15 33 24.273     180.9
 2013 04 20 20 25 49.194     2013 04 20 20 29 43.166     234.0
 2013 04 20 22 03 39.524     2013 04 20 22 04 13.398      33.9
98
 2013 04 20 20 30 38.687     2013 04 20 20 33 16.282     157.6
99
100
 2013 04 20 12 21 18.989     2013 04 20 12 23 57.731     158.7
 2013 04 20 17 16  7.023     2013 04 20 17 19 35.517     208.5
 2013 04 20 18 53 41.522     2013 04 20 18 54 20.136      38.6
101
 2013 04 20 13 49 35.212     2013 04 20 13 52 12.266     157.1
 2013 04 20 22 06 53.565     2013 04 20 22 10 44.837     231.3
102
 2013 04 20 15 29 10.534     2013 04 20 15 32  7.533     177.0
 2013 04 20 22 04  9.232     2013 04 20 22 06 48.631     159.4
103
104
 2013 04 20 22 09 25.619     2013 04 20 22 12 13.005     167.4
105
106
 2013 04 20 20 40 57.948     2013 04 20 20 44 23.170     205.2
107
 2013 04 20 15 31 24.285     2013 04 20 15 34 12.907     168.6
 2013 04 20 20 26 36.667     2013 04 20 20 29 21.684     165.0
108
 2013 04 20 13 53 12.355     2013 04 20 13 53 57.225      44.9
 2013 04 20 20 30  1.365     2013 04 20 20 33  7.140     185.8
109
 2013 04 20 13 52 16.430     2013 04 20 13 55  4.711     168.3
 2013 04 20 22 06 33.041     2013 04 20 22 06 58.921      25.9
110
 2013 04 20 12 15 58.781     2013 04 20 12 18 34.438     155.7
 2013 04 20 20 32 29.893     2013 04 20 20 35 15.052     165.2
111
 2013 04 20 18 59 42.366     2013 04 20 18 59 55.141      12.8
112
 2013 04 20 12 13 21.168     2013 04 20 12 13 51.988      30.8
 2013 04 20 22 10 32.434     2013 04 20 22 14 17.458     225.0
113
 2013 04 20 10 31 26.500     2013 04 20 10 34 25.297     178.8
114
 2013 04 20 12 17 33.650     2013 04 20 12 20 57.984     204.3
 2013 04 20 20 30 33.857     2013 04 20 20 31 53.479      79.6
115
 2013 04 20 00 12 20.078     2013 04 20 00 14 58.488     158.4
116
 2013 04 20 00 10 17.939     2013 04 20 00 13 35.162     197.2
117
 2013 04 20 22 09 32.115     2013 04 20 22 12 18.632     166.5
118
 2013 04 20 20 41  7.107     2013 04 20 20 43 45.448     158.3
119
 2013 04 20 10 37 19.714     2013 04 20 10 40 47.756     208.0
 2013 04 20 20 36  5.031     2013 04 20 20 38 52.529     167.5
120
121
 2013 04 20 00 14 35.802     2013 04 20 00 15 27.318      51.5
122
 2013 04 20 13 48 14.463     2013 04 20 13 51 43.018     208.6
123
124
 2013 04 20 12 16 41.604     2013 04 20 12 19 29.258     167.7
 2013 04 20 20 31 55.847     2013 04 20 20 34 37.517     161.7
125
 2013 04 20 13 56 33.823     2013 04 20 13 59 33.204     179.4
 2013 04 20 18 52  1.574     2013 04 20 18 54 59.136     177.6
126
 2013 04 20 00 08 59.960     2013 04 20 00 11 34.624     154.7
 2013 04 20 13 45 21.153     2013 04 20 13 48 10.582     169.4
127
 2013 04 20 00 08 44.699     2013 04 20 00 11 46.568     181.9
 2013 04 20 13 45 53.898     2013 04 20 13 49  1.012     187.1
128
 2013 04 20 13 47 58.238     2013 04 20 13 51 35.870     217.6
129
130
 2013 04 20 10 39 42.524     2013 04 20 10 42 31.271     168.7
131
 2013 04 20 12 11 36.712     2013 04 20 12 12 12.254      35.5
 2013 04 20 22 10 32.477     2013 04 20 22 13 12.553     160.1
132
 2013 04 20 10 38 17.920     2013 04 20 10 40 56.296     158.4
 2013 04 20 20 36 26.191     2013 04 20 20 36 39.772      13.6
133
 2013 04 20 12 15  3.320     2013 04 20 12 17 49.646     166.3
 2013 04 20 20 32 42.390     2013 04 20 20 36 17.962     215.6
134
135
 2013 04 20 13 49 29.776     2013 04 20 13 52 11.015     161.2
 2013 04 20 22 07  2.073     2013 04 20 22 07 38.150      36.1
136
 2013 04 20 20 34 37.269     2013 04 20 20 37 14.093     156.8
137
138
 2013 04 20 00 13 49.645     2013 04 20 00 16 23.426     153.8
 2013 04 20 12 04 28.065     2013 04 20 12 08  3.106     215.0
139
 2013 04 20 12 14 33.733     2013 04 20 12 17 34.228     180.5
140
 2013 04 20 10 39 45.890     2013 04 20 10 43 18.956     213.1
 2013 04 20 18 58 41.887     2013 04 20 18 59  5.860      24.0
141
142
 2013 04 20 12 12 27.833     2013 04 20 12 13 12.426      44.6
143
 2013 04 20 13 54 27.094     2013 04 20 13 54 48.569      21.5
 2013 04 20 22 05 30.647     2013 04 20 22 08  9.960     159.3
144
 2013 04 20 00 16 14.146     2013 04 20 00 16 13.517       -.6
145
 2013 04 20 00 11 19.584     2013 04 20 00 14 33.438     193.9
146
 2013 04 20 12 07  7.012     2013 04 20 12 09 42.943     155.9
147
 2013 04 20 10 39 49.146     2013 04 20 10 42 25.352     156.2
148
 2013 04 20 13 54 24.480     2013 04 20 13 57 55.758     211.3
 2013 04 20 20 30  1.883     2013 04 20 20 32 41.885     160.0
149
 2013 04 20 12 17 45.843     2013 04 20 12 21 31.058     225.2
150
 2013 04 20 20 35  1.086     2013 04 20 20 37 55.761     174.7
151
 2013 04 20 20 34 51.365     2013 04 20 20 37 53.904     182.5
152
 2013 04 20 12 10 41.839     2013 04 20 12 11 53.519      71.7
153
 2013 04 20 12 07 13.418     2013 04 20 12 10 16.722     183.3
154
 2013 04 20 13 53  9.954     2013 04 20 13 56 39.305     209.4
 2013 04 20 20 27 33.589     2013 04 20 20 30 40.517     186.9
155
 2013 04 20 12 14 13.550     2013 04 20 12 15   .465      46.9
 2013 04 20 20 33 40.545     2013 04 20 20 37 17.653     217.1
156
157
 2013 04 20 12 11 19.696     2013 04 20 12 14 38.166     198.5
 2013 04 20 22 11  7.460     2013 04 20 22 13 42.803     155.3
158
 2013 04 20 12 20 19.588     2013 04 20 12 22 58.631     159.0
 2013 04 20 18 54 10.267     2013 04 20 18 56 57.893     167.6
159
 2013 04 20 10 41 54.691     2013 04 20 10 42 37.927      43.2
160
161
 2013 04 20 22 14 32.249     2013 04 20 22 17 12.048     159.8
162
 2013 04 20 15 29 39.814     2013 04 20 15 32 21.359     161.5
 2013 04 20 22 03 44.070     2013 04 20 22 06 39.804     175.7
163
 2013 04 20 00 13 19.397     2013 04 20 00 16  6.874     167.5
 2013 04 20 12 05  7.089     2013 04 20 12 08 46.938     219.8
164
 2013 04 20 12 17  7.903     2013 04 20 12 19 44.657     156.8
 2013 04 20 20 32  3.457     2013 04 20 20 35  5.334     181.9
165
 2013 04 20 10 32 32.079     2013 04 20 10 32 53.666      21.6
166
 2013 04 20 22 04 26.686     2013 04 20 22 08 19.626     232.9
167
 2013 04 20 22 09 30.478     2013 04 20 22 12 44.217     193.7
168
 2013 04 20 13 53 49.179     2013 04 20 13 54 15.186      26.0
 2013 04 20 15 31 55.238     2013 04 20 15 35 28.360     213.1
 2013 04 20 20 27 36.398     2013 04 20 20 30 15.799     159.4
169
 2013 04 20 13 53 46.978     2013 04 20 13 56 28.075     161.1
 2013 04 20 20 28 24.628     2013 04 20 20 31 23.945     179.3
170
 2013 04 20 12 12 39.679     2013 04 20 12 16  9.068     209.4
171
 2013 04 20 12 18 54.645     2013 04 20 12 22  7.051     192.4
 2013 04 20 18 54 50.600     2013 04 20 18 58  2.367     191.8
172
 2013 04 20 10 38 30.999     2013 04 20 10 41 14.797     163.8
173
 2013 04 20 12 20 38.697     2013 04 20 12 23 49.861     191.2
 2013 04 20 18 55   .238     2013 04 20 18 58 16.714     196.5
174
 2013 04 20 22 05 15.846     2013 04 20 22 07 52.932     157.1
175
176
 2013 04 20 18 55 24.844     2013 04 20 18 58 47.916     203.1
177
178
 2013 04 20 12 16 57.812     2013 04 20 12 20 35.842     218.0
 2013 04 20 20 32 52.728     2013 04 20 20 36 41.069     228.3
179
 2013 04 20 12 06 47.925     2013 04 20 12 09 21.273     153.3
180
 2013 04 20 13 55 56.562     2013 04 20 13 58 34.511     157.9
 2013 04 20 18 50 46.329     2013 04 20 18 54 13.261     206.9
 2013 04 20 20 28 17.368     2013 04 20 20 28 39.884      22.5
181
 2013 04 20 12 11  4.734     2013 04 20 12 14 36.500     211.8
 2013 04 20 22 12 58.082     2013 04 20 22 15 56.150     178.1
182
 2013 04 20 10 40 28.081     2013 04 20 10 43  4.957     156.9
 2013 04 20 18 57 45.319     2013 04 20 19 01 34.882     229.6
183
 2013 04 20 13 50 47.364     2013 04 20 13 54 26.418     219.1
 2013 04 20 22 08  3.299     2013 04 20 22 10 55.598     172.3
184
 2013 04 20 12 10 34.888     2013 04 20 12 13 58.656     203.8
 2013 04 20 22 13 17.846     2013 04 20 22 15 53.730     155.9
185
 2013 04 20 10 32 29.994     2013 04 20 10 32 44.172      14.2
186
 2013 04 20 10 33 34.029     2013 04 20 10 36 12.800     158.8
187
 2013 04 20 00 10  3.912     2013 04 20 00 13 49.504     225.6
188
 2013 04 20 12 18 25.661     2013 04 20 12 18 27.245       1.6
 2013 04 20 18 55 29.321     2013 04 20 18 58 43.681     194.4
189
 2013 04 20 18 56 17.560     2013 04 20 18 59  6.871     169.3
190
 2013 04 20 13 53 39.594     2013 04 20 13 56 52.771     193.2
 2013 04 20 20 29 33.063     2013 04 20 20 32 31.999     178.9
191
 2013 04 20 13 48 15.482     2013 04 20 13 50 50.321     154.8
192
 2013 04 20 12 14 58.997     2013 04 20 12 18 25.937     206.9
 2013 04 20 20 33 29.587     2013 04 20 20 36 34.818     185.2
193
 2013 04 20 12 20  9.178     2013 04 20 12 22 55.614     166.4
 2013 04 20 18 53 57.375     2013 04 20 18 56 41.683     164.3
194
 2013 04 20 12 14  6.828     2013 04 20 12 17 54.217     227.4
 2013 04 20 20 36 31.199     2013 04 20 20 37 24.105      52.9
195
 2013 04 20 10 38 12.517     2013 04 20 10 40 50.063     157.5
 2013 04 20 20 36 14.022     2013 04 20 20 39 56.670     222.6
196
 2013 04 20 10 34 18.989     2013 04 20 10 37  4.770     165.8
197
 2013 04 20 13 50 55.163     2013 04 20 13 54 38.262     223.1
 2013 04 20 22 05 44.350     2013 04 20 22 08 25.724     161.4
198
 2013 04 20 00 11 13.205     2013 04 20 00 14 43.959     210.8
199
 2013 04 20 20 39 45.547     2013 04 20 20 43 14.095     208.5
200
 2013 04 20 15 29 48.952     2013 04 20 15 32 47.115     178.2
 2013 04 20 17 07 17.092     2013 04 20 17 07 36.867      19.8
 2013 04 20 20 24 27.255     2013 04 20 20 28 15.700     228.4
 2013 04 20 22 02 36.964     2013 04 20 22 06  2.421     205.5
201
 2013 04 20 10 34 41.965     2013 04 20 10 38  5.354     203.4
 2013 04 20 20 38 53.220     2013 04 20 20 42 15.008     201.8
202
 2013 04 20 13 51 39.409     2013 04 20 13 55 27.105     227.7
 2013 04 20 22 07 20.092     2013 04 20 22 07 39.577      19.5
203
 2013 04 20 12 18 37.104     2013 04 20 12 21 20.332     163.2
 2013 04 20 18 53 19.030     2013 04 20 18 57  4.608     225.6
204
 2013 04 20 10 42 10.427     2013 04 20 10 45 32.545     202.1
 2013 04 20 18 56 42.335     2013 04 20 18 59 34.434     172.1
205
 2013 04 20 12 11 43.643     2013 04 20 12 14 36.825     173.2
 2013 04 20 22 12 18.344     2013 04 20 22 15 22.020     183.7
206
207
 2013 04 20 10 32 38.305     2013 04 20 10 36 10.328     212.0
208
209
 2013 04 20 10 46 33.664     2013 04 20 10 47   .047      26.4
 2013 04 20 18 55 21.814     2013 04 20 18 55 31.592       9.8
210
 2013 04 20 22 09 19.509     2013 04 20 22 12 55.145     215.6
211
 2013 04 20 10 31 17.302     2013 04 20 10 34 23.414     186.1
212
 2013 04 20 12 16 26.615     2013 04 20 12 20  6.532     219.9
 2013 04 20 20 31 10.259     2013 04 20 20 33 54.073     163.8
213
 2013 04 20 10 34 46.292     2013 04 20 10 38  7.474     201.2
214
 2013 04 20 10 34 31.543     2013 04 20 10 37 17.234     165.7
215
 2013 04 20 10 41   .092     2013 04 20 10 44 48.255     228.2
 2013 04 20 18 56 37.958     2013 04 20 18 59 24.776     166.8
216
217
218
 2013 04 20 12 13 43.391     2013 04 20 12 16 42.668     179.3
219
 2013 04 20 12 12 23.032     2013 04 20 12 14 57.486     154.5
 2013 04 20 22 11 25.536     2013 04 20 22 14 45.270     199.7
220
 2013 04 20 10 33 55.795     2013 04 20 10 36 34.433     158.6
221
 2013 04 20 13 52 10.429     2013 04 20 13 52 16.504       6.1
222
 2013 04 20 20 41 55.608     2013 04 20 20 44 30.071     154.5
223
 2013 04 20 13 47 46.535     2013 04 20 13 50 41.498     175.0
224
225
226
227
228
 2013 04 20 10 31 52.373     2013 04 20 10 35 15.662     203.3
229
 2013 04 20 22 08 58.811     2013 04 20 22 11 36.603     157.8
230
231
 2013 04 20 13 51 26.051     2013 04 20 13 54 35.872     189.8
 2013 04 20 22 05 58.515     2013 04 20 22 08 53.111     174.6
232
 2013 04 20 10 40 26.022     2013 04 20 10 44 11.308     225.3
 2013 04 20 18 56 26.929     2013 04 20 18 59 51.902     205.0
233
 2013 04 20 13 55 26.939     2013 04 20 13 58 28.180     181.2
 2013 04 20 20 29 20.264     2013 04 20 20 32 50.874     210.6
234
 2013 04 20 20 43   .283     2013 04 20 20 43 35.318      35.0
235
 2013 04 20 10 36  4.486     2013 04 20 10 39 12.996     188.5
 2013 04 20 20 36 47.888     2013 04 20 20 39 45.523     177.6
236
237
 2013 04 20 20 41 59.622     2013 04 20 20 44 41.084     161.5
238
 2013 04 20 22 09 51.732     2013 04 20 22 12 40.067     168.3
239
 2013 04 20 00 10 30.633     2013 04 20 00 13 49.257     198.6
240
 2013 04 20 00 12 23.552     2013 04 20 00 15 10.214     166.7
241
 2013 04 20 12 15   .694     2013 04 20 12 17 36.918     156.2
 2013 04 20 20 31 57.345     2013 04 20 20 32  3.964       6.6
242
 2013 04 20 08 56 14.025     2013 04 20 08 59 25.523     191.5
 2013 04 20 20 42 55.279     2013 04 20 20 45 44.076     168.8
243
244
 2013 04 20 13 56 51.207     2013 04 20 13 59 53.638     182.4
 2013 04 20 18 52 19.072     2013 04 20 18 55  3.492     164.4
245
 2013 04 20 12 20 21.754     2013 04 20 12 21  7.050      45.3
 2013 04 20 18 55 32.090     2013 04 20 18 58 54.903     202.8
246
 2013 04 20 12 11 13.592     2013 04 20 12 13 47.771     154.2
 2013 04 20 22 12 10.845     2013 04 20 22 14 46.202     155.4
247
248
 2013 04 20 10 40 20.054     2013 04 20 10 43 21.294     181.2
 2013 04 20 18 58 25.076     2013 04 20 19 01 58.566     213.5
249
 2013 04 20 12 13 23.009     2013 04 20 12 15 59.308     156.3
250
 2013 04 20 10 36 29.844     2013 04 20 10 40 11.351     221.5
 2013 04 20 20 38 24.752     2013 04 20 20 41 29.773     185.0
251
252
 2013 04 20 13 50 57.502     2013 04 20 13 53 49.674     172.2
 2013 04 20 22 07 35.791     2013 04 20 22 10 15.025     159.2
253
 2013 04 20 13 48 57.235     2013 04 20 13 52 36.954     219.7
254
 2013 04 20 09 00 11.230     2013 04 20 09 00 36.236      25.0
 2013 04 20 20 41 51.227     2013 04 20 20 45   .039     188.8
255
 2013 04 20 10 33 14.545     2013 04 20 10 33 15.491        .9
 2013 04 20 22 17 20.718     2013 04 20 22 20 27.679     187.0
256
257
 2013 04 20 12 13 40.217     2013 04 20 12 16 30.983     170.8
258
 2013 04 20 00 11 32.107     2013 04 20 00 14 33.213     181.1
259
 2013 04 20 10 36 39.352     2013 04 20 10 39 50.554     191.2
 2013 04 20 20 38 14.164     2013 04 20 20 41  5.042     170.9
260
 2013 04 20 12 11 23.346     2013 04 20 12 14 55.267     211.9
 2013 04 20 22 10 54.327     2013 04 20 22 13 29.761     155.4
261
262
 2013 04 20 13 54 29.061     2013 04 20 13 57 37.512     188.5
 2013 04 20 20 28  9.070     2013 04 20 20 30 53.220     164.2
263
 2013 04 20 20 34  4.193     2013 04 20 20 37 43.241     219.0
264
 2013 04 20 22 15 26.158     2013 04 20 22 18  6.227     160.1
265
 2013 04 20 10 31 23.074     2013 04 20 10 34 18.640     175.6
 2013 04 20 22 17 11.713     2013 04 20 22 20 34.059     202.3
266
 2013 04 20 10 32   .061     2013 04 20 10 35 32.086     212.0
 2013 04 20 22 15 53.555     2013 04 20 22 16  4.666      11.1
267
 2013 04 20 12 06 18.696     2013 04 20 12 08 52.518     153.8
268
 2013 04 20 10 36 51.940     2013 04 20 10 38  4.094      72.2
 2013 04 20 20 38   .893     2013 04 20 20 41 46.084     225.2
269
 2013 04 20 13 51  1.444     2013 04 20 13 54 13.947     192.5
 2013 04 20 22 06  8.261     2013 04 20 22 08 47.306     159.0
270
 2013 04 20 13 51 19.012     2013 04 20 13 54  2.435     163.4
 2013 04 20 22 06 35.041     2013 04 20 22 09 17.866     162.8
271
272
 2013 04 20 12 17 15.673     2013 04 20 12 20  3.656     168.0
 2013 04 20 20 31 33.964     2013 04 20 20 34 46.860     192.9
273
274
 2013 04 20 12 09 30.170     2013 04 20 12 12  9.709     159.5
275
 2013 04 20 20 39 38.792     2013 04 20 20 42 32.827     174.0
276
 2013 04 20 13 55 39.371     2013 04 20 13 58 47.893     188.5
 2013 04 20 18 54 53.192     2013 04 20 18 55 19.338      26.1
 2013 04 20 20 29 16.751     2013 04 20 20 31  2.046     105.3
277
 2013 04 20 12 19  4.998     2013 04 20 12 19 14.485       9.5
 2013 04 20 13 57 11.591     2013 04 20 14 00 46.742     215.2
 2013 04 20 18 53   .346     2013 04 20 18 55 38.234     157.9
278
 2013 04 20 12 17 58.261     2013 04 20 12 18  7.589       9.3
279
 2013 04 20 10 42 20.785     2013 04 20 10 45 11.334     170.5
 2013 04 20 18 57 10.713     2013 04 20 19 00  2.287     171.6
280
 2013 04 20 00 12  1.042     2013 04 20 00 14 49.440     168.4
281
 2013 04 20 10 36 59.387     2013 04 20 10 39 43.941     164.6
 2013 04 20 20 37  3.799     2013 04 20 20 39 39.701     155.9
282
 2013 04 20 00 13 35.707     2013 04 20 00 14 53.069      77.4
283
 2013 04 20 22 14 15.794     2013 04 20 22 16 50.923     155.1
284
 2013 04 20 12 15 52.180     2013 04 20 12 18 33.748     161.6
 2013 04 20 20 32 51.857     2013 04 20 20 35 36.683     164.8
285
 2013 04 20 15 29  8.653     2013 04 20 15 32 48.842     220.2
 2013 04 20 22 04 39.556     2013 04 20 22 07 27.703     168.1
286
 2013 04 20 12 09 37.633     2013 04 20 12 12 11.615     154.0
 2013 04 20 22 15 53.831     2013 04 20 22 16 11.199      17.4
287
 2013 04 20 22 04 57.709     2013 04 20 22 07 46.937     169.2
288
 2013 04 20 20 40 54.572     2013 04 20 20 44 23.361     208.8
289
 2013 04 20 10 41  6.062     2013 04 20 10 43 42.414     156.4
 2013 04 20 18 58   .634     2013 04 20 19 01   .134     179.5
290
 2013 04 20 10 35 56.204     2013 04 20 10 39  4.269     188.1
 2013 04 20 20 38 37.966     2013 04 20 20 41 13.298     155.3
291
 2013 04 20 10 39 57.853     2013 04 20 10 43 34.635     216.8
 2013 04 20 18 58 52.618     2013 04 20 19 02 24.990     212.4
292
 2013 04 20 12 10 44.078     2013 04 20 12 14 31.305     227.2
 2013 04 20 22 13 16.418     2013 04 20 22 16  7.138     170.7
293
 2013 04 20 12 18 20.904     2013 04 20 12 18 40.809      19.9
 2013 04 20 18 55 19.901     2013 04 20 18 58 44.447     204.5
294
 2013 04 20 20 40 51.864     2013 04 20 20 43 36.570     164.7
295
 2013 04 20 13 51 22.463     2013 04 20 13 54 38.215     195.8
 2013 04 20 22 07 31.929     2013 04 20 22 10 46.683     194.8
296
 2013 04 20 13 55  5.586     2013 04 20 13 58 10.374     184.8
 2013 04 20 20 29 33.877     2013 04 20 20 32 38.189     184.3
297
298
 2013 04 20 20 30 28.995     2013 04 20 20 33 11.029     162.0
299
 2013 04 20 13 52  4.421     2013 04 20 13 52  7.319       2.9
300
 2013 04 20 13 53 56.937     2013 04 20 13 57 10.715     193.8
 2013 04 20 20 29 43.089     2013 04 20 20 32 27.120     164.0
301
 2013 04 20 20 39 40.305     2013 04 20 20 39 41.654       1.3
302
 2013 04 20 00 09 57.877     2013 04 20 00 12 45.807     167.9
303
 2013 04 20 15 28 33.492     2013 04 20 15 31 32.591     179.1
 2013 04 20 22 04  3.319     2013 04 20 22 06 49.726     166.4
304
 2013 04 20 12 08 31.003     2013 04 20 12 11 43.967     193.0
305
 2013 04 20 10 41 22.340     2013 04 20 10 44 20.738     178.4
 2013 04 20 18 57 15.974     2013 04 20 19 00   .030     164.1
306
 2013 04 20 12 10 36.308     2013 04 20 12 12 13.714      97.4
 2013 04 20 22 13 22.816     2013 04 20 22 16  9.679     166.9
307
308
 2013 04 20 18 55 49.674     2013 04 20 18 58 31.873     162.2
309
 2013 04 20 13 51  5.838     2013 04 20 13 53 49.534     163.7
 2013 04 20 22 06 39.514     2013 04 20 22 09 17.024     157.5
310
 2013 04 20 13 50 54.087     2013 04 20 13 53 38.471     164.4
 2013 04 20 22 06 40.815     2013 04 20 22 09 17.633     156.8
311
 2013 04 20 00 07  1.580     2013 04 20 00 07 13.038      11.5
 2013 04 20 13 47 22.296     2013 04 20 13 49 57.945     155.6
312
 2013 04 20 20 35 33.853     2013 04 20 20 38 41.252     187.4
313
 2013 04 20 10 45 42.622     2013 04 20 10 46  9.170      26.5
 2013 04 20 18 56  6.981     2013 04 20 18 59  8.081     181.1
314
 2013 04 20 10 41 12.779     2013 04 20 10 44  3.244     170.5
 2013 04 20 18 58 30.319     2013 04 20 19 01 14.098     163.8
315
 2013 04 20 12 10 35.745     2013 04 20 12 13 30.398     174.7
 2013 04 20 22 13   .673     2013 04 20 22 15 37.729     157.1
316
 2013 04 20 13 48 33.523     2013 04 20 13 51 19.335     165.8
317
 2013 04 20 12 06 51.860     2013 04 20 12 10  6.100     194.2
318
 2013 04 20 12 12  8.666     2013 04 20 12 15 36.588     207.9
319
 2013 04 20 10 32 53.352     2013 04 20 10 36  4.214     190.9
320
 2013 04 20 13 52 59.481     2013 04 20 13 56 23.133     203.7
 2013 04 20 20 29 11.969     2013 04 20 20 33   .053     228.1
321
 2013 04 20 12 17 24.975     2013 04 20 12 17 46.863      21.9
322
323
324
 2013 04 20 20 34 20.391     2013 04 20 20 37 16.391     176.0
325
 2013 04 20 20 39 44.721     2013 04 20 20 43 31.420     226.7
326
 2013 04 20 12 13 59.421     2013 04 20 12 16 56.177     176.8
327
 2013 04 20 20 40 56.782     2013 04 20 20 43 31.661     154.9
328
 2013 04 20 00 08 21.482     2013 04 20 00 12  6.687     225.2
 2013 04 20 13 46 16.662     2013 04 20 13 49 38.891     202.2
329
 2013 04 20 10 40 30.872     2013 04 20 10 43  7.699     156.8
 2013 04 20 18 57 46.743     2013 04 20 19 01 32.013     225.3
330
 2013 04 20 22 15 42.295     2013 04 20 22 17 59.022     136.7
331
 2013 04 20 22 15 35.493     2013 04 20 22 16 38.324      62.8
332
 2013 04 20 13 53 45.911     2013 04 20 13 56 53.670     187.8
 2013 04 20 20 28  3.404     2013 04 20 20 30 48.780     165.4
333
 2013 04 20 10 40 35.678     2013 04 20 10 43 22.505     166.8
 2013 04 20 18 58 12.570     2013 04 20 19 01 38.185     205.6
334
335
 2013 04 20 22 08 57.805     2013 04 20 22 12  1.561     183.8
336
 2013 04 20 22 15  1.636     2013 04 20 22 16 26.281      84.6
337
338
 2013 04 20 13 50 53.170     2013 04 20 13 53 35.642     162.5
 2013 04 20 22 06 43.959     2013 04 20 22 09 20.929     157.0
339
 2013 04 20 08 56 39.846     2013 04 20 08 59 50.013     190.2
 2013 04 20 20 42 32.090     2013 04 20 20 45 44.192     192.1
340
 2013 04 20 10 40 59.265     2013 04 20 10 43 34.719     155.5
 2013 04 20 18 57 50.095     2013 04 20 19 00 59.283     189.2
341
 2013 04 20 22 15 24.087     2013 04 20 22 17 58.331     154.2
342
 2013 04 20 22 05  5.943     2013 04 20 22 07 49.863     163.9
343
 2013 04 20 22 12 57.228     2013 04 20 22 13 43.071      45.8
344
 2013 04 20 10 46 17.897     2013 04 20 10 46 48.159      30.3
 2013 04 20 18 55 33.696     2013 04 20 18 57 10.983      97.3
345
 2013 04 20 10 35 31.509     2013 04 20 10 38 21.733     170.2
 2013 04 20 20 38 24.126     2013 04 20 20 41 24.135     180.0
346
 2013 04 20 12 14 13.330     2013 04 20 12 17 16.370     183.0
347
348
 2013 04 20 22 08 46.443     2013 04 20 22 12 12.235     205.8
349
 2013 04 20 10 40 30.922     2013 04 20 10 43 21.405     170.5
 2013 04 20 18 58 15.959     2013 04 20 19 01 44.513     208.6
350
 2013 04 20 22 09 27.779     2013 04 20 22 12  7.185     159.4
351
 2013 04 20 12 15 41.522     2013 04 20 12 18 18.397     156.9
 2013 04 20 20 32 16.723     2013 04 20 20 35 18.030     181.3
352
 2013 04 20 10 39  1.567     2013 04 20 10 39 14.858      13.3
 2013 04 20 20 38 31.710     2013 04 20 20 39 47.740      76.0
353
 2013 04 20 10 34 35.942     2013 04 20 10 37 29.365     173.4
354
 2013 04 20 12 07 20.611     2013 04 20 12 10 20.333     179.7
355
 2013 04 20 20 33 52.386     2013 04 20 20 37  1.457     189.1
356
 2013 04 20 20 38 45.686     2013 04 20 20 39 45.284      59.6
357
 2013 04 20 10 34 44.505     2013 04 20 10 36 10.882      86.4
 2013 04 20 20 39 17.025     2013 04 20 20 42 11.910     174.9
358
 2013 04 20 12 16 52.520     2013 04 20 12 19 38.409     165.9
 2013 04 20 20 32 40.527     2013 04 20 20 35 37.341     176.8
359
 2013 04 20 12 19 23.336     2013 04 20 12 22 16.608     173.3
 2013 04 20 18 54 47.217     2013 04 20 18 57 36.629     169.4
360
 2013 04 20 12 20 46.770     2013 04 20 12 23 43.557     176.8
 2013 04 20 18 54 46.243     2013 04 20 18 58  6.060     199.8
361
 2013 04 20 10 36  8.395     2013 04 20 10 39 22.865     194.5
 2013 04 20 20 38 36.048     2013 04 20 20 41 11.936     155.9
362
 2013 04 20 13 53 50.315     2013 04 20 13 57 34.829     224.5
 2013 04 20 15 31 45.222     2013 04 20 15 35 33.492     228.3
 2013 04 20 20 27 44.369     2013 04 20 20 30 22.387     158.0
363
364
 2013 04 20 12 12 56.062     2013 04 20 12 14 11.136      75.1
365
 2013 04 20 13 48 16.772     2013 04 20 13 50 55.120     158.3
366
 2013 04 20 15 28 54.937     2013 04 20 15 32 36.026     221.1
 2013 04 20 22 04 42.401     2013 04 20 22 07 22.541     160.1
367
 2013 04 20 20 38 47.971     2013 04 20 20 39 13.112      25.1
368
 2013 04 20 12 11 51.219     2013 04 20 12 14 28.676     157.5
 2013 04 20 22 12  2.627     2013 04 20 22 14 56.583     174.0
369
 2013 04 20 10 36 55.431     2013 04 20 10 39 30.732     155.3
 2013 04 20 20 37 24.225     2013 04 20 20 39 59.962     155.7
370
 2013 04 20 10 34 12.158     2013 04 20 10 36 52.249     160.1
371
 2013 04 20 12 11 17.337     2013 04 20 12 14 34.490     197.2
 2013 04 20 22 12 45.933     2013 04 20 22 15 44.612     178.7
372
 2013 04 20 10 33 32.702     2013 04 20 10 36 45.990     193.3
373
 2013 04 20 13 54  3.373     2013 04 20 13 56 40.512     157.1
 2013 04 20 20 28 44.648     2013 04 20 20 31 32.295     167.6
374
 2013 04 20 10 42 31.174     2013 04 20 10 46  2.298     211.1
 2013 04 20 18 56 18.312     2013 04 20 18 59 37.098     198.8
375
 2013 04 20 10 33  4.168     2013 04 20 10 33 56.642      52.5
 2013 04 20 22 17 21.836     2013 04 20 22 19 55.954     154.1
376
 2013 04 20 13 51 59.808     2013 04 20 13 54 53.198     173.4
 2013 04 20 22 06 51.843     2013 04 20 22 10 38.837     227.0
377
 2013 04 20 10 32 10.091     2013 04 20 10 35 29.356     199.3
378
 2013 04 20 12 21 33.670     2013 04 20 12 24 11.408     157.7
 2013 04 20 17 16 25.247     2013 04 20 17 19 39.243     194.0
379
 2013 04 20 13 50 51.754     2013 04 20 13 54  5.379     193.6
 2013 04 20 22 06 10.057     2013 04 20 22 08 46.996     156.9
380
 2013 04 20 10 31 43.445     2013 04 20 10 31 47.308       3.9
381
 2013 04 20 12 09 28.926     2013 04 20 12 12  6.673     157.7
 2013 04 20 22 15 58.611     2013 04 20 22 16 32.219      33.6
382
 2013 04 20 12 19  3.016     2013 04 20 12 22  1.586     178.6
 2013 04 20 18 54 40.958     2013 04 20 18 57 49.174     188.2
383
 2013 04 20 15 31 12.511     2013 04 20 15 34 27.408     194.9
 2013 04 20 20 26 55.132     2013 04 20 20 29 47.605     172.5
384
 2013 04 20 00 10 18.467     2013 04 20 00 13  8.844     170.4
385
 2013 04 20 13 52 57.786     2013 04 20 13 56 48.594     230.8
 2013 04 20 15 30 47.498     2013 04 20 15 31  5.077      17.6
 2013 04 20 20 27 20.094     2013 04 20 20 30 26.444     186.4
386
 2013 04 20 13 54 45.131     2013 04 20 13 57 25.599     160.5
 2013 04 20 20 29 12.602     2013 04 20 20 31 53.388     160.8
387
 2013 04 20 08 55  9.772     2013 04 20 08 58 36.873     207.1
 2013 04 20 20 43 17.547     2013 04 20 20 45 57.014     159.5
388
 2013 04 20 13 51 12.940     2013 04 20 13 54 50.654     217.7
 2013 04 20 22 05 39.717     2013 04 20 22 08 31.902     172.2
389
 2013 04 20 22 15 15.728     2013 04 20 22 15 46.037      30.3
390
 2013 04 20 22 09  9.721     2013 04 20 22 12  6.700     177.0
391
 2013 04 20 15 30 33.866     2013 04 20 15 33 11.295     157.4
 2013 04 20 20 25 26.830     2013 04 20 20 28 53.982     207.2
 2013 04 20 22 02 56.022     2013 04 20 22 03  6.847      10.8
392
 2013 04 20 10 31  6.723     2013 04 20 10 31 26.961      20.2
393
 2013 04 20 10 37 16.247     2013 04 20 10 40 51.868     215.6
 2013 04 20 20 37 36.890     2013 04 20 20 38 34.495      57.6
394
395
 2013 04 20 12 07  8.499     2013 04 20 12 09 43.257     154.8
396
 2013 04 20 12 09  2.443     2013 04 20 12 09  7.243       4.8
397
 2013 04 20 13 50 12.001     2013 04 20 13 52 52.804     160.8
 2013 04 20 22 07 21.258     2013 04 20 22 10 18.764     177.5
398
 2013 04 20 13 55 34.637     2013 04 20 13 59 22.278     227.6
 2013 04 20 18 51 42.495     2013 04 20 18 51 41.866       -.6
 2013 04 20 20 29 36.079     2013 04 20 20 29 44.314       8.2
399
400
 2013 04 20 12 10 22.859     2013 04 20 12 10 45.297      22.4
 2013 04 20 22 13 34.476     2013 04 20 22 16 20.798     166.3
401
 2013 04 20 20 40 13.826     2013 04 20 20 43 53.444     219.6
402
 2013 04 20 12 15 31.714     2013 04 20 12 18 30.754     179.0
 2013 04 20 20 31 42.673     2013 04 20 20 34 49.126     186.5
403
 2013 04 20 12 15 41.578     2013 04 20 12 19  9.715     208.1
 2013 04 20 20 31 25.437     2013 04 20 20 34 12.508     167.1
404
 2013 04 20 20 40 21.323     2013 04 20 20 43 31.115     189.8
405
 2013 04 20 00 07 38.407     2013 04 20 00 08  1.061      22.7
 2013 04 20 13 46 56.174     2013 04 20 13 49 51.306     175.1
406
 2013 04 20 22 13 53.884     2013 04 20 22 17 14.987     201.1
407
 2013 04 20 12 20 28.510     2013 04 20 12 21 45.146      76.6
 2013 04 20 18 55 26.410     2013 04 20 18 58 55.633     209.2
408
 2013 04 20 15 28 19.593     2013 04 20 15 32  4.452     224.9
 2013 04 20 22 04 39.072     2013 04 20 22 07 22.150     163.1
409
410
 2013 04 20 20 34 12.730     2013 04 20 20 37  2.213     169.5
411
412
 2013 04 20 20 41 50.659     2013 04 20 20 44 53.869     183.2
413
 2013 04 20 22 15 29.023     2013 04 20 22 18 59.710     210.7
414
 2013 04 20 20 30 20.914     2013 04 20 20 33 11.895     171.0
415
 2013 04 20 20 40 42.111     2013 04 20 20 43 17.725     155.6
416
 2013 04 20 13 53 18.782     2013 04 20 13 56 49.004     210.2
 2013 04 20 20 27 39.280     2013 04 20 20 30 36.018     176.7
417
 2013 04 20 10 40 16.505     2013 04 20 10 43 13.767     177.3
 2013 04 20 19 00 22.910     2013 04 20 19 00 54.327      31.4
418
419
 2013 04 20 13 53 39.742     2013 04 20 13 57  7.714     208.0
 2013 04 20 20 27 50.705     2013 04 20 20 30 32.674     162.0
420
 2013 04 20 20 30 44.301     2013 04 20 20 33 27.457     163.2
421
 2013 04 20 10 32 50.270     2013 04 20 10 35 54.908     184.6
422
 2013 04 20 13 48  8.383     2013 04 20 13 48 39.760      31.4
423
 2013 04 20 12 18 30.980     2013 04 20 12 22  6.213     215.2
 2013 04 20 18 54 55.206     2013 04 20 18 58 26.627     211.4
424
 2013 04 20 12 10 10.853     2013 04 20 12 13 51.214     220.4
 2013 04 20 22 13 35.435     2013 04 20 22 16 10.028     154.6
425
 2013 04 20 13 49 48.836     2013 04 20 13 52 30.112     161.3
 2013 04 20 22 07 12.792     2013 04 20 22 10 37.826     205.0
426
 2013 04 20 12 19 51.108     2013 04 20 12 22 31.843     160.7
 2013 04 20 18 54 38.220     2013 04 20 18 57 16.016     157.8
427
 2013 04 20 12 11 36.074     2013 04 20 12 14 15.733     159.7
 2013 04 20 22 12 17.210     2013 04 20 22 15  2.053     164.8
428
 2013 04 20 12 18 44.817     2013 04 20 12 22 29.954     225.1
 2013 04 20 13 56 33.850     2013 04 20 13 57 10.038      36.2
 2013 04 20 18 53   .592     2013 04 20 18 55 49.285     168.7
429
 2013 04 20 22 16 44.018     2013 04 20 22 19 18.166     154.1
430
 2013 04 20 20 41 37.777     2013 04 20 20 44 29.369     171.6
431
432
 2013 04 20 13 56 22.121     2013 04 20 13 59 17.648     175.5
 2013 04 20 18 51 46.114     2013 04 20 18 54 55.802     189.7
433
 2013 04 20 12 16 50.685     2013 04 20 12 19 48.017     177.3
 2013 04 20 20 32 49.270     2013 04 20 20 35 52.602     183.3
434
 2013 04 20 10 36 32.550     2013 04 20 10 39  7.762     155.2
 2013 04 20 20 37 50.927     2013 04 20 20 40 26.322     155.4
435
 2013 04 20 13 49 56.068     2013 04 20 13 52 44.926     168.9
 2013 04 20 22 07 29.572     2013 04 20 22 10 37.727     188.2
436
 2013 04 20 10 32  7.101     2013 04 20 10 34 41.527     154.4
437
 2013 04 20 13 54 16.428     2013 04 20 13 57 18.085     181.7
 2013 04 20 20 28 15.853     2013 04 20 20 30 53.801     157.9
438
 2013 04 20 13 52 53.036     2013 04 20 13 55 35.533     162.5
439
440
 2013 04 20 10 37 26.367     2013 04 20 10 40   .940     154.6
 2013 04 20 20 37  7.231     2013 04 20 20 40   .294     173.1
441
 2013 04 20 10 36 17.527     2013 04 20 10 38 55.191     157.7
 2013 04 20 20 38  1.592     2013 04 20 20 40 39.837     158.2
442
 2013 04 20 10 34 10.509     2013 04 20 10 34 46.592      36.1
 2013 04 20 20 39 21.555     2013 04 20 20 42 43.506     202.0
443
 2013 04 20 10 37 30.513     2013 04 20 10 37 58.980      28.5
444
445
446
 2013 04 20 10 37   .299     2013 04 20 10 39 59.152     178.9
 2013 04 20 20 36 45.860     2013 04 20 20 39 22.053     156.2
447
 2013 04 20 10 35  8.544     2013 04 20 10 37 42.198     153.7
 2013 04 20 20 40 34.437     2013 04 20 20 41 35.695      61.3
448
 2013 04 20 12 07 37.075     2013 04 20 12 10 10.223     153.1
449
 2013 04 20 00 13 37.560     2013 04 20 00 16 12.232     154.7
 2013 04 20 12 07 14.054     2013 04 20 12 08 13.205      59.2
450
 2013 04 20 12 15 32.643     2013 04 20 12 18 45.156     192.5
 2013 04 20 20 31 33.110     2013 04 20 20 34 33.373     180.3
451
 2013 04 20 00 10 23.304     2013 04 20 00 13 31.346     188.0
452
 2013 04 20 13 53 19.153     2013 04 20 13 53 51.954      32.8
 2013 04 20 15 31 18.280     2013 04 20 15 35  9.121     230.8
 2013 04 20 20 27 30.986     2013 04 20 20 30 15.172     164.2
453
 2013 04 20 12 13 54.599     2013 04 20 12 14 27.936      33.3
 2013 04 20 22 10 40.334     2013 04 20 22 13 41.227     180.9
454
 2013 04 20 10 38 19.427     2013 04 20 10 41 55.217     215.8
 2013 04 20 20 34 59.294     2013 04 20 20 36  4.598      65.3
455
456
 2013 04 20 15 31 26.990     2013 04 20 15 34 51.925     204.9
 2013 04 20 20 27 15.423     2013 04 20 20 29 57.657     162.2
457
 2013 04 20 13 54  5.720     2013 04 20 13 57 12.730     187.0
 2013 04 20 20 28 10.258     2013 04 20 20 30 48.151     157.9
458
 2013 04 20 10 33 29.565     2013 04 20 10 36  3.975     154.4
459
 2013 04 20 13 53 42.651     2013 04 20 13 56 23.098     160.4
 2013 04 20 20 28 22.658     2013 04 20 20 31 27.296     184.6
460
461
 2013 04 20 15 30 22.297     2013 04 20 15 33 58.445     216.1
 2013 04 20 20 26 22.422     2013 04 20 20 30 10.880     228.5
462
 2013 04 20 13 47 28.228     2013 04 20 13 50 56.728     208.5
463
 2013 04 20 10 41   .082     2013 04 20 10 43 52.352     172.3
 2013 04 20 18 57 15.548     2013 04 20 19 00 21.543     186.0
464
 2013 04 20 00 11 56.825     2013 04 20 00 14 52.355     175.5
465
 2013 04 20 12 19  6.849     2013 04 20 12 21 56.732     169.9
 2013 04 20 18 53 37.645     2013 04 20 18 56 36.765     179.1
466
 2013 04 20 10 41 54.664     2013 04 20 10 44 55.685     181.0
 2013 04 20 18 57 10.594     2013 04 20 18 59 48.786     158.2
467
 2013 04 20 13 54 58.746     2013 04 20 13 57 44.287     165.5
 2013 04 20 20 28 28.853     2013 04 20 20 31 24.991     176.1
468
 2013 04 20 13 52 24.764     2013 04 20 13 55 59.721     215.0
469
 2013 04 20 20 42 16.791     2013 04 20 20 44 59.698     162.9
470
 2013 04 20 13 56  4.538     2013 04 20 13 58 54.903     170.4
 2013 04 20 18 51 21.297     2013 04 20 18 54 52.763     211.5
471
 2013 04 20 13 50 37.591     2013 04 20 13 52 20.202     102.6
 2013 04 20 22 08 12.959     2013 04 20 22 11  4.179     171.2
472
 2013 04 20 10 34  6.414     2013 04 20 10 37 22.993     196.6
473
 2013 04 20 13 47 37.490     2013 04 20 13 50 13.107     155.6
474
475
 2013 04 20 13 51 47.573     2013 04 20 13 54 23.639     156.1
 2013 04 20 22 06 39.708     2013 04 20 22 09 48.769     189.1
476
 2013 04 20 15 30 47.602     2013 04 20 15 33 25.136     157.5
 2013 04 20 20 25 42.358     2013 04 20 20 28 53.410     191.1
477
 2013 04 20 20 39 47.268     2013 04 20 20 42 37.982     170.7
478
 2013 04 20 13 50 36.519     2013 04 20 13 53 16.538     160.0
 2013 04 20 22 07 23.883     2013 04 20 22 10  3.817     159.9
479
 2013 04 20 15 31 51.967     2013 04 20 15 34 56.738     184.8
 2013 04 20 20 27 10.651     2013 04 20 20 29 48.802     158.2
480
 2013 04 20 12 05 51.038     2013 04 20 12 07 20.160      89.1
481
482
 2013 04 20 12 11 44.637     2013 04 20 12 14 19.829     155.2
 2013 04 20 22 11 50.332     2013 04 20 22 14 31.552     161.2
483
 2013 04 20 20 43 56.660     2013 04 20 20 44 43.712      47.1
484
 2013 04 20 10 41 29.349     2013 04 20 10 44  8.341     159.0
 2013 04 20 18 58 13.358     2013 04 20 19 00 53.148     159.8
485
 2013 04 20 12 06 30.686     2013 04 20 12 09 11.213     160.5
486
 2013 04 20 10 38 12.606     2013 04 20 10 40 48.001     155.4
 2013 04 20 20 36 19.247     2013 04 20 20 40  4.728     225.5
487
 2013 04 20 12 14 32.460     2013 04 20 12 17 58.958     206.5
488
 2013 04 20 12 14 49.020     2013 04 20 12 17 58.683     189.7
 2013 04 20 20 34 25.949     2013 04 20 20 35 14.794      48.8
489
 2013 04 20 12 09 46.566     2013 04 20 12 13 32.526     226.0
 2013 04 20 22 13 45.408     2013 04 20 22 16 24.494     159.1
490
 2013 04 20 00 11 59.295     2013 04 20 00 12 24.686      25.4
 2013 04 20 12 06 17.708     2013 04 20 12 06 55.376      37.7
491
 2013 04 20 20 42 10.874     2013 04 20 20 45 28.046     197.2
492
 2013 04 20 20 41  5.018     2013 04 20 20 43 45.309     160.3
493
 2013 04 20 12 14 52.870     2013 04 20 12 18 19.649     206.8
 2013 04 20 20 33 26.934     2013 04 20 20 36 39.625     192.7
494
 2013 04 20 10 40  4.196     2013 04 20 10 42 43.856     159.7
495
 2013 04 20 20 39 54.935     2013 04 20 20 43   .675     185.7
496
 2013 04 20 10 41 18.908     2013 04 20 10 43 55.646     156.7
 2013 04 20 18 58  5.516     2013 04 20 19 00 52.971     167.5
497
 2013 04 20 20 39 13.419     2013 04 20 20 41 53.791     160.4
498
 2013 04 20 18 56  2.321     2013 04 20 18 58 53.578     171.3
499
 2013 04 20 13 51 43.620     2013 04 20 13 54 37.213     173.6
 2013 04 20 22 06  5.145     2013 04 20 22 09 12.470     187.3
