s1
0
 2013 04 20 20 50 32.797     2013 04 20 20 52   .753      88.0
1
 2013 04 20 09 04 54.125     2013 04 20 09 08   .667     186.5
2
3
 2013 04 20 15 36 19.022     2013 04 20 15 39  2.478     163.5
 2013 04 20 22 10 18.615     2013 04 20 22 13   .802     162.2
4
 2013 04 20 20 47 16.769     2013 04 20 20 48 39.293      82.5
5
 2013 04 20 14 01 14.614     2013 04 20 14 02 24.238      69.6
 2013 04 20 20 36 49.592     2013 04 20 20 39 27.150     157.6
6
 2013 04 20 00 23 33.979     2013 04 20 00 24   .180      26.2
7
8
 2013 04 20 22 20 46.717     2013 04 20 22 23 19.102     152.4
9
 2013 04 20 13 56 45.508     2013 04 20 14 00 12.308     206.8
 2013 04 20 22 14 32.496     2013 04 20 22 17 20.382     167.9
10
 2013 04 20 10 47 33.107     2013 04 20 10 50 27.316     174.2
 2013 04 20 19 04 53.690     2013 04 20 19 08 28.242     214.6
11
 2013 04 20 20 48 19.557     2013 04 20 20 51  8.103     168.5
12
 2013 04 20 10 48 18.333     2013 04 20 10 50 57.556     159.2
 2013 04 20 19 04 11.070     2013 04 20 19 07  9.403     178.3
13
14
 2013 04 20 12 17  9.252     2013 04 20 12 19 42.930     153.7
 2013 04 20 22 18 40.361     2013 04 20 22 22  6.235     205.9
15
 2013 04 20 20 36 30.563     2013 04 20 20 39 48.953     198.4
16
 2013 04 20 12 23  9.376     2013 04 20 12 24 44.351      95.0
 2013 04 20 20 40  8.813     2013 04 20 20 42 57.021     168.2
17
 2013 04 20 00 19 34.930     2013 04 20 00 22 58.500     203.6
18
 2013 04 20 13 55 29.307     2013 04 20 13 58  5.744     156.4
19
 2013 04 20 10 43 11.838     2013 04 20 10 44 46.792      95.0
 2013 04 20 20 45 19.286     2013 04 20 20 48   .415     161.1
20
 2013 04 20 13 56 45.576     2013 04 20 13 59 22.082     156.5
 2013 04 20 22 13 24.479     2013 04 20 22 16 54.919     210.4
21
 2013 04 20 00 17 55.762     2013 04 20 00 20 26.788     151.0
 2013 04 20 13 51 17.366     2013 04 20 13 51 45.421      28.1
22
 2013 04 20 13 57 58.016     2013 04 20 14 00 53.355     175.3
 2013 04 20 22 14  2.597     2013 04 20 22 16 40.006     157.4
23
 2013 04 20 00 21 43.972     2013 04 20 00 24 21.754     157.8
 2013 04 20 12 11 59.861     2013 04 20 12 15 13.736     193.9
24
25
 2013 04 20 12 16  3.737     2013 04 20 12 18 46.417     162.7
26
 2013 04 20 12 26 11.577     2013 04 20 12 29 49.717     218.1
 2013 04 20 14 03 53.639     2013 04 20 14 04 49.906      56.3
 2013 04 20 18 59 49.666     2013 04 20 19 02 25.201     155.5
27
 2013 04 20 10 46  2.745     2013 04 20 10 48 39.797     157.1
28
 2013 04 20 10 37 51.307     2013 04 20 10 41 28.889     217.6
 2013 04 20 22 23 34.673     2013 04 20 22 26 14.360     159.7
29
 2013 04 20 12 18 10.229     2013 04 20 12 21  3.039     172.8
 2013 04 20 22 19 10.515     2013 04 20 22 21 43.114     152.6
30
 2013 04 20 20 47 22.539     2013 04 20 20 49 59.679     157.1
31
 2013 04 20 12 23  8.023     2013 04 20 12 26  2.225     174.2
 2013 04 20 20 39 39.979     2013 04 20 20 42 12.734     152.8
32
 2013 04 20 12 12 44.961     2013 04 20 12 15 57.652     192.7
33
 2013 04 20 00 21 35.488     2013 04 20 00 24  8.676     153.2
 2013 04 20 12 14  6.883     2013 04 20 12 15  4.951      58.1
34
 2013 04 20 12 15  5.597     2013 04 20 12 17 54.670     169.1
35
 2013 04 20 20 40 39.927     2013 04 20 20 40 43.474       3.5
36
 2013 04 20 14 01 54.277     2013 04 20 14 02 12.977      18.7
 2013 04 20 20 36 39.568     2013 04 20 20 40  2.083     202.5
37
 2013 04 20 09 05 36.236     2013 04 20 09 06 54.858      78.6
 2013 04 20 20 49  9.128     2013 04 20 20 51 40.752     151.6
38
 2013 04 20 14 02  9.378     2013 04 20 14 04 48.411     159.0
 2013 04 20 20 35  6.193     2013 04 20 20 38  8.093     181.9
39
 2013 04 20 15 35 18.764     2013 04 20 15 39   .421     221.7
 2013 04 20 22 11  5.293     2013 04 20 22 13 41.827     156.5
40
 2013 04 20 12 15 21.781     2013 04 20 12 18 42.237     200.5
41
 2013 04 20 14 01 37.413     2013 04 20 14 04 34.976     177.6
 2013 04 20 20 34 48.500     2013 04 20 20 37 31.947     163.4
42
 2013 04 20 22 20 24.640     2013 04 20 22 22 55.421     150.8
43
 2013 04 20 10 45 42.816     2013 04 20 10 49 23.844     221.0
44
 2013 04 20 20 48  9.691     2013 04 20 20 50 55.803     166.1
45
 2013 04 20 14 00 21.177     2013 04 20 14 03 35.854     194.7
 2013 04 20 20 35 54.851     2013 04 20 20 39  9.893     195.0
46
 2013 04 20 12 23  3.156     2013 04 20 12 25 42.391     159.2
 2013 04 20 20 38 43.877     2013 04 20 20 41 26.640     162.8
47
 2013 04 20 12 24  6.293     2013 04 20 12 24 39.211      32.9
48
 2013 04 20 12 23 51.944     2013 04 20 12 26 28.007     156.1
 2013 04 20 20 39  1.167     2013 04 20 20 41 42.926     161.8
49
 2013 04 20 12 20 50.621     2013 04 20 12 23 31.659     161.0
50
 2013 04 20 12 28 22.391     2013 04 20 12 31 54.584     212.2
 2013 04 20 17 24   .961     2013 04 20 17 27 41.237     220.3
51
 2013 04 20 12 18 49.255     2013 04 20 12 21 48.269     179.0
 2013 04 20 22 18 42.532     2013 04 20 22 21 48.102     185.6
52
 2013 04 20 22 15 19.493     2013 04 20 22 17 51.736     152.2
53
 2013 04 20 20 36 30.036     2013 04 20 20 37  5.186      35.1
54
 2013 04 20 20 50 52.163     2013 04 20 20 50 58.130       6.0
55
 2013 04 20 10 46  4.451     2013 04 20 10 49 10.762     186.3
56
 2013 04 20 00 17  7.220     2013 04 20 00 20  4.488     177.3
 2013 04 20 13 52 20.241     2013 04 20 13 55 59.330     219.1
57
 2013 04 20 19 02 10.615     2013 04 20 19 05 51.322     220.7
58
 2013 04 20 20 46 39.355     2013 04 20 20 49 10.379     151.0
59
 2013 04 20 13 54 38.061     2013 04 20 13 56 22.944     104.9
60
 2013 04 20 00 20  1.323     2013 04 20 00 20  6.032       4.7
 2013 04 20 12 13 21.472     2013 04 20 12 16 55.072     213.6
61
 2013 04 20 00 19 16.659     2013 04 20 00 22 23.860     187.2
62
63
 2013 04 20 12 21 11.376     2013 04 20 12 23 45.783     154.4
64
 2013 04 20 14 01 51.211     2013 04 20 14 04 33.875     162.7
 2013 04 20 20 35  5.032     2013 04 20 20 37 51.514     166.5
65
 2013 04 20 10 41 31.404     2013 04 20 10 44 17.564     166.2
66
 2013 04 20 12 18 38.865     2013 04 20 12 21 46.181     187.3
 2013 04 20 22 18 53.398     2013 04 20 22 21 55.678     182.3
67
 2013 04 20 00 18 55.133     2013 04 20 00 21 42.269     167.1
68
 2013 04 20 12 24  9.868     2013 04 20 12 26 49.219     159.4
 2013 04 20 20 38 56.389     2013 04 20 20 41 57.831     181.4
69
 2013 04 20 13 57  6.788     2013 04 20 13 59 42.598     155.8
 2013 04 20 22 13 12.950     2013 04 20 22 16 20.014     187.1
70
 2013 04 20 22 22 49.263     2013 04 20 22 22 51.541       2.3
71
 2013 04 20 12 25  6.289     2013 04 20 12 28 16.431     190.1
72
 2013 04 20 10 43 36.868     2013 04 20 10 47 21.108     224.2
 2013 04 20 20 42 46.981     2013 04 20 20 45 22.439     155.5
73
 2013 04 20 09 05 52.086     2013 04 20 09 07 12.544      80.5
 2013 04 20 20 48 56.632     2013 04 20 20 51 35.915     159.3
74
 2013 04 20 12 21 24.572     2013 04 20 12 25  4.397     219.8
 2013 04 20 20 39 53.169     2013 04 20 20 40 58.307      65.1
75
76
 2013 04 20 20 46 56.072     2013 04 20 20 50  9.436     193.4
77
 2013 04 20 14 03 33.136     2013 04 20 14 07 11.120     218.0
 2013 04 20 18 59 18.418     2013 04 20 19 02  7.193     168.8
78
 2013 04 20 12 19 51.999     2013 04 20 12 23 35.100     223.1
79
 2013 04 20 09 03 37.926     2013 04 20 09 06 21.374     163.4
 2013 04 20 20 49 48.967     2013 04 20 20 52 39.180     170.2
80
 2013 04 20 13 58 43.148     2013 04 20 14 01 27.099     164.0
 2013 04 20 22 13 25.055     2013 04 20 22 16 37.477     192.4
81
82
 2013 04 20 12 26 30.489     2013 04 20 12 30 12.180     221.7
 2013 04 20 19 02 11.661     2013 04 20 19 04 45.828     154.2
83
 2013 04 20 10 47 34.409     2013 04 20 10 50 22.466     168.1
 2013 04 20 19 06 51.497     2013 04 20 19 07 33.152      41.7
84
85
 2013 04 20 12 13 30.508     2013 04 20 12 15 36.640     126.1
86
87
 2013 04 20 12 26 15.224     2013 04 20 12 29 20.686     185.5
 2013 04 20 19 00  7.335     2013 04 20 19 02 50.607     163.3
88
 2013 04 20 10 43 22.545     2013 04 20 10 46  1.658     159.1
 2013 04 20 20 44 34.922     2013 04 20 20 47 11.518     156.6
89
 2013 04 20 13 57  9.506     2013 04 20 14 00 25.034     195.5
 2013 04 20 22 14 26.911     2013 04 20 22 17  3.279     156.4
90
 2013 04 20 22 21 37.545     2013 04 20 22 24 24.880     167.3
91
 2013 04 20 00 19 52.902     2013 04 20 00 22 54.354     181.5
92
 2013 04 20 20 47 45.917     2013 04 20 20 50 22.609     156.7
93
 2013 04 20 12 23 26.179     2013 04 20 12 27 12.225     226.0
 2013 04 20 20 39 55.956     2013 04 20 20 42 57.460     181.5
94
 2013 04 20 14 03 29.111     2013 04 20 14 06 16.855     167.7
 2013 04 20 18 58 25.627     2013 04 20 19 01 22.786     177.2
95
 2013 04 20 13 58 31.556     2013 04 20 14 02  6.276     214.7
 2013 04 20 22 13 50.374     2013 04 20 22 17 33.841     223.5
96
 2013 04 20 15 36 15.998     2013 04 20 15 36 28.187      12.2
 2013 04 20 22 11 11.558     2013 04 20 22 14 26.630     195.1
97
 2013 04 20 15 37 24.239     2013 04 20 15 40 36.201     192.0
 2013 04 20 20 32 44.398     2013 04 20 20 36 20.673     216.3
98
 2013 04 20 20 37 24.609     2013 04 20 20 39 59.180     154.6
99
 2013 04 20 20 45 22.621     2013 04 20 20 45 23.496        .9
100
 2013 04 20 12 28 38.582     2013 04 20 12 31 14.519     155.9
 2013 04 20 17 23 13.257     2013 04 20 17 26 27.347     194.1
101
 2013 04 20 13 56 42.782     2013 04 20 13 59 30.927     168.1
 2013 04 20 22 13 47.910     2013 04 20 22 17  8.682     200.8
102
 2013 04 20 15 36 10.599     2013 04 20 15 39 20.469     189.9
 2013 04 20 22 10 45.059     2013 04 20 22 13 28.099     163.0
103
104
 2013 04 20 22 16 10.877     2013 04 20 22 18 43.782     152.9
105
 2013 04 20 22 15 39.736     2013 04 20 22 19 21.930     222.2
106
 2013 04 20 20 47 58.802     2013 04 20 20 50 50.221     171.4
107
 2013 04 20 15 38 27.046     2013 04 20 15 41 22.063     175.0
 2013 04 20 20 33 25.711     2013 04 20 20 36  2.696     157.0
108
 2013 04 20 20 36 55.810     2013 04 20 20 39 43.170     167.4
109
 2013 04 20 13 59 22.039     2013 04 20 14 02 25.343     183.3
110
 2013 04 20 12 23 16.156     2013 04 20 12 25 55.566     159.4
 2013 04 20 20 39 20.429     2013 04 20 20 41 53.775     153.3
111
 2013 04 20 10 47 19.411     2013 04 20 10 47 30.809      11.4
 2013 04 20 19 02 49.730     2013 04 20 19 06 32.631     222.9
112
 2013 04 20 12 17 26.131     2013 04 20 12 20 51.805     205.7
 2013 04 20 22 17 28.174     2013 04 20 22 20 38.736     190.6
113
 2013 04 20 10 38 35.097     2013 04 20 10 42 10.139     215.0
114
 2013 04 20 12 25  2.032     2013 04 20 12 28  5.011     183.0
115
 2013 04 20 00 20 31.248     2013 04 20 00 23  3.230     152.0
116
 2013 04 20 00 18 44.044     2013 04 20 00 21 26.182     162.1
117
 2013 04 20 22 16 17.074     2013 04 20 22 18 49.657     152.6
118
 2013 04 20 20 47 54.505     2013 04 20 20 50 25.411     150.9
119
 2013 04 20 10 44 59.953     2013 04 20 10 47 58.195     178.2
 2013 04 20 20 42 39.639     2013 04 20 20 45 45.198     185.6
120
 2013 04 20 20 47 26.942     2013 04 20 20 51  3.509     216.6
121
 2013 04 20 00 20   .643     2013 04 20 00 23 11.881     191.2
122
 2013 04 20 13 55 40.114     2013 04 20 13 58 41.420     181.3
123
124
 2013 04 20 12 24  5.598     2013 04 20 12 26 42.444     156.8
 2013 04 20 20 38 35.311     2013 04 20 20 41 25.834     170.5
125
 2013 04 20 14 03 41.923     2013 04 20 14 06 50.626     188.7
 2013 04 20 18 58 59.399     2013 04 20 19 01 45.009     165.6
126
 2013 04 20 00 17  4.185     2013 04 20 00 19 46.623     162.4
 2013 04 20 13 52 21.426     2013 04 20 13 55 37.856     196.4
127
 2013 04 20 00 16 35.650     2013 04 20 00 20 10.965     215.3
 2013 04 20 13 52 51.609     2013 04 20 13 56 31.280     219.7
128
 2013 04 20 13 54 55.251     2013 04 20 13 55  3.213       8.0
129
 2013 04 20 22 24 37.750     2013 04 20 22 25  6.993      29.2
130
 2013 04 20 10 46 57.945     2013 04 20 10 50  8.892     190.9
131
 2013 04 20 12 19 12.461     2013 04 20 12 22 27.792     195.3
 2013 04 20 22 17  3.694     2013 04 20 22 19 55.957     172.3
132
 2013 04 20 10 45 35.855     2013 04 20 10 48 31.161     175.3
133
 2013 04 20 12 22 13.612     2013 04 20 12 25 19.157     185.5
 2013 04 20 20 39 42.196     2013 04 20 20 42 48.888     186.7
134
135
 2013 04 20 13 56 35.164     2013 04 20 13 59 32.205     177.0
 2013 04 20 22 13 56.725     2013 04 20 22 17 19.423     202.7
136
 2013 04 20 20 41 22.980     2013 04 20 20 43 56.805     153.8
137
138
 2013 04 20 00 21 53.624     2013 04 20 00 24 34.865     161.2
 2013 04 20 12 12  5.790     2013 04 20 12 15  5.235     179.4
139
 2013 04 20 12 22  1.646     2013 04 20 12 24 43.740     162.1
 2013 04 20 20 41 43.888     2013 04 20 20 42 11.473      27.6
140
 2013 04 20 10 46 56.560     2013 04 20 10 47 22.172      25.6
 2013 04 20 19 05 50.523     2013 04 20 19 09 11.569     201.0
141
142
 2013 04 20 12 16 50.809     2013 04 20 12 20 12.407     201.6
 2013 04 20 22 20 50.808     2013 04 20 22 21 20.757      29.9
143
 2013 04 20 13 58  5.630     2013 04 20 14 01 45.119     219.5
 2013 04 20 22 12  5.632     2013 04 20 22 14 50.121     164.5
144
 2013 04 20 00 20 32.390     2013 04 20 00 23 57.313     204.9
145
 2013 04 20 00 19  7.209     2013 04 20 00 19 51.291      44.1
146
 2013 04 20 12 14 27.168     2013 04 20 12 17  2.626     155.5
147
 2013 04 20 10 47 14.730     2013 04 20 10 49 51.400     156.7
148
 2013 04 20 14 01 28.902     2013 04 20 14 05 18.573     229.7
 2013 04 20 20 36 43.449     2013 04 20 20 39 28.414     165.0
149
 2013 04 20 12 24 53.661     2013 04 20 12 25  4.277      10.6
150
 2013 04 20 20 41 55.154     2013 04 20 20 44 30.894     155.7
151
 2013 04 20 20 41 47.273     2013 04 20 20 44 27.448     160.2
152
 2013 04 20 12 15 38.590     2013 04 20 12 18 53.811     195.2
153
 2013 04 20 12 14 15.524     2013 04 20 12 17 55.335     219.8
154
 2013 04 20 14 00 30.967     2013 04 20 14 03 40.151     189.2
 2013 04 20 20 34 26.678     2013 04 20 20 37 18.376     171.7
155
 2013 04 20 20 40 41.079     2013 04 20 20 43 47.640     186.6
156
157
 2013 04 20 12 18 52.447     2013 04 20 12 21 43.556     171.1
 2013 04 20 22 17 44.511     2013 04 20 22 20 20.813     156.3
158
 2013 04 20 12 27 39.535     2013 04 20 12 30 15.315     155.8
 2013 04 20 19 00 56.522     2013 04 20 19 03 52.216     175.7
159
 2013 04 20 10 46 18.241     2013 04 20 10 49 45.599     207.4
160
161
 2013 04 20 22 21  1.474     2013 04 20 22 23 57.018     175.5
162
 2013 04 20 15 36 42.555     2013 04 20 15 39 30.583     168.0
 2013 04 20 22 10 15.712     2013 04 20 22 13 22.494     186.8
163
 2013 04 20 00 21 11.957     2013 04 20 00 24 29.718     197.8
 2013 04 20 12 12 45.306     2013 04 20 12 15 48.448     183.1
164
 2013 04 20 12 24 26.871     2013 04 20 12 27  3.612     156.7
 2013 04 20 20 38 37.956     2013 04 20 20 41 57.759     199.8
165
166
 2013 04 20 22 11 19.245     2013 04 20 22 14 45.889     206.6
167
 2013 04 20 22 16 21.878     2013 04 20 22 19  9.549     167.7
168
 2013 04 20 14 01 10.275     2013 04 20 14 04 46.461     216.2
 2013 04 20 15 38 56.875     2013 04 20 15 42 40.243     223.4
 2013 04 20 20 34 19.829     2013 04 20 20 37   .845     161.0
169
 2013 04 20 14 01  1.574     2013 04 20 14 03 37.287     155.7
 2013 04 20 20 35 17.182     2013 04 20 20 38  1.901     164.7
170
 2013 04 20 12 19 42.723     2013 04 20 12 20 12.539      29.8
171
 2013 04 20 12 26  5.155     2013 04 20 12 29 36.413     211.3
 2013 04 20 19 01 52.112     2013 04 20 19 04 44.605     172.5
172
 2013 04 20 10 45 46.856     2013 04 20 10 48 51.988     185.1
173
 2013 04 20 12 27 51.165     2013 04 20 12 31 16.753     205.6
 2013 04 20 19 01 41.470     2013 04 20 19 05 14.868     213.4
174
 2013 04 20 14 01 34.779     2013 04 20 14 01 50.853      16.1
 2013 04 20 22 11 53.503     2013 04 20 22 14 30.866     157.4
175
176
 2013 04 20 19 02 28.106     2013 04 20 19 05 28.640     180.5
177
178
 2013 04 20 12 24  4.896     2013 04 20 12 24 34.445      29.5
179
 2013 04 20 12 14  4.572     2013 04 20 12 16 44.572     160.0
180
 2013 04 20 14 03  9.205     2013 04 20 14 05 45.454     156.2
 2013 04 20 18 57 45.965     2013 04 20 19 00 58.641     192.7
181
 2013 04 20 12 18  6.274     2013 04 20 12 18 19.413      13.1
 2013 04 20 22 19 22.666     2013 04 20 22 22 45.586     202.9
182
 2013 04 20 10 47 48.526     2013 04 20 10 50 36.658     168.1
 2013 04 20 19 04 52.897     2013 04 20 19 08 11.423     198.5
183
 2013 04 20 13 57 47.263     2013 04 20 13 58  8.334      21.1
 2013 04 20 22 14 32.174     2013 04 20 22 17 41.014     188.8
184
 2013 04 20 12 17 36.642     2013 04 20 12 18 16.226      39.6
 2013 04 20 22 19 50.525     2013 04 20 22 22 35.567     165.0
185
186
 2013 04 20 10 41  2.743     2013 04 20 10 43 36.736     154.0
187
188
 2013 04 20 19 02 31.591     2013 04 20 19 05 25.124     173.5
189
 2013 04 20 10 48 23.857     2013 04 20 10 52 12.620     228.8
 2013 04 20 19 03 15.571     2013 04 20 19 05 51.510     155.9
190
 2013 04 20 14 00 43.903     2013 04 20 14 04 15.320     211.4
 2013 04 20 20 36 26.140     2013 04 20 20 39  9.230     163.1
191
 2013 04 20 13 55 25.994     2013 04 20 13 58  5.935     159.9
192
 2013 04 20 12 22  4.435     2013 04 20 12 23  5.916      61.5
 2013 04 20 20 40 25.574     2013 04 20 20 43  8.641     163.1
193
 2013 04 20 12 27 31.327     2013 04 20 12 30  9.484     158.2
 2013 04 20 19 00 44.667     2013 04 20 19 03 35.202     170.5
194
 2013 04 20 20 40 25.387     2013 04 20 20 43 52.616     207.2
195
 2013 04 20 10 45 39.650     2013 04 20 10 48 14.818     155.2
196
 2013 04 20 10 41 31.699     2013 04 20 10 44 45.528     193.8
 2013 04 20 20 48 42.036     2013 04 20 20 49  5.779      23.7
197
 2013 04 20 13 58 19.294     2013 04 20 14 01 36.603     197.3
 2013 04 20 22 12 18.127     2013 04 20 22 15  6.892     168.8
198
199
 2013 04 20 20 46 46.870     2013 04 20 20 49 41.196     174.3
200
 2013 04 20 15 36 59.371     2013 04 20 15 39 45.994     166.6
 2013 04 20 20 31 20.620     2013 04 20 20 34 55.191     214.6
 2013 04 20 22 09  6.379     2013 04 20 22 12 46.356     220.0
201
 2013 04 20 10 41 49.035     2013 04 20 10 42 21.362      32.3
 2013 04 20 20 45 53.494     2013 04 20 20 48 43.407     169.9
202
203
 2013 04 20 12 25 59.079     2013 04 20 12 28 35.139     156.1
 2013 04 20 19 00 22.497     2013 04 20 19 03 46.176     203.7
204
 2013 04 20 10 49 46.026     2013 04 20 10 52 45.697     179.7
 2013 04 20 19 03 25.543     2013 04 20 19 06 31.433     185.9
205
 2013 04 20 12 18 49.998     2013 04 20 12 22 11.058     201.1
 2013 04 20 22 18 42.307     2013 04 20 22 22 12.013     209.7
206
207
 2013 04 20 10 40 21.607     2013 04 20 10 43 19.242     177.6
208
 2013 04 20 00 20 43.601     2013 04 20 00 24 15.414     211.8
209
 2013 04 20 10 50 29.974     2013 04 20 10 54 10.239     220.3
 2013 04 20 17 24 30.983     2013 04 20 17 24 50.430      19.4
210
 2013 04 20 22 16 13.749     2013 04 20 22 19 18.127     184.4
211
 2013 04 20 10 38 24.684     2013 04 20 10 42  9.538     224.9
212
 2013 04 20 12 23 57.105     2013 04 20 12 27 11.486     194.4
 2013 04 20 20 37 49.438     2013 04 20 20 40 42.596     173.2
213
 2013 04 20 10 42 27.147     2013 04 20 10 45 18.325     171.2
 2013 04 20 20 46 48.046     2013 04 20 20 47 20.911      32.9
214
 2013 04 20 10 41 44.384     2013 04 20 10 44 57.860     193.5
 2013 04 20 20 45  8.625     2013 04 20 20 45 45.720      37.1
215
 2013 04 20 10 48 38.595     2013 04 20 10 51 58.296     199.7
 2013 04 20 19 03 35.311     2013 04 20 19 06  9.901     154.6
216
 2013 04 20 22 19 46.499     2013 04 20 22 20 34.636      48.1
217
 2013 04 20 22 20  6.549     2013 04 20 22 20  8.583       2.0
218
 2013 04 20 12 20 50.230     2013 04 20 12 24 16.366     206.1
219
 2013 04 20 12 19 38.442     2013 04 20 12 22 21.581     163.1
 2013 04 20 22 17 47.900     2013 04 20 22 19  2.014      74.1
220
 2013 04 20 10 41 11.099     2013 04 20 10 44 12.388     181.3
221
 2013 04 20 20 40 13.036     2013 04 20 20 40 23.868      10.8
222
 2013 04 20 20 48 34.916     2013 04 20 20 51 17.724     162.8
223
 2013 04 20 13 55  7.398     2013 04 20 13 57 45.748     158.3
224
 2013 04 20 22 21 28.936     2013 04 20 22 21 43.995      15.1
225
 2013 04 20 14 00  7.575     2013 04 20 14 00 12.569       5.0
 2013 04 20 22 14 30.369     2013 04 20 22 15 25.041      54.7
226
227
228
 2013 04 20 10 38 57.964     2013 04 20 10 39 21.820      23.9
229
 2013 04 20 22 15 32.499     2013 04 20 22 18 17.837     165.3
230
231
 2013 04 20 13 58 47.189     2013 04 20 14 01 37.993     170.8
 2013 04 20 22 12 28.510     2013 04 20 22 15 37.390     188.9
232
 2013 04 20 10 48  4.978     2013 04 20 10 51 21.249     196.3
 2013 04 20 19 03 31.130     2013 04 20 19 06 31.531     180.4
233
 2013 04 20 14 02 33.843     2013 04 20 14 05 47.201     193.4
 2013 04 20 20 35 54.185     2013 04 20 20 37 37.301     103.1
234
 2013 04 20 20 46 36.161     2013 04 20 20 49 59.109     202.9
235
 2013 04 20 10 43 42.579     2013 04 20 10 46 26.411     163.8
 2013 04 20 20 43 43.083     2013 04 20 20 46 19.214     156.1
236
 2013 04 20 20 42  2.069     2013 04 20 20 42 16.883      14.8
237
 2013 04 20 09 06 11.728     2013 04 20 09 07 38.326      86.6
 2013 04 20 20 48 33.577     2013 04 20 20 51 33.961     180.4
238
 2013 04 20 22 16 37.389     2013 04 20 22 19 10.400     153.0
239
 2013 04 20 00 18 57.042     2013 04 20 00 21 39.912     162.9
240
 2013 04 20 00 20 39.935     2013 04 20 00 23  9.851     149.9
241
 2013 04 20 12 22 19.670     2013 04 20 12 24 56.479     156.8
 2013 04 20 20 38 58.677     2013 04 20 20 42 25.658     207.0
242
 2013 04 20 09 04  1.010     2013 04 20 09 06 44.244     163.2
 2013 04 20 20 49 26.510     2013 04 20 20 52 39.494     193.0
243
 2013 04 20 20 47 33.709     2013 04 20 20 47 46.489      12.8
244
 2013 04 20 14 03 59.422     2013 04 20 14 07 10.992     191.6
 2013 04 20 18 59 14.549     2013 04 20 19 01 50.934     156.4
245
 2013 04 20 10 53 55.179     2013 04 20 10 53 56.958       1.8
 2013 04 20 19 02 12.168     2013 04 20 19 05 54.032     221.9
246
 2013 04 20 12 18 30.449     2013 04 20 12 21 10.483     160.0
 2013 04 20 22 18 48.501     2013 04 20 22 21 23.508     155.0
247
248
 2013 04 20 10 47 33.909     2013 04 20 10 51   .818     206.9
 2013 04 20 19 05 31.497     2013 04 20 19 08 35.742     184.2
249
 2013 04 20 12 20 42.490     2013 04 20 12 23 18.729     156.2
250
 2013 04 20 20 44 54.350     2013 04 20 20 48 27.050     212.7
251
 2013 04 20 22 18 45.187     2013 04 20 22 19 35.282      50.1
252
 2013 04 20 13 58  1.345     2013 04 20 14 01 12.592     191.2
 2013 04 20 22 14  9.408     2013 04 20 22 16 56.347     166.9
253
 2013 04 20 13 56 23.161     2013 04 20 13 59 34.501     191.3
 2013 04 20 22 15 19.324     2013 04 20 22 16  6.243      46.9
254
 2013 04 20 09 04 25.142     2013 04 20 09 07 47.633     202.5
 2013 04 20 20 48 18.903     2013 04 20 20 51 59.084     220.2
255
 2013 04 20 10 36 49.892     2013 04 20 10 40 19.951     210.1
 2013 04 20 22 24 11.556     2013 04 20 22 26 50.909     159.4
256
257
 2013 04 20 12 20 48.458     2013 04 20 12 24  3.000     194.5
258
 2013 04 20 00 19 54.125     2013 04 20 00 22 27.674     153.5
259
 2013 04 20 10 43 48.979     2013 04 20 10 47 35.000     226.0
 2013 04 20 20 44 46.619     2013 04 20 20 47 59.677     193.1
260
 2013 04 20 12 18 57.713     2013 04 20 12 21 58.769     181.1
 2013 04 20 22 17 29.748     2013 04 20 22 20  9.297     159.5
261
262
 2013 04 20 14 01 47.506     2013 04 20 14 04 41.136     173.6
 2013 04 20 20 34 50.304     2013 04 20 20 37 39.931     169.6
263
 2013 04 20 20 41  5.146     2013 04 20 20 44 12.743     187.6
264
 2013 04 20 22 22  8.267     2013 04 20 22 24 38.616     150.3
265
 2013 04 20 10 38 59.302     2013 04 20 10 41 35.094     155.8
 2013 04 20 22 23 31.431     2013 04 20 22 24  6.075      34.6
266
 2013 04 20 10 39 43.584     2013 04 20 10 42 40.944     177.4
267
 2013 04 20 12 13 36.398     2013 04 20 12 16 14.737     158.3
268
269
 2013 04 20 13 58 23.204     2013 04 20 14 01 15.526     172.3
 2013 04 20 22 12 42.992     2013 04 20 22 15 27.680     164.7
270
 2013 04 20 13 58 35.205     2013 04 20 14 01 10.689     155.5
 2013 04 20 22 13  7.646     2013 04 20 22 16   .041     172.4
271
272
 2013 04 20 12 24 39.503     2013 04 20 12 27 16.787     157.3
 2013 04 20 20 38  7.413     2013 04 20 20 41 40.014     212.6
273
274
 2013 04 20 12 16 52.740     2013 04 20 12 19 26.619     153.9
 2013 04 20 22 18 38.638     2013 04 20 22 18 40.847       2.2
275
 2013 04 20 20 46  9.829     2013 04 20 20 49 28.749     198.9
276
 2013 04 20 14 02 46.062     2013 04 20 14 06  7.356     201.3
 2013 04 20 18 58 13.424     2013 04 20 19 02  2.922     229.5
277
 2013 04 20 12 26 32.954     2013 04 20 12 30 11.041     218.1
 2013 04 20 14 04 19.424     2013 04 20 14 08  5.535     226.1
 2013 04 20 18 59 51.740     2013 04 20 19 02 28.623     156.9
278
 2013 04 20 12 21 30.132     2013 04 20 12 25  8.736     218.6
279
 2013 04 20 10 49 51.914     2013 04 20 10 52 30.085     158.2
 2013 04 20 19 03 53.657     2013 04 20 19 06 59.557     185.9
280
 2013 04 20 00 19 53.710     2013 04 20 00 23 12.280     198.6
281
 2013 04 20 10 44 30.563     2013 04 20 10 47  4.612     154.0
 2013 04 20 20 43 43.931     2013 04 20 20 46 27.283     163.4
282
 2013 04 20 00 19 31.160     2013 04 20 00 22 38.427     187.3
283
 2013 04 20 22 20 53.502     2013 04 20 22 23 27.821     154.3
284
 2013 04 20 12 23  4.476     2013 04 20 12 26   .796     176.3
 2013 04 20 20 39 42.334     2013 04 20 20 42 15.397     153.1
285
 2013 04 20 15 36  6.713     2013 04 20 15 37  3.036      56.3
 2013 04 20 22 11 11.956     2013 04 20 22 14  9.927     178.0
286
 2013 04 20 12 16 54.854     2013 04 20 12 19 34.152     159.3
 2013 04 20 22 18 59.116     2013 04 20 22 22 29.590     210.5
287
 2013 04 20 22 11 42.497     2013 04 20 22 14 18.963     156.5
288
 2013 04 20 09 08 41.740     2013 04 20 09 08 48.967       7.2
 2013 04 20 20 47 20.263     2013 04 20 20 47 32.792      12.5
289
 2013 04 20 10 48 27.483     2013 04 20 10 51 12.871     165.4
 2013 04 20 19 05  1.713     2013 04 20 19 07 41.834     160.1
290
 2013 04 20 10 43  5.679     2013 04 20 10 46 48.805     223.1
 2013 04 20 20 45 22.229     2013 04 20 20 47 56.806     154.6
291
 2013 04 20 10 47  8.538     2013 04 20 10 47 22.736      14.2
 2013 04 20 19 05 59.178     2013 04 20 19 09  1.890     182.7
292
 2013 04 20 22 19 42.439     2013 04 20 22 22 55.233     192.8
293
 2013 04 20 19 02 23.263     2013 04 20 19 05 25.129     181.9
294
 2013 04 20 20 47 24.954     2013 04 20 20 50 30.436     185.5
295
 2013 04 20 13 58 24.199     2013 04 20 14 02  3.960     219.8
 2013 04 20 22 13 57.701     2013 04 20 22 17 34.590     216.9
296
 2013 04 20 14 02 11.902     2013 04 20 14 05 30.227     198.3
 2013 04 20 20 36 10.223     2013 04 20 20 39 28.725     198.5
297
298
 2013 04 20 20 37 17.898     2013 04 20 20 39 51.452     153.6
299
300
 2013 04 20 14 01  1.524     2013 04 20 14 04 32.932     211.4
 2013 04 20 20 36 32.633     2013 04 20 20 39  7.135     154.5
301
 2013 04 20 10 45 52.336     2013 04 20 10 46 30.651      38.3
 2013 04 20 20 42 29.467     2013 04 20 20 46  7.431     218.0
302
 2013 04 20 00 17 51.622     2013 04 20 00 21  7.662     196.0
303
 2013 04 20 15 35 32.793     2013 04 20 15 38 46.552     193.8
 2013 04 20 22 10 47.062     2013 04 20 22 13 22.779     155.7
304
 2013 04 20 12 15 32.474     2013 04 20 12 17   .073      87.6
 2013 04 20 22 23 17.574     2013 04 20 22 23 58.239      40.7
305
 2013 04 20 10 48 55.610     2013 04 20 10 51 37.374     161.8
 2013 04 20 19 04 12.470     2013 04 20 19 06 45.778     153.3
306
 2013 04 20 22 19 49.841     2013 04 20 22 22 56.829     187.0
307
 2013 04 20 22 19 25.011     2013 04 20 22 19 29.407       4.4
308
 2013 04 20 19 02 45.134     2013 04 20 19 05 18.710     153.6
309
 2013 04 20 13 58 22.198     2013 04 20 14 00 57.675     155.5
 2013 04 20 22 13 15.145     2013 04 20 22 15 56.622     161.5
310
 2013 04 20 13 58 10.746     2013 04 20 14 00 46.338     155.6
 2013 04 20 22 13 19.386     2013 04 20 22 15 54.695     155.3
311
 2013 04 20 13 54 29.533     2013 04 20 13 57 17.343     167.8
312
 2013 04 20 10 47 17.151     2013 04 20 10 47 28.460      11.3
 2013 04 20 20 42 30.952     2013 04 20 20 45 13.560     162.6
313
 2013 04 20 10 49 40.346     2013 04 20 10 53 18.706     218.4
 2013 04 20 19 02 49.069     2013 04 20 19 06  5.873     196.8
314
 2013 04 20 10 48 29.056     2013 04 20 10 51 39.756     190.7
 2013 04 20 19 05 26.914     2013 04 20 19 07 59.567     152.7
315
 2013 04 20 12 17 41.078     2013 04 20 12 21  5.765     204.7
 2013 04 20 22 19 40.617     2013 04 20 22 22 12.744     152.1
316
 2013 04 20 13 55 36.831     2013 04 20 13 58 43.037     186.2
317
 2013 04 20 12 14 25.810     2013 04 20 12 17 11.613     165.8
318
 2013 04 20 12 19 11.355     2013 04 20 12 19 43.521      32.2
319
 2013 04 20 10 40   .724     2013 04 20 10 41 34.186      93.5
320
 2013 04 20 14 00  2.519     2013 04 20 14 03 47.450     224.9
 2013 04 20 20 36 10.220     2013 04 20 20 39 33.636     203.4
321
322
 2013 04 20 20 51 20.291     2013 04 20 20 51 19.662       -.6
323
324
 2013 04 20 20 40 54.140     2013 04 20 20 44  9.725     195.6
325
 2013 04 20 20 46 48.191     2013 04 20 20 49 56.551     188.4
326
 2013 04 20 12 21 26.882     2013 04 20 12 24  6.469     159.6
327
 2013 04 20 20 47 40.593     2013 04 20 20 50 15.144     154.6
328
 2013 04 20 13 53 13.183     2013 04 20 13 54  9.855      56.7
329
 2013 04 20 10 47 51.392     2013 04 20 10 50 39.306     167.9
 2013 04 20 19 04 53.949     2013 04 20 19 08  8.825     194.9
330
 2013 04 20 10 39 24.404     2013 04 20 10 42 56.573     212.2
331
 2013 04 20 22 22 32.261     2013 04 20 22 25 40.857     188.6
332
 2013 04 20 14 01  4.926     2013 04 20 14 03 57.041     172.1
 2013 04 20 20 34 52.960     2013 04 20 20 37 29.095     156.1
333
 2013 04 20 10 47 52.236     2013 04 20 10 50 58.717     186.5
 2013 04 20 19 05 17.945     2013 04 20 19 08 16.272     178.3
334
335
 2013 04 20 22 15 47.230     2013 04 20 22 18 28.756     161.5
336
337
338
 2013 04 20 13 58  9.157     2013 04 20 14 00 44.301     155.1
 2013 04 20 22 13 22.866     2013 04 20 22 15 57.696     154.8
339
 2013 04 20 09 04 26.477     2013 04 20 09 07  9.028     162.6
 2013 04 20 20 48 59.162     2013 04 20 20 50 30.706      91.5
340
 2013 04 20 10 48 22.475     2013 04 20 10 51  3.149     160.7
 2013 04 20 19 04 52.921     2013 04 20 19 07 39.566     166.6
341
 2013 04 20 22 21 58.631     2013 04 20 22 24 38.049     159.4
342
 2013 04 20 14 02 14.398     2013 04 20 14 02 13.770       -.6
 2013 04 20 22 11 39.205     2013 04 20 22 14 31.430     172.2
343
344
 2013 04 20 10 50 19.414     2013 04 20 10 53 58.265     218.9
345
 2013 04 20 10 42 43.702     2013 04 20 10 46  3.117     199.4
 2013 04 20 20 45 20.126     2013 04 20 20 47 56.647     156.5
346
 2013 04 20 12 21 20.092     2013 04 20 12 24 50.185     210.1
 2013 04 20 20 43 19.961     2013 04 20 20 43 42.500      22.5
347
348
 2013 04 20 22 15 39.267     2013 04 20 22 18 36.586     177.3
349
 2013 04 20 10 47 46.621     2013 04 20 10 50 58.654     192.0
 2013 04 20 19 05 21.724     2013 04 20 19 08 22.268     180.5
350
 2013 04 20 22 16   .047     2013 04 20 22 18 49.672     169.6
351
 2013 04 20 12 23   .999     2013 04 20 12 25 37.195     156.2
 2013 04 20 20 39 11.473     2013 04 20 20 41 53.206     161.7
352
 2013 04 20 10 42 50.322     2013 04 20 10 46 20.388     210.1
 2013 04 20 20 42 55.375     2013 04 20 20 46 14.514     199.1
353
 2013 04 20 10 42 10.897     2013 04 20 10 44 46.589     155.7
354
 2013 04 20 12 14 51.231     2013 04 20 12 17 29.204     158.0
355
 2013 04 20 20 40 24.369     2013 04 20 20 43 56.224     211.9
356
357
 2013 04 20 20 46 11.693     2013 04 20 20 48 45.412     153.7
358
 2013 04 20 12 24  4.331     2013 04 20 12 27  5.925     181.6
 2013 04 20 20 39 15.380     2013 04 20 20 42 29.566     194.2
359
 2013 04 20 12 26 35.976     2013 04 20 12 29 42.955     187.0
 2013 04 20 19 01 44.769     2013 04 20 19 04 21.947     157.2
360
 2013 04 20 12 28   .313     2013 04 20 12 31  8.756     188.4
 2013 04 20 19 01 27.382     2013 04 20 19 05  4.205     216.8
361
 2013 04 20 10 43 17.296     2013 04 20 10 44 50.422      93.1
 2013 04 20 20 45 15.128     2013 04 20 20 48   .346     165.2
362
 2013 04 20 14 01 11.107     2013 04 20 14 04 35.099     204.0
 2013 04 20 15 38 46.580     2013 04 20 15 39 34.606      48.0
 2013 04 20 20 34 28.951     2013 04 20 20 37  6.560     157.6
363
 2013 04 20 20 44  1.188     2013 04 20 20 44 57.957      56.8
364
365
 2013 04 20 13 55 22.627     2013 04 20 13 58 15.935     173.3
366
 2013 04 20 15 35 52.695     2013 04 20 15 36 40.955      48.3
 2013 04 20 22 11 17.455     2013 04 20 22 14  2.638     165.2
367
 2013 04 20 20 42  8.803     2013 04 20 20 45 39.676     210.9
368
 2013 04 20 12 19  2.740     2013 04 20 12 21 57.106     174.4
 2013 04 20 22 18 28.538     2013 04 20 22 21 44.796     196.3
369
 2013 04 20 10 44 20.683     2013 04 20 10 46 57.812     157.1
 2013 04 20 20 44  4.340     2013 04 20 20 46 47.528     163.2
370
 2013 04 20 10 41 41.625     2013 04 20 10 44 15.316     153.7
371
 2013 04 20 12 18 20.198     2013 04 20 12 19 42.058      81.9
 2013 04 20 22 19 10.507     2013 04 20 22 22 34.055     203.5
372
 2013 04 20 10 41 12.731     2013 04 20 10 43 58.109     165.4
373
 2013 04 20 14 01 15.650     2013 04 20 14 03 52.524     156.9
 2013 04 20 20 35 35.020     2013 04 20 20 38 11.834     156.8
374
 2013 04 20 10 50  7.076     2013 04 20 10 53 14.704     187.6
 2013 04 20 19 02 58.023     2013 04 20 19 06 36.721     218.7
375
 2013 04 20 10 37 46.552     2013 04 20 10 41  2.532     196.0
 2013 04 20 22 23 57.787     2013 04 20 22 26 33.844     156.1
376
 2013 04 20 13 59  4.343     2013 04 20 14 02 15.215     190.9
377
 2013 04 20 10 39 51.621     2013 04 20 10 42 40.243     168.6
378
 2013 04 20 12 28 52.535     2013 04 20 12 31 29.102     156.6
 2013 04 20 17 23 30.665     2013 04 20 17 26 31.341     180.7
379
 2013 04 20 13 58 13.764     2013 04 20 14 01  6.737     173.0
 2013 04 20 22 12 46.992     2013 04 20 22 15 25.497     158.5
380
381
 2013 04 20 12 16 38.919     2013 04 20 12 19 36.902     178.0
 2013 04 20 22 19 25.289     2013 04 20 22 22 50.680     205.4
382
 2013 04 20 12 26 14.752     2013 04 20 12 29 29.169     194.4
 2013 04 20 19 01 41.891     2013 04 20 19 04 31.902     170.0
383
 2013 04 20 15 38 13.623     2013 04 20 15 41 39.415     205.8
 2013 04 20 20 33 45.805     2013 04 20 20 36 27.380     161.6
384
 2013 04 20 00 18 11.271     2013 04 20 00 21 31.593     200.3
385
 2013 04 20 14 00 19.830     2013 04 20 14 03 47.824     208.0
 2013 04 20 20 34 12.963     2013 04 20 20 37  4.543     171.6
386
 2013 04 20 14 01 54.394     2013 04 20 14 04 41.282     166.9
 2013 04 20 20 35 54.326     2013 04 20 20 38 39.772     165.4
387
 2013 04 20 09 02 59.762     2013 04 20 09 05 52.737     173.0
 2013 04 20 20 50  5.503     2013 04 20 20 52 35.785     150.3
388
 2013 04 20 13 58 36.474     2013 04 20 14 01 49.606     193.1
 2013 04 20 22 12 10.437     2013 04 20 22 15 15.563     185.1
389
 2013 04 20 10 39 36.138     2013 04 20 10 40 24.443      48.3
390
 2013 04 20 22 15 57.715     2013 04 20 22 18 35.099     157.4
391
 2013 04 20 15 37 39.238     2013 04 20 15 40 16.824     157.6
 2013 04 20 20 32 20.010     2013 04 20 20 35 32.829     192.8
392
393
 2013 04 20 10 44 24.378     2013 04 20 10 44 27.803       3.4
394
395
 2013 04 20 12 14 19.734     2013 04 20 12 17 12.153     172.4
396
 2013 04 20 12 16 40.179     2013 04 20 12 19 54.187     194.0
397
 2013 04 20 13 57 18.047     2013 04 20 14 00 13.132     175.1
 2013 04 20 22 14  8.832     2013 04 20 22 16 47.943     159.1
398
 2013 04 20 12 28 54.629     2013 04 20 12 28 57.361       2.7
 2013 04 20 14 02 40.246     2013 04 20 14 03 11.013      30.8
 2013 04 20 18 58 45.488     2013 04 20 19 02 31.275     225.8
399
 2013 04 20 20 47 21.134     2013 04 20 20 47 51.685      30.6
400
 2013 04 20 22 20  1.575     2013 04 20 22 23  7.869     186.3
401
 2013 04 20 20 47 16.545     2013 04 20 20 50 19.056     182.5
402
 2013 04 20 12 22 58.794     2013 04 20 12 25 40.789     162.0
 2013 04 20 20 38 38.105     2013 04 20 20 41 23.886     165.8
403
 2013 04 20 12 23 12.050     2013 04 20 12 26 15.370     183.3
 2013 04 20 20 38 16.402     2013 04 20 20 40 51.049     154.6
404
 2013 04 20 20 46 49.350     2013 04 20 20 50 29.879     220.5
405
 2013 04 20 13 53 56.346     2013 04 20 13 57 18.718     202.4
406
 2013 04 20 22 20 14.786     2013 04 20 22 21  4.212      49.4
407
 2013 04 20 19 02  6.015     2013 04 20 19 03 42.017      96.0
408
 2013 04 20 15 35 16.538     2013 04 20 15 35 41.893      25.4
 2013 04 20 22 11 21.846     2013 04 20 22 13 55.886     154.0
409
410
 2013 04 20 20 41  5.103     2013 04 20 20 43 39.020     153.9
411
412
 2013 04 20 20 48 47.412     2013 04 20 20 51 24.513     157.1
413
 2013 04 20 10 43  3.371     2013 04 20 10 43 16.147      12.8
 2013 04 20 22 21 48.384     2013 04 20 22 21 56.687       8.3
414
 2013 04 20 20 37 12.663     2013 04 20 20 39 49.994     157.3
415
 2013 04 20 20 47 26.995     2013 04 20 20 50   .226     153.2
416
 2013 04 20 14 00 39.677     2013 04 20 14 03 49.875     190.2
 2013 04 20 20 34 31.023     2013 04 20 20 37 14.803     163.8
417
 2013 04 20 10 47 50.184     2013 04 20 10 50 30.452     160.3
 2013 04 20 19 03 55.361     2013 04 20 19 07 30.850     215.5
418
419
 2013 04 20 14 01   .151     2013 04 20 14 04  8.990     188.8
 2013 04 20 20 34 39.114     2013 04 20 20 37 13.904     154.8
420
 2013 04 20 12 23 40.423     2013 04 20 12 24  8.744      28.3
 2013 04 20 20 37 24.021     2013 04 20 20 40 15.514     171.5
421
 2013 04 20 10 39 58.451     2013 04 20 10 43 40.473     222.0
422
 2013 04 20 22 18 25.903     2013 04 20 22 18 52.763      26.9
423
 2013 04 20 12 25 40.018     2013 04 20 12 26 40.459      60.4
 2013 04 20 19 01 58.945     2013 04 20 19 05  7.207     188.3
424
 2013 04 20 22 20 11.048     2013 04 20 22 22 49.044     158.0
425
 2013 04 20 13 56 54.433     2013 04 20 13 59 51.018     176.6
 2013 04 20 22 14  4.725     2013 04 20 22 17  3.426     178.7
426
 2013 04 20 12 27  6.488     2013 04 20 12 29 54.514     168.0
 2013 04 20 19 01 30.602     2013 04 20 19 04  5.515     154.9
427
 2013 04 20 12 18 46.254     2013 04 20 12 21 45.663     179.4
 2013 04 20 22 18 45.441     2013 04 20 22 21 48.131     182.7
428
 2013 04 20 12 26 12.859     2013 04 20 12 29 36.106     203.2
 2013 04 20 18 59 57.336     2013 04 20 19 02 35.634     158.3
429
 2013 04 20 10 41   .028     2013 04 20 10 41 48.752      48.7
 2013 04 20 22 23 17.667     2013 04 20 22 25 58.473     160.8
430
 2013 04 20 09 07 32.797     2013 04 20 09 08  4.523      31.7
 2013 04 20 20 48  8.640     2013 04 20 20 51 25.313     196.7
431
432
 2013 04 20 14 03 30.304     2013 04 20 14 06 34.868     184.6
 2013 04 20 18 58 45.197     2013 04 20 19 01 40.956     175.8
433
 2013 04 20 12 24   .503     2013 04 20 12 27 18.046     197.5
 2013 04 20 20 39 22.915     2013 04 20 20 42 45.838     202.9
434
 2013 04 20 10 43 51.750     2013 04 20 10 46 41.428     169.7
 2013 04 20 20 44 35.121     2013 04 20 20 47 10.020     154.9
435
 2013 04 20 13 56 59.697     2013 04 20 14 00  8.155     188.5
 2013 04 20 22 14 19.250     2013 04 20 22 17  5.093     165.8
436
 2013 04 20 10 39 32.062     2013 04 20 10 42  9.430     157.4
437
 2013 04 20 14 01 34.460     2013 04 20 14 04 22.494     168.0
 2013 04 20 20 35   .173     2013 04 20 20 37 38.153     158.0
438
 2013 04 20 14 00  8.393     2013 04 20 14 02 44.165     155.8
 2013 04 20 20 34 34.222     2013 04 20 20 34 58.440      24.2
439
440
 2013 04 20 10 44 50.259     2013 04 20 10 47 29.394     159.1
 2013 04 20 20 43 39.780     2013 04 20 20 46 54.842     195.1
441
 2013 04 20 10 43 34.610     2013 04 20 10 46 31.178     176.6
 2013 04 20 20 44 48.953     2013 04 20 20 47 20.530     151.6
442
 2013 04 20 20 46 21.898     2013 04 20 20 49 11.669     169.8
443
 2013 04 20 10 41 40.386     2013 04 20 10 45  4.614     204.2
444
445
 2013 04 20 22 24 30.767     2013 04 20 22 25 24.153      53.4
446
 2013 04 20 10 44 35.924     2013 04 20 10 47 14.957     159.0
 2013 04 20 20 43 25.826     2013 04 20 20 46  9.814     164.0
447
 2013 04 20 10 42 29.601     2013 04 20 10 45 14.005     164.4
 2013 04 20 20 44 41.907     2013 04 20 20 48  1.065     199.2
448
 2013 04 20 12 14 51.961     2013 04 20 12 17 35.331     163.4
449
 2013 04 20 00 21 44.267     2013 04 20 00 24 21.021     156.8
 2013 04 20 12 11 57.867     2013 04 20 12 15 13.034     195.2
450
 2013 04 20 12 23  1.709     2013 04 20 12 25 52.745     171.0
 2013 04 20 20 38 27.353     2013 04 20 20 41  9.151     161.8
451
 2013 04 20 00 18 12.233     2013 04 20 00 19 39.399      87.2
452
 2013 04 20 14 00 40.876     2013 04 20 14 04 14.616     213.7
 2013 04 20 15 38 19.032     2013 04 20 15 38 49.164      30.1
 2013 04 20 20 34 20.056     2013 04 20 20 36 55.965     155.9
453
 2013 04 20 12 18  2.182     2013 04 20 12 21 28.006     205.8
 2013 04 20 22 17 29.606     2013 04 20 22 20  8.117     158.5
454
 2013 04 20 10 45 59.676     2013 04 20 10 49  5.066     185.4
455
456
 2013 04 20 14 03 49.611     2013 04 20 14 04 29.182      39.6
 2013 04 20 15 38 28.152     2013 04 20 15 42  4.153     216.0
 2013 04 20 20 34  3.816     2013 04 20 20 36 39.007     155.2
457
 2013 04 20 14 01 24.388     2013 04 20 14 04 16.345     172.0
 2013 04 20 20 34 56.070     2013 04 20 20 37 31.347     155.3
458
 2013 04 20 10 40 54.331     2013 04 20 10 43 32.019     157.7
459
 2013 04 20 14 00 57.024     2013 04 20 14 03 32.617     155.6
 2013 04 20 20 35 15.978     2013 04 20 20 38  4.697     168.7
460
 2013 04 20 22 11 17.896     2013 04 20 22 11 29.426      11.5
461
 2013 04 20 15 37 21.962     2013 04 20 15 41 12.799     230.8
 2013 04 20 20 33 17.910     2013 04 20 20 36 47.839     209.9
462
 2013 04 20 13 54 25.307     2013 04 20 13 55  1.973      36.7
463
 2013 04 20 10 48 32.279     2013 04 20 10 51 10.449     158.2
 2013 04 20 19 04 17.556     2013 04 20 19 07  2.659     165.1
464
 2013 04 20 00 20 16.968     2013 04 20 00 22 48.483     151.5
465
 2013 04 20 12 26 30.185     2013 04 20 12 29  9.579     159.4
 2013 04 20 19 00 36.609     2013 04 20 19 03 21.298     164.7
466
 2013 04 20 10 49 28.041     2013 04 20 10 52 11.905     163.9
 2013 04 20 19 03 58.549     2013 04 20 19 06 41.868     163.3
467
 2013 04 20 14 02 14.099     2013 04 20 14 04 51.985     157.9
 2013 04 20 20 35  7.348     2013 04 20 20 38 13.754     186.4
468
 2013 04 20 13 59 26.683     2013 04 20 14 00 21.116      54.4
469
 2013 04 20 09 06 28.320     2013 04 20 09 06 53.105      24.8
 2013 04 20 20 49  6.793     2013 04 20 20 51 36.782     150.0
470
 2013 04 20 14 03 12.939     2013 04 20 14 06 11.728     178.8
 2013 04 20 18 58 21.819     2013 04 20 19 01 37.278     195.5
471
 2013 04 20 22 14 41.963     2013 04 20 22 17 49.497     187.5
472
 2013 04 20 10 41 13.772     2013 04 20 10 42 14.639      60.9
 2013 04 20 20 45 41.973     2013 04 20 20 49 18.987     217.0
473
 2013 04 20 13 54 49.890     2013 04 20 13 57 26.776     156.9
474
475
 2013 04 20 13 58 58.584     2013 04 20 14 01 37.827     159.2
 2013 04 20 22 13  6.903     2013 04 20 22 16 35.380     208.5
476
 2013 04 20 15 37 52.819     2013 04 20 15 40 30.816     158.0
 2013 04 20 20 32 34.518     2013 04 20 20 35 32.692     178.2
477
 2013 04 20 20 46 40.623     2013 04 20 20 49 12.582     152.0
478
 2013 04 20 13 57 43.165     2013 04 20 14 00 36.101     172.9
 2013 04 20 22 14  5.545     2013 04 20 22 16 38.110     152.6
479
 2013 04 20 15 38 54.108     2013 04 20 15 42  7.152     193.0
 2013 04 20 20 33 55.397     2013 04 20 20 36 32.879     157.5
480
481
482
 2013 04 20 12 19  3.247     2013 04 20 12 21 40.561     157.3
 2013 04 20 22 18 20.228     2013 04 20 22 21 16.112     175.9
483
 2013 04 20 20 47 47.935     2013 04 20 20 51  7.200     199.3
484
 2013 04 20 10 48 49.191     2013 04 20 10 51 40.560     171.4
 2013 04 20 19 05  7.872     2013 04 20 19 07 40.479     152.6
485
 2013 04 20 12 13 54.161     2013 04 20 12 16 27.528     153.4
486
 2013 04 20 10 45 37.635     2013 04 20 10 48 15.058     157.4
487
 2013 04 20 12 22  3.825     2013 04 20 12 25  4.272     180.4
 2013 04 20 20 37 54.066     2013 04 20 20 38 29.352      35.3
488
 2013 04 20 12 22 18.251     2013 04 20 12 25  6.490     168.2
 2013 04 20 20 38 13.070     2013 04 20 20 41 45.418     212.3
489
 2013 04 20 22 20 26.944     2013 04 20 22 22 57.846     150.9
490
 2013 04 20 12 13 56.314     2013 04 20 12 17  4.758     188.4
491
 2013 04 20 20 49 10.353     2013 04 20 20 51 55.904     165.6
492
 2013 04 20 20 47 53.707     2013 04 20 20 50 24.031     150.3
493
 2013 04 20 12 21 58.213     2013 04 20 12 22 59.408      61.2
 2013 04 20 20 40 24.195     2013 04 20 20 43 12.382     168.2
494
 2013 04 20 10 47 32.300     2013 04 20 10 50  7.002     154.7
 2013 04 20 19 07 45.102     2013 04 20 19 08 10.167      25.1
495
 2013 04 20 20 46 52.350     2013 04 20 20 49 31.382     159.0
496
 2013 04 20 10 48 40.108     2013 04 20 10 51 26.314     166.2
 2013 04 20 19 05  3.426     2013 04 20 19 07 37.366     153.9
497
 2013 04 20 20 45 48.976     2013 04 20 20 48 45.467     176.5
498
 2013 04 20 10 52 22.437     2013 04 20 10 52 24.623       2.2
 2013 04 20 19 03   .769     2013 04 20 19 05 37.908     157.1
499
 2013 04 20 13 59  2.202     2013 04 20 14 01 42.406     160.2
 2013 04 20 22 12 33.059     2013 04 20 22 15 58.409     205.4
