0 4.5143 123.3739 2 16 7
2  45.0 45.0 0.00
1 10.4618 132.2915 3 27 6
2  45.0 45.0 0.00
2 17.5493 105.3860 9 23 8
2  45.0 45.0 0.00
3 48.2676 73.8958 9 22 8
2  45.0 45.0 0.00
4 13.1070 129.6408 4 29 7
2  45.0 45.0 0.00
5 45.4031 100.8498 10 16 6
2  45.0 45.0 0.00
6 4.4482 73.9693 5 23 7
2  45.0 45.0 0.00
7 24.7657 108.5062 7 25 7
2  45.0 45.0 0.00
8 15.2288 98.3235 3 23 6
2  45.0 45.0 0.00
9 33.7305 84.1438 7 27 6
2  45.0 45.0 0.00
10 33.1854 129.1753 6 15 7
2  45.0 45.0 0.00
11 7.3137 124.7889 10 23 8
2  45.0 45.0 0.00
12 37.2537 127.7864 5 23 9
2  45.0 45.0 0.00
13 16.7415 131.9419 8 15 9
2  45.0 45.0 0.00
14 18.6791 92.4611 5 28 7
2  45.0 45.0 0.00
15 42.0042 96.7431 1 24 9
2  45.0 45.0 0.00
16 36.1166 111.9727 4 26 8
2  45.0 45.0 0.00
17 7.6354 73.8265 9 15 7
2  45.0 45.0 0.00
18 31.6082 75.8224 6 15 5
2  45.0 45.0 0.00
19 19.5735 122.5512 6 25 7
2  45.0 45.0 0.00
20 34.6122 80.2191 4 27 9
2  45.0 45.0 0.00
21 16.9678 73.6919 3 22 7
2  45.0 45.0 0.00
22 37.5278 85.4423 2 24 6
2  45.0 45.0 0.00
23 4.7764 81.1909 8 29 9
2  45.0 45.0 0.00
24 16.0528 130.7499 7 22 6
2  45.0 45.0 0.00
25 16.3271 89.1711 9 26 9
2  45.0 45.0 0.00
26 50.7115 113.1433 8 16 7
2  45.0 45.0 0.00
27 30.1007 122.4241 7 28 7
2  45.0 45.0 0.00
28 7.0588 105.1544 6 23 6
2  45.0 45.0 0.00
29 21.2396 96.4979 9 26 7
2  45.0 45.0 0.00
30 12.7478 125.8962 6 26 9
2  45.0 45.0 0.00
31 36.4872 108.2384 2 21 5
2  45.0 45.0 0.00
32 3.4919 87.9168 10 22 8
2  45.0 45.0 0.00
33 4.0750 78.9781 3 17 8
2  45.0 45.0 0.00
34 13.5897 87.1532 2 23 7
2  45.0 45.0 0.00
35 39.2574 96.7138 6 17 7
2  45.0 45.0 0.00
36 46.7455 104.3263 5 20 7
2  45.0 45.0 0.00
37 6.6314 128.2741 6 18 6
2  45.0 45.0 0.00
38 50.7353 96.8280 1 28 7
2  45.0 45.0 0.00
39 44.6282 74.3987 6 28 5
2  45.0 45.0 0.00
40 16.2578 86.6928 9 17 6
2  45.0 45.0 0.00
41 50.9534 93.7260 4 19 6
2  45.0 45.0 0.00
42 16.7257 97.9934 5 28 7
2  45.0 45.0 0.00
43 27.3867 127.5082 2 16 5
2  45.0 45.0 0.00
44 8.0133 124.6028 2 27 7
2  45.0 45.0 0.00
45 43.7330 94.6514 3 16 9
2  45.0 45.0 0.00
46 38.0918 104.6255 8 15 8
2  45.0 45.0 0.00
47 35.3348 96.1617 3 16 5
2  45.0 45.0 0.00
48 39.3597 108.3291 6 29 9
2  45.0 45.0 0.00
49 29.9075 101.2419 8 20 6
2  45.0 45.0 0.00
50 49.2047 130.1369 1 25 5
2  45.0 45.0 0.00
51 23.2555 98.2302 8 23 9
2  45.0 45.0 0.00
52 32.9106 87.4003 5 22 7
2  45.0 45.0 0.00
53 40.3712 96.5296 8 19 6
2  45.0 45.0 0.00
54 8.0853 120.6451 5 29 7
2  45.0 45.0 0.00
55 28.5724 126.3933 5 27 9
2  45.0 45.0 0.00
56 20.1981 74.5513 8 26 8
2  45.0 45.0 0.00
57 40.4777 120.9743 9 15 9
2  45.0 45.0 0.00
58 14.3097 123.0972 9 16 8
2  45.0 45.0 0.00
59 27.3595 80.0924 1 22 6
2  45.0 45.0 0.00
60 10.2995 83.0132 1 15 9
2  45.0 45.0 0.00
61 9.5004 73.6540 10 17 7
2  45.0 45.0 0.00
62 28.7611 106.4421 3 25 6
2  45.0 45.0 0.00
63 31.6178 100.7737 2 25 8
2  45.0 45.0 0.00
64 50.3925 95.2501 10 21 7
2  45.0 45.0 0.00
65 16.3376 112.7891 3 19 7
2  45.0 45.0 0.00
66 22.6620 98.3807 10 24 9
2  45.0 45.0 0.00
67 11.8538 73.6277 6 28 9
2  45.0 45.0 0.00
68 39.9328 109.7938 8 21 7
2  45.0 45.0 0.00
69 36.4413 80.0235 4 27 7
2  45.0 45.0 0.00
70 4.2147 99.6124 5 27 6
2  45.0 45.0 0.00
71 41.7577 115.5052 1 22 8
2  45.0 45.0 0.00
72 26.3429 115.1145 7 24 8
2  45.0 45.0 0.00
73 7.6105 128.7709 9 28 8
2  45.0 45.0 0.00
74 31.0947 106.5027 10 27 9
2  45.0 45.0 0.00
75 19.7311 129.1897 3 28 6
2  45.0 45.0 0.00
76 10.4847 121.6903 6 27 5
2  45.0 45.0 0.00
77 50.4850 110.0415 10 20 8
2  45.0 45.0 0.00
78 26.4328 102.9625 8 18 5
2  45.0 45.0 0.00
79 4.8373 131.0099 3 26 8
2  45.0 45.0 0.00
80 39.9656 86.6766 3 16 7
2  45.0 45.0 0.00
81 26.2958 109.0395 9 27 5
2  45.0 45.0 0.00
82 44.9329 122.7682 8 19 5
2  45.0 45.0 0.00
83 35.7676 125.3211 6 23 8
2  45.0 45.0 0.00
84 26.7426 107.6322 10 16 9
2  45.0 45.0 0.00
85 6.1260 90.8150 6 25 8
2  45.0 45.0 0.00
86 21.3895 82.6147 2 17 9
2  45.0 45.0 0.00
87 49.0876 113.8587 9 19 6
2  45.0 45.0 0.00
88 20.4521 118.6528 5 19 5
2  45.0 45.0 0.00
89 34.9593 84.5505 10 17 7
2  45.0 45.0 0.00
90 11.2364 98.8903 6 15 8
2  45.0 45.0 0.00
91 11.1054 79.6636 8 17 9
2  45.0 45.0 0.00
92 11.4500 126.5294 9 17 9
2  45.0 45.0 0.00
93 36.9207 112.4468 4 19 6
2  45.0 45.0 0.00
94 51.7187 105.7007 7 19 6
2  45.0 45.0 0.00
95 38.6986 89.7608 6 15 9
2  45.0 45.0 0.00
96 46.5006 80.0684 9 16 5
2  45.0 45.0 0.00
97 49.8142 81.2489 1 20 6
2  45.0 45.0 0.00
98 43.5346 102.3130 7 19 7
2  45.0 45.0 0.00
99 25.8442 109.5031 3 21 8
2  45.0 45.0 0.00
100 52.0870 125.9193 3 28 9
2  45.0 45.0 0.00
101 33.9858 81.4160 7 25 6
2  45.0 45.0 0.00
102 47.1381 75.6691 1 17 5
2  45.0 45.0 0.00
103 5.5596 119.2195 10 15 9
2  45.0 45.0 0.00
104 30.0466 89.1676 5 15 8
2  45.0 45.0 0.00
105 27.2912 85.7997 9 27 5
2  45.0 45.0 0.00
106 8.2793 124.0965 2 20 8
2  45.0 45.0 0.00
107 52.4012 84.9791 9 17 7
2  45.0 45.0 0.00
108 42.8009 98.7712 4 17 6
2  45.0 45.0 0.00
109 41.3103 90.3918 8 18 7
2  45.0 45.0 0.00
110 37.3280 107.2022 3 23 6
2  45.0 45.0 0.00
111 38.6140 123.0875 8 19 5
2  45.0 45.0 0.00
112 23.3194 90.3195 2 24 5
2  45.0 45.0 0.00
113 4.5577 113.4447 10 22 6
2  45.0 45.0 0.00
114 45.5770 109.5524 10 23 7
2  45.0 45.0 0.00
115 8.5706 78.5000 7 27 9
2  45.0 45.0 0.00
116 12.7981 73.5158 1 20 9
2  45.0 45.0 0.00
117 29.7775 89.4624 5 16 5
2  45.0 45.0 0.00
118 10.6616 125.9897 2 15 6
2  45.0 45.0 0.00
119 28.3680 119.0003 10 16 6
2  45.0 45.0 0.00
120 7.6065 122.1382 8 29 7
2  45.0 45.0 0.00
121 6.8676 74.8223 4 16 8
2  45.0 45.0 0.00
122 34.0307 74.9120 7 22 5
2  45.0 45.0 0.00
123 22.8895 129.5340 10 27 8
2  45.0 45.0 0.00
124 40.8390 107.9192 4 22 5
2  45.0 45.0 0.00
125 51.4189 108.6120 8 17 7
2  45.0 45.0 0.00
126 20.2370 73.4260 2 22 5
2  45.0 45.0 0.00
127 21.8496 75.6509 10 26 7
2  45.0 45.0 0.00
128 28.2589 81.8650 4 21 6
2  45.0 45.0 0.00
129 9.0683 96.5087 6 28 7
2  45.0 45.0 0.00
130 31.2563 128.8268 6 21 9
2  45.0 45.0 0.00
131 28.5071 94.0514 10 28 8
2  45.0 45.0 0.00
132 27.1910 124.5851 4 25 7
2  45.0 45.0 0.00
133 33.6756 106.5847 3 21 5
2  45.0 45.0 0.00
134 20.6804 82.2737 6 20 6
2  45.0 45.0 0.00
135 33.4514 81.7828 9 16 7
2  45.0 45.0 0.00
136 31.8283 113.4547 7 26 9
2  45.0 45.0 0.00
137 23.7147 108.1217 6 22 5
2  45.0 45.0 0.00
138 4.3067 81.7438 5 15 5
2  45.0 45.0 0.00
139 35.2713 101.6937 9 28 5
2  45.0 45.0 0.00
140 31.0810 131.8137 10 26 9
2  45.0 45.0 0.00
141 23.5282 106.2333 3 16 5
2  45.0 45.0 0.00
142 21.1881 89.3152 4 20 5
2  45.0 45.0 0.00
143 43.4787 80.4698 9 27 9
2  45.0 45.0 0.00
144 4.4076 75.4309 9 19 8
2  45.0 45.0 0.00
145 13.3939 80.9473 6 19 7
2  45.0 45.0 0.00
146 9.5400 88.1667 3 29 7
2  45.0 45.0 0.00
147 32.8170 126.6649 2 27 8
2  45.0 45.0 0.00
148 46.0203 101.4038 2 21 8
2  45.0 45.0 0.00
149 40.7107 118.5700 1 28 6
2  45.0 45.0 0.00
150 29.0465 113.2055 1 28 6
2  45.0 45.0 0.00
151 29.0553 112.5889 10 16 6
2  45.0 45.0 0.00
152 16.9055 87.3053 1 25 9
2  45.0 45.0 0.00
153 8.5492 91.7979 3 27 9
2  45.0 45.0 0.00
154 48.7580 89.0755 3 17 9
2  45.0 45.0 0.00
155 30.7377 109.0861 10 24 8
2  45.0 45.0 0.00
156 25.4190 85.2448 8 16 6
2  45.0 45.0 0.00
157 26.0354 94.1103 8 25 8
2  45.0 45.0 0.00
158 49.8262 121.4350 6 22 7
2  45.0 45.0 0.00
159 34.0992 121.1187 9 23 7
2  45.0 45.0 0.00
160 25.0458 129.7158 10 29 5
2  45.0 45.0 0.00
161 15.6502 101.8738 2 15 6
2  45.0 45.0 0.00
162 48.9835 76.0605 4 22 7
2  45.0 45.0 0.00
163 6.7015 82.7225 6 19 5
2  45.0 45.0 0.00
164 40.9573 110.2253 8 17 6
2  45.0 45.0 0.00
165 8.3955 118.5690 3 24 9
2  45.0 45.0 0.00
166 40.6387 73.9117 4 17 8
2  45.0 45.0 0.00
167 28.1558 88.5537 4 15 6
2  45.0 45.0 0.00
168 51.9739 91.2863 5 21 6
2  45.0 45.0 0.00
169 47.2758 92.7837 7 29 9
2  45.0 45.0 0.00
170 25.9971 103.6870 8 21 8
2  45.0 45.0 0.00
171 44.0247 120.4565 3 23 8
2  45.0 45.0 0.00
172 27.6760 125.6447 1 15 9
2  45.0 45.0 0.00
173 48.2238 127.3025 7 27 6
2  45.0 45.0 0.00
174 43.7401 78.9446 1 15 8
2  45.0 45.0 0.00
175 25.7187 84.9477 9 27 8
2  45.0 45.0 0.00
176 41.9091 122.3703 5 24 6
2  45.0 45.0 0.00
177 15.0663 107.5248 10 22 7
2  45.0 45.0 0.00
178 38.6087 115.5279 6 20 5
2  45.0 45.0 0.00
179 8.1033 88.0546 10 22 8
2  45.0 45.0 0.00
180 52.0238 102.3882 8 25 9
2  45.0 45.0 0.00
181 21.0433 100.4387 10 26 9
2  45.0 45.0 0.00
182 34.0684 129.3528 8 27 6
2  45.0 45.0 0.00
183 36.5341 89.3672 3 27 9
2  45.0 45.0 0.00
184 19.4531 99.0313 4 21 8
2  45.0 45.0 0.00
185 8.3001 118.6230 4 27 8
2  45.0 45.0 0.00
186 13.1732 113.6342 8 17 9
2  45.0 45.0 0.00
187 17.4189 80.3542 5 25 6
2  45.0 45.0 0.00
188 42.2006 122.7228 6 24 8
2  45.0 45.0 0.00
189 41.6480 126.0014 9 15 9
2  45.0 45.0 0.00
190 44.4640 97.2163 3 23 6
2  45.0 45.0 0.00
191 30.3310 77.4748 5 29 7
2  45.0 45.0 0.00
192 33.0241 109.1788 9 15 5
2  45.0 45.0 0.00
193 50.2065 120.1318 6 27 9
2  45.0 45.0 0.00
194 30.4056 108.0771 10 24 7
2  45.0 45.0 0.00
195 28.0175 122.7323 6 26 9
2  45.0 45.0 0.00
196 14.1323 117.5402 6 28 7
2  45.0 45.0 0.00
197 42.9929 81.5507 9 27 7
2  45.0 45.0 0.00
198 13.6899 81.6251 9 17 6
2  45.0 45.0 0.00
199 12.0517 121.9143 10 21 5
2  45.0 45.0 0.00
200 52.3716 74.0768 10 16 9
2  45.0 45.0 0.00
201 15.2330 120.4610 8 16 8
2  45.0 45.0 0.00
202 38.8874 92.5320 10 17 9
2  45.0 45.0 0.00
203 45.9073 114.4027 7 23 6
2  45.0 45.0 0.00
204 43.0809 130.9999 8 20 5
2  45.0 45.0 0.00
205 23.2180 99.5409 8 18 7
2  45.0 45.0 0.00
206 37.2556 96.0144 4 24 9
2  45.0 45.0 0.00
207 13.2349 110.3069 7 29 8
2  45.0 45.0 0.00
208 3.4421 75.6147 7 15 7
2  45.0 45.0 0.00
209 47.4133 132.5698 2 17 8
2  45.0 45.0 0.00
210 27.5494 87.7488 1 17 6
2  45.0 45.0 0.00
211 4.0383 113.6005 2 16 6
2  45.0 45.0 0.00
212 43.1156 105.8383 4 24 6
2  45.0 45.0 0.00
213 19.7087 114.2562 3 19 6
2  45.0 45.0 0.00
214 14.8182 117.9089 5 27 8
2  45.0 45.0 0.00
215 40.9020 127.2046 8 26 9
2  45.0 45.0 0.00
216 23.5765 87.9025 9 22 6
2  45.0 45.0 0.00
217 24.9649 86.2436 10 19 8
2  45.0 45.0 0.00
218 29.4012 104.3314 6 25 6
2  45.0 45.0 0.00
219 26.0769 98.7727 9 25 6
2  45.0 45.0 0.00
220 13.0331 116.2226 9 27 6
2  45.0 45.0 0.00
221 40.1253 95.7628 9 22 8
2  45.0 45.0 0.00
222 8.8678 128.4397 4 18 6
2  45.0 45.0 0.00
223 30.6969 74.7564 10 18 7
2  45.0 45.0 0.00
224 8.6724 97.3354 9 23 8
2  45.0 45.0 0.00
225 38.7087 74.3235 10 22 9
2  45.0 45.0 0.00
226 19.4248 84.8552 3 21 5
2  45.0 45.0 0.00
227 37.5577 96.5519 7 18 7
2  45.0 45.0 0.00
228 5.9959 115.4652 2 25 6
2  45.0 45.0 0.00
229 33.2014 90.0866 5 20 7
2  45.0 45.0 0.00
230 24.6133 85.4600 3 18 7
2  45.0 45.0 0.00
231 42.7535 83.7149 8 16 6
2  45.0 45.0 0.00
232 39.0224 125.7541 2 25 6
2  45.0 45.0 0.00
233 48.9885 103.5688 1 17 8
2  45.0 45.0 0.00
234 11.0703 120.9056 3 25 6
2  45.0 45.0 0.00
235 23.2848 116.9880 8 18 6
2  45.0 45.0 0.00
236 24.4698 111.5686 4 15 7
2  45.0 45.0 0.00
237 9.0414 129.5202 9 28 6
2  45.0 45.0 0.00
238 28.6286 90.1249 9 27 6
2  45.0 45.0 0.00
239 12.0342 73.8636 5 20 6
2  45.0 45.0 0.00
240 7.7275 78.0961 6 25 6
2  45.0 45.0 0.00
241 34.6920 104.2936 2 29 8
2  45.0 45.0 0.00
242 6.0968 131.6607 4 27 5
2  45.0 45.0 0.00
243 6.8818 122.2124 8 17 7
2  45.0 45.0 0.00
244 51.8883 110.3194 10 28 9
2  45.0 45.0 0.00
245 46.7995 129.6574 8 19 9
2  45.0 45.0 0.00
246 22.5651 96.1249 6 28 8
2  45.0 45.0 0.00
247 20.2231 129.6061 3 27 7
2  45.0 45.0 0.00
248 32.9634 131.3187 3 16 5
2  45.0 45.0 0.00
249 29.7447 100.2988 9 26 8
2  45.0 45.0 0.00
250 21.0239 124.8591 4 28 6
2  45.0 45.0 0.00
251 26.6279 85.6904 6 28 7
2  45.0 45.0 0.00
252 37.4774 86.7409 3 16 6
2  45.0 45.0 0.00
253 36.8261 76.3838 10 16 9
2  45.0 45.0 0.00
254 9.7101 131.0966 4 25 6
2  45.0 45.0 0.00
255 3.2894 103.6188 4 27 9
2  45.0 45.0 0.00
256 24.0505 82.6254 2 24 7
2  45.0 45.0 0.00
257 29.3492 103.5926 3 23 5
2  45.0 45.0 0.00
258 9.6477 76.1020 8 20 5
2  45.0 45.0 0.00
259 21.5126 123.5964 6 28 5
2  45.0 45.0 0.00
260 26.9249 93.9371 2 28 6
2  45.0 45.0 0.00
261 22.6100 81.5565 3 24 9
2  45.0 45.0 0.00
262 51.1123 94.5417 6 28 6
2  45.0 45.0 0.00
263 29.4563 110.0331 9 24 9
2  45.0 45.0 0.00
264 11.3323 101.4573 4 29 5
2  45.0 45.0 0.00
265 7.1250 109.1202 3 22 8
2  45.0 45.0 0.00
266 11.1257 109.2349 10 26 9
2  45.0 45.0 0.00
267 6.6029 87.0957 8 19 6
2  45.0 45.0 0.00
268 22.2188 126.2682 9 23 7
2  45.0 45.0 0.00
269 41.6963 82.4386 8 16 6
2  45.0 45.0 0.00
270 40.6517 84.3574 1 28 8
2  45.0 45.0 0.00
271 3.2105 96.5692 10 27 5
2  45.0 45.0 0.00
272 42.5099 109.6201 2 28 5
2  45.0 45.0 0.00
273 20.9165 109.8003 5 15 7
2  45.0 45.0 0.00
274 17.7098 92.0691 8 21 5
2  45.0 45.0 0.00
275 16.9422 126.4107 1 20 6
2  45.0 45.0 0.00
276 49.2595 105.0899 5 17 8
2  45.0 45.0 0.00
277 51.6612 114.5644 3 15 9
2  45.0 45.0 0.00
278 36.9619 98.7082 8 18 5
2  45.0 45.0 0.00
279 41.7021 132.4017 1 23 5
2  45.0 45.0 0.00
280 11.0294 80.5894 5 22 8
2  45.0 45.0 0.00
281 24.7608 119.6576 8 26 8
2  45.0 45.0 0.00
282 8.7015 74.0717 7 21 8
2  45.0 45.0 0.00
283 15.7683 99.9745 3 17 9
2  45.0 45.0 0.00
284 36.2795 108.2356 5 17 9
2  45.0 45.0 0.00
285 46.2863 78.7252 1 19 5
2  45.0 45.0 0.00
286 17.4408 92.9886 3 17 9
2  45.0 45.0 0.00
287 42.9350 76.5225 4 23 5
2  45.0 45.0 0.00
288 12.7799 130.5359 8 19 6
2  45.0 45.0 0.00
289 36.0689 130.8375 6 24 9
2  45.0 45.0 0.00
290 19.2233 121.9906 8 26 8
2  45.0 45.0 0.00
291 31.6664 132.5269 8 23 7
2  45.0 45.0 0.00
292 19.9898 100.5034 9 23 7
2  45.0 45.0 0.00
293 42.0444 122.0720 4 23 6
2  45.0 45.0 0.00
294 12.8329 127.8680 5 17 5
2  45.0 45.0 0.00
295 38.3329 89.6796 3 28 6
2  45.0 45.0 0.00
296 48.0884 102.3132 5 21 6
2  45.0 45.0 0.00
297 26.6153 108.1176 10 21 5
2  45.0 45.0 0.00
298 43.3293 101.1874 8 29 5
2  45.0 45.0 0.00
299 39.8603 95.4900 5 27 9
2  45.0 45.0 0.00
300 45.1755 98.3578 9 19 7
2  45.0 45.0 0.00
301 23.5000 112.6842 6 25 7
2  45.0 45.0 0.00
302 17.7668 76.9540 1 19 5
2  45.0 45.0 0.00
303 45.5621 73.4123 10 18 7
2  45.0 45.0 0.00
304 12.7797 94.5913 10 20 7
2  45.0 45.0 0.00
305 39.3434 129.3032 7 29 7
2  45.0 45.0 0.00
306 19.5912 100.4067 6 16 7
2  45.0 45.0 0.00
307 26.9569 84.7802 6 15 9
2  45.0 45.0 0.00
308 43.5451 124.8372 5 29 5
2  45.0 45.0 0.00
309 40.0343 83.6958 5 27 6
2  45.0 45.0 0.00
310 39.5168 83.0892 6 18 9
2  45.0 45.0 0.00
311 27.1827 76.0789 7 25 9
2  45.0 45.0 0.00
312 26.5806 114.0753 9 17 5
2  45.0 45.0 0.00
313 44.9279 129.9028 8 27 7
2  45.0 45.0 0.00
314 35.7452 132.8239 5 21 5
2  45.0 45.0 0.00
315 19.5821 97.3863 2 18 5
2  45.0 45.0 0.00
316 30.4303 79.9652 9 26 9
2  45.0 45.0 0.00
317 11.1835 86.1592 8 18 9
2  45.0 45.0 0.00
318 24.3912 102.4730 1 17 9
2  45.0 45.0 0.00
319 9.3157 116.5748 1 29 7
2  45.0 45.0 0.00
320 42.6153 95.5120 6 18 8
2  45.0 45.0 0.00
321 39.6635 118.7953 10 17 8
2  45.0 45.0 0.00
322 6.8608 121.2098 3 23 9
2  45.0 45.0 0.00
323 20.7763 129.8627 4 17 6
2  45.0 45.0 0.00
324 33.9619 115.7435 6 28 7
2  45.0 45.0 0.00
325 11.1844 121.5730 1 21 5
2  45.0 45.0 0.00
326 33.2698 100.4461 10 27 7
2  45.0 45.0 0.00
327 11.6703 126.1498 1 29 5
2  45.0 45.0 0.00
328 23.0208 77.2795 1 22 7
2  45.0 45.0 0.00
329 34.2163 129.4585 1 18 8
2  45.0 45.0 0.00
330 11.9301 107.8320 7 25 9
2  45.0 45.0 0.00
331 6.9957 99.8362 10 25 8
2  45.0 45.0 0.00
332 49.1860 91.6825 8 16 8
2  45.0 45.0 0.00
333 33.9891 130.8691 7 29 9
2  45.0 45.0 0.00
334 26.4848 132.4937 2 16 5
2  45.0 45.0 0.00
335 30.3956 87.5006 2 20 7
2  45.0 45.0 0.00
336 14.1357 106.9358 5 26 6
2  45.0 45.0 0.00
337 4.2431 117.5802 9 29 7
2  45.0 45.0 0.00
338 39.3067 83.1719 1 18 6
2  45.0 45.0 0.00
339 7.4520 132.4068 2 25 9
2  45.0 45.0 0.00
340 35.9921 130.1172 4 20 7
2  45.0 45.0 0.00
341 12.3520 102.4051 2 22 8
2  45.0 45.0 0.00
342 44.9119 79.7670 5 18 6
2  45.0 45.0 0.00
343 20.9062 103.7413 6 25 9
2  45.0 45.0 0.00
344 46.8389 131.9957 7 21 9
2  45.0 45.0 0.00
345 18.0083 120.0848 5 27 5
2  45.0 45.0 0.00
346 30.8900 105.7773 1 21 5
2  45.0 45.0 0.00
347 16.5381 83.7265 8 19 6
2  45.0 45.0 0.00
348 29.7388 86.5940 7 19 5
2  45.0 45.0 0.00
349 33.6676 130.9796 2 27 8
2  45.0 45.0 0.00
350 31.8342 91.5118 8 25 6
2  45.0 45.0 0.00
351 36.8290 105.9837 6 23 5
2  45.0 45.0 0.00
352 23.1147 113.9112 9 21 8
2  45.0 45.0 0.00
353 17.5975 114.7265 9 16 7
2  45.0 45.0 0.00
354 11.9674 87.3663 3 22 6
2  45.0 45.0 0.00
355 35.5106 115.5531 2 18 8
2  45.0 45.0 0.00
356 19.6919 128.2119 8 16 6
2  45.0 45.0 0.00
357 15.4635 121.8931 5 17 8
2  45.0 45.0 0.00
358 39.0517 111.5544 1 17 6
2  45.0 45.0 0.00
359 45.6462 120.7162 3 24 6
2  45.0 45.0 0.00
360 48.8955 126.7079 9 19 7
2  45.0 45.0 0.00
361 19.8623 122.7469 6 20 5
2  45.0 45.0 0.00
362 51.3681 91.4675 9 27 6
2  45.0 45.0 0.00
363 27.1048 109.3307 6 16 5
2  45.0 45.0 0.00
364 26.8532 105.6287 7 21 7
2  45.0 45.0 0.00
365 29.8388 78.5205 6 17 5
2  45.0 45.0 0.00
366 45.7471 77.8475 3 29 9
2  45.0 45.0 0.00
367 24.9353 112.0418 9 24 8
2  45.0 45.0 0.00
368 24.0078 98.3900 2 15 8
2  45.0 45.0 0.00
369 23.6621 120.3230 2 27 8
2  45.0 45.0 0.00
370 15.3706 114.6630 8 22 8
2  45.0 45.0 0.00
371 21.7049 100.0982 4 26 9
2  45.0 45.0 0.00
372 15.2619 112.2746 1 19 9
2  45.0 45.0 0.00
373 47.3285 94.4460 10 15 7
2  45.0 45.0 0.00
374 44.5700 131.8894 2 20 5
2  45.0 45.0 0.00
375 5.6949 105.4741 2 25 7
2  45.0 45.0 0.00
376 40.4030 89.9677 2 21 6
2  45.0 45.0 0.00
377 11.0280 109.7859 1 19 7
2  45.0 45.0 0.00
378 52.3535 127.3358 5 25 8
2  45.0 45.0 0.00
379 41.2789 81.9474 10 16 8
2  45.0 45.0 0.00
380 5.7904 117.4528 3 20 8
2  45.0 45.0 0.00
381 16.2962 93.9114 10 21 7
2  45.0 45.0 0.00
382 44.6432 119.9051 4 19 8
2  45.0 45.0 0.00
383 51.1222 86.2875 3 28 9
2  45.0 45.0 0.00
384 16.6736 77.7529 9 24 9
2  45.0 45.0 0.00
385 49.2902 88.0751 2 24 5
2  45.0 45.0 0.00
386 48.2387 98.4387 5 28 6
2  45.0 45.0 0.00
387 3.3590 129.5465 1 27 7
2  45.0 45.0 0.00
388 43.6018 82.5103 8 27 5
2  45.0 45.0 0.00
389 13.2659 107.8969 7 29 7
2  45.0 45.0 0.00
390 30.2060 88.1706 10 18 9
2  45.0 45.0 0.00
391 51.8297 78.9884 10 20 7
2  45.0 45.0 0.00
392 3.7336 116.1448 10 20 5
2  45.0 45.0 0.00
393 23.4443 126.1794 5 16 8
2  45.0 45.0 0.00
394 4.0001 97.3009 3 21 5
2  45.0 45.0 0.00
395 8.7484 89.4309 1 23 6
2  45.0 45.0 0.00
396 20.2094 89.1704 10 18 5
2  45.0 45.0 0.00
397 35.5965 83.5431 9 29 6
2  45.0 45.0 0.00
398 48.3686 107.5413 2 20 7
2  45.0 45.0 0.00
399 7.6478 121.8769 8 26 8
2  45.0 45.0 0.00
400 18.9497 100.7226 3 19 5
2  45.0 45.0 0.00
401 9.9552 122.5489 10 16 9
2  45.0 45.0 0.00
402 38.1372 104.2080 9 15 7
2  45.0 45.0 0.00
403 40.2582 103.9306 7 17 5
2  45.0 45.0 0.00
404 14.6584 128.6056 8 27 7
2  45.0 45.0 0.00
405 25.2156 77.0539 4 29 6
2  45.0 45.0 0.00
406 18.0176 103.4577 10 29 5
2  45.0 45.0 0.00
407 47.1073 129.8060 7 15 6
2  45.0 45.0 0.00
408 44.3058 75.7635 8 15 7
2  45.0 45.0 0.00
409 22.3619 104.2085 5 26 9
2  45.0 45.0 0.00
410 31.8723 111.4883 10 24 9
2  45.0 45.0 0.00
411 22.6117 109.2184 1 26 8
2  45.0 45.0 0.00
412 6.5770 126.1197 5 26 9
2  45.0 45.0 0.00
413 12.7558 106.6766 6 29 9
2  45.0 45.0 0.00
414 42.9199 100.2665 8 28 6
2  45.0 45.0 0.00
415 12.3555 125.5904 10 21 5
2  45.0 45.0 0.00
416 49.2086 89.6049 10 16 6
2  45.0 45.0 0.00
417 35.9441 126.4582 4 16 5
2  45.0 45.0 0.00
418 16.9253 83.2083 3 19 8
2  45.0 45.0 0.00
419 50.0393 90.9562 7 16 9
2  45.0 45.0 0.00
420 44.2981 104.3373 3 27 5
2  45.0 45.0 0.00
421 9.1503 116.1476 2 18 9
2  45.0 45.0 0.00
422 28.7863 83.6880 9 24 8
2  45.0 45.0 0.00
423 42.7396 120.5718 6 20 8
2  45.0 45.0 0.00
424 18.2073 99.0747 9 29 8
2  45.0 45.0 0.00
425 34.4130 82.5928 5 17 8
2  45.0 45.0 0.00
426 47.3920 121.1178 1 22 9
2  45.0 45.0 0.00
427 23.0942 98.1519 2 15 6
2  45.0 45.0 0.00
428 49.9877 113.4034 3 18 6
2  45.0 45.0 0.00
429 8.0186 104.7685 8 22 6
2  45.0 45.0 0.00
430 10.3962 129.6875 9 21 5
2  45.0 45.0 0.00
431 22.5692 106.7072 10 17 8
2  45.0 45.0 0.00
432 51.1563 107.3164 6 22 9
2  45.0 45.0 0.00
433 38.6882 112.4563 10 25 8
2  45.0 45.0 0.00
434 21.7796 120.5226 2 17 6
2  45.0 45.0 0.00
435 34.5378 83.6500 10 26 5
2  45.0 45.0 0.00
436 7.9392 111.5842 4 28 9
2  45.0 45.0 0.00
437 50.1524 93.8185 9 22 5
2  45.0 45.0 0.00
438 45.0049 89.4269 8 20 8
2  45.0 45.0 0.00
439 21.3908 83.5568 3 21 6
2  45.0 45.0 0.00
440 25.1383 121.5847 10 28 5
2  45.0 45.0 0.00
441 20.7940 120.4275 6 16 5
2  45.0 45.0 0.00
442 13.6942 121.3241 3 17 6
2  45.0 45.0 0.00
443 19.0028 111.9066 5 24 9
2  45.0 45.0 0.00
444 21.3394 83.3810 1 25 9
2  45.0 45.0 0.00
445 8.0906 97.3000 4 22 5
2  45.0 45.0 0.00
446 25.7405 119.0973 6 22 5
2  45.0 45.0 0.00
447 17.4519 117.4731 10 27 6
2  45.0 45.0 0.00
448 10.6294 89.7039 6 20 8
2  45.0 45.0 0.00
449 4.7348 81.1054 6 17 5
2  45.0 45.0 0.00
450 38.9686 103.8694 10 21 6
2  45.0 45.0 0.00
451 16.4875 79.0037 7 15 8
2  45.0 45.0 0.00
452 50.5441 89.3419 5 29 7
2  45.0 45.0 0.00
453 25.2798 91.4646 9 16 6
2  45.0 45.0 0.00
454 31.9419 120.9433 2 20 7
2  45.0 45.0 0.00
455 7.4195 120.7052 9 29 6
2  45.0 45.0 0.00
456 51.3360 88.2541 3 20 5
2  45.0 45.0 0.00
457 50.0160 92.9870 9 18 6
2  45.0 45.0 0.00
458 12.4488 113.9748 7 16 9
2  45.0 45.0 0.00
459 47.0112 92.5727 6 27 9
2  45.0 45.0 0.00
460 39.3477 73.6890 2 27 9
2  45.0 45.0 0.00
461 49.0158 83.8277 4 29 7
2  45.0 45.0 0.00
462 26.7332 80.2176 6 26 7
2  45.0 45.0 0.00
463 37.8323 128.5233 5 26 8
2  45.0 45.0 0.00
464 8.6240 76.9876 9 26 8
2  45.0 45.0 0.00
465 47.7962 115.8575 10 21 9
2  45.0 45.0 0.00
466 41.1089 130.7406 10 16 5
2  45.0 45.0 0.00
467 50.7619 97.3011 6 20 8
2  45.0 45.0 0.00
468 40.9929 94.2421 10 27 9
2  45.0 45.0 0.00
469 6.4342 127.6379 2 23 7
2  45.0 45.0 0.00
470 50.7417 105.4268 9 16 5
2  45.0 45.0 0.00
471 36.0246 89.6863 10 18 5
2  45.0 45.0 0.00
472 13.3012 119.0271 5 16 7
2  45.0 45.0 0.00
473 28.6160 75.7072 8 23 9
2  45.0 45.0 0.00
474 17.5814 107.4069 5 29 8
2  45.0 45.0 0.00
475 40.9223 86.9079 2 28 7
2  45.0 45.0 0.00
476 52.2646 80.1617 10 28 5
2  45.0 45.0 0.00
477 14.0866 122.9615 1 15 5
2  45.0 45.0 0.00
478 36.8566 84.5422 9 20 6
2  45.0 45.0 0.00
479 52.6370 88.8385 8 20 5
2  45.0 45.0 0.00
480 4.1781 91.7468 7 24 9
2  45.0 45.0 0.00
481 22.0694 105.9985 6 20 9
2  45.0 45.0 0.00
482 24.4347 96.9094 3 26 5
2  45.0 45.0 0.00
483 7.3332 123.0659 5 16 7
2  45.0 45.0 0.00
484 36.9814 132.3725 6 21 5
2  45.0 45.0 0.00
485 7.9629 86.7660 9 25 5
2  45.0 45.0 0.00
486 27.7235 123.0533 2 27 8
2  45.0 45.0 0.00
487 36.6423 100.9858 9 29 7
2  45.0 45.0 0.00
488 36.5879 102.0612 7 17 9
2  45.0 45.0 0.00
489 16.9321 98.5583 5 18 9
2  45.0 45.0 0.00
490 10.9154 84.5512 7 29 7
2  45.0 45.0 0.00
491 4.7010 126.3344 10 23 5
2  45.0 45.0 0.00
492 10.5977 125.7756 5 19 8
2  45.0 45.0 0.00
493 32.7236 108.9012 8 29 5
2  45.0 45.0 0.00
494 34.0117 126.8568 9 24 8
2  45.0 45.0 0.00
495 12.7637 122.7050 9 22 7
2  45.0 45.0 0.00
496 36.6643 131.4953 6 27 7
2  45.0 45.0 0.00
497 18.0975 124.5418 10 19 8
2  45.0 45.0 0.00
498 42.1969 125.0891 9 26 9
2  45.0 45.0 0.00
499 42.6082 85.0941 5 20 5
2  45.0 45.0 0.00
