s4
0
2013 04 20 10 24  7.077     2013 04 20 10 26 50.278     163.2
1
2013 04 20 11 53 14.861     2013 04 20 11 55 51.865     157.0
2
2013 04 20 20 24 21.155     2013 04 20 20 25 28.000      66.8
3
2013 04 20 00 00   .000     2013 04 20 00 00   .307        .3
2013 04 20 11 49  9.143     2013 04 20 11 52 45.926     216.8
2013 04 20 23 38 24.327     2013 04 20 23 41  1.695     157.4
4
2013 04 20 12 01 44.080     2013 04 20 12 04 47.604     183.5
2013 04 20 20 18 31.246     2013 04 20 20 21 42.729     191.5
5
2013 04 20 11 59 27.633     2013 04 20 12 03 18.096     230.5
2013 04 20 20 19 24.754     2013 04 20 20 22 37.805     193.1
6
2013 04 20 11 58 54.999     2013 04 20 12 02 30.167     215.2
7
2013 04 20 13 40 44.475     2013 04 20 13 43 27.863     163.4
2013 04 20 18 36 18.179     2013 04 20 18 36 52.754      34.6
2013 04 20 20 14 33.256     2013 04 20 20 18 19.506     226.3
8
9
10
2013 04 20 10 18 55.396     2013 04 20 10 21 34.070     158.7
11
2013 04 20 10 18 29.154     2013 04 20 10 22  8.423     219.3
2013 04 20 20 28 45.663     2013 04 20 20 28 52.931       7.3
12
2013 04 20 13 28 57.568     2013 04 20 13 31 38.555     161.0
2013 04 20 23 36 44.969     2013 04 20 23 37 12.996      28.0
13
2013 04 20 23 38 58.151     2013 04 20 23 40 21.488      83.3
14
15
2013 04 20 13 40 16.456     2013 04 20 13 43 15.104     178.6
2013 04 20 20 15  6.102     2013 04 20 20 18 19.326     193.2
16
2013 04 20 11 57 13.239     2013 04 20 12 00 48.976     215.7
17
2013 04 20 13 39 45.428     2013 04 20 13 42 46.285     180.9
2013 04 20 20 13 56.757     2013 04 20 20 16 48.205     171.4
18
2013 04 20 12 00 32.420     2013 04 20 12 03 21.455     169.0
2013 04 20 20 17 42.062     2013 04 20 20 20 39.685     177.6
19
2013 04 20 12 01  6.321     2013 04 20 12 04 37.506     211.2
2013 04 20 20 19  7.054     2013 04 20 20 21 57.524     170.5
20
2013 04 20 22 00  1.449     2013 04 20 22 02 36.390     154.9
21
2013 04 20 00 00   .000     2013 04 20 00 00  3.172       3.2
2013 04 20 11 49 54.367     2013 04 20 11 53  6.228     191.9
2013 04 20 23 38 22.135     2013 04 20 23 41  4.477     162.3
22
2013 04 20 22 02 40.389     2013 04 20 22 05 30.015     169.6
23
24
25
2013 04 20 20 25 23.772     2013 04 20 20 28 32.399     188.6
26
2013 04 20 11 58 38.076     2013 04 20 12 01 15.479     157.4
27
2013 04 20 13 31 16.935     2013 04 20 13 34 11.590     174.7
2013 04 20 23 32 54.284     2013 04 20 23 35 59.402     185.1
28
2013 04 20 13 39 21.185     2013 04 20 13 42 38.710     197.5
2013 04 20 15 17  6.171     2013 04 20 15 17 22.073      15.9
2013 04 20 20 13 45.853     2013 04 20 20 16 27.634     161.8
29
2013 04 20 15 14 55.497     2013 04 20 15 17 41.557     166.1
2013 04 20 21 49 39.709     2013 04 20 21 52 41.608     181.9
30
31
2013 04 20 10 15 59.730     2013 04 20 10 19 11.045     191.3
32
2013 04 20 11 55 43.399     2013 04 20 11 59 14.169     210.8
2013 04 20 21 58 58.815     2013 04 20 22 01 47.917     169.1
33
2013 04 20 11 53 46.694     2013 04 20 11 56 54.894     188.2
34
2013 04 20 12 03 52.489     2013 04 20 12 06 47.152     174.7
2013 04 20 18 39  4.704     2013 04 20 18 42  6.474     181.8
35
2013 04 20 10 22 32.692     2013 04 20 10 25 23.946     171.3
2013 04 20 20 22 39.756     2013 04 20 20 23 49.713      70.0
36
37
38
2013 04 20 10 21 30.414     2013 04 20 10 24 30.467     180.1
2013 04 20 20 22 35.260     2013 04 20 20 25 10.613     155.4
39
2013 04 20 20 26 49.382     2013 04 20 20 29 24.377     155.0
40
2013 04 20 13 32 57.643     2013 04 20 13 36 31.833     214.2
41
2013 04 20 10 19  6.059     2013 04 20 10 19 14.135       8.1
2013 04 20 22 02 50.600     2013 04 20 22 05 29.335     158.7
42
2013 04 20 12 03 30.478     2013 04 20 12 06 42.863     192.4
2013 04 20 18 40 10.032     2013 04 20 18 43 42.615     212.6
43
2013 04 20 13 31 30.494     2013 04 20 13 35 16.125     225.6
2013 04 20 23 30 59.689     2013 04 20 23 33 53.715     174.0
44
2013 04 20 10 24 13.791     2013 04 20 10 27 17.345     183.6
45
2013 04 20 13 35 17.377     2013 04 20 13 35 44.465      27.1
2013 04 20 21 54 21.089     2013 04 20 21 57  5.046     164.0
46
2013 04 20 11 59 46.169     2013 04 20 12 02 26.889     160.7
2013 04 20 20 18  5.477     2013 04 20 20 18 31.339      25.9
47
48
2013 04 20 15 15 37.010     2013 04 20 15 18 15.633     158.6
2013 04 20 20 11  2.082     2013 04 20 20 14 42.084     220.0
2013 04 20 21 48 57.192     2013 04 20 21 50   .927      63.7
49
2013 04 20 13 39 36.166     2013 04 20 13 42 15.134     159.0
2013 04 20 20 14 33.652     2013 04 20 20 17 11.577     157.9
50
2013 04 20 13 36 51.137     2013 04 20 13 39 56.865     185.7
2013 04 20 21 52 55.916     2013 04 20 21 56 41.601     225.7
51
2013 04 20 20 27 11.105     2013 04 20 20 30 17.290     186.2
52
2013 04 20 10 23 14.333     2013 04 20 10 26 48.876     214.5
53
2013 04 20 13 40  9.266     2013 04 20 13 43 35.368     206.1
2013 04 20 20 15 26.347     2013 04 20 20 18 44.517     198.2
54
2013 04 20 12 05 51.415     2013 04 20 12 06 31.237      39.8
2013 04 20 18 41 10.741     2013 04 20 18 41 41.748      31.0
55
2013 04 20 12 00 20.199     2013 04 20 12 03  1.684     161.5
2013 04 20 20 17 48.981     2013 04 20 20 21  2.247     193.3
56
57
2013 04 20 21 59 45.307     2013 04 20 22 03  4.552     199.2
58
59
2013 04 20 13 35  7.591     2013 04 20 13 38 39.705     212.1
2013 04 20 21 51 49.747     2013 04 20 21 54 41.963     172.2
60
2013 04 20 23 35 51.915     2013 04 20 23 38 26.886     155.0
61
2013 04 20 11 51 22.076     2013 04 20 11 54  6.898     164.8
62
2013 04 20 20 25 50.447     2013 04 20 20 28 28.089     157.6
63
2013 04 20 20 21 27.376     2013 04 20 20 24  5.010     157.6
64
2013 04 20 12 00 34.311     2013 04 20 12 03 41.944     187.6
2013 04 20 20 17 25.018     2013 04 20 20 20 15.520     170.5
65
2013 04 20 11 58 19.354     2013 04 20 12 01  9.162     169.8
66
67
2013 04 20 12 04 50.492     2013 04 20 12 08 10.607     200.1
2013 04 20 13 42 41.112     2013 04 20 13 43 57.668      76.6
2013 04 20 18 38 56.512     2013 04 20 18 41 48.769     172.3
68
2013 04 20 12 05 17.448     2013 04 20 12 08 34.564     197.1
2013 04 20 18 40 41.344     2013 04 20 18 43 45.338     184.0
69
70
2013 04 20 10 17 35.884     2013 04 20 10 18  1.924      26.0
2013 04 20 22 03 19.872     2013 04 20 22 06 15.157     175.3
71
72
2013 04 20 20 19 58.463     2013 04 20 20 22 36.433     158.0
73
2013 04 20 18 41 43.070     2013 04 20 18 44 22.653     159.6
74
2013 04 20 21 55 17.628     2013 04 20 21 58 13.764     176.1
75
2013 04 20 13 39  5.084     2013 04 20 13 42  3.236     178.2
2013 04 20 20 15 11.676     2013 04 20 20 17 54.791     163.1
76
2013 04 20 10 27 32.798     2013 04 20 10 27 44.818      12.0
77
2013 04 20 12 00 46.322     2013 04 20 12 04 28.066     221.7
2013 04 20 20 19 21.285     2013 04 20 20 22  2.428     161.1
78
2013 04 20 13 31 15.650     2013 04 20 13 32 30.765      75.1
2013 04 20 23 32 52.036     2013 04 20 23 32 56.943       4.9
79
80
2013 04 20 13 39 24.748     2013 04 20 13 43 12.254     227.5
2013 04 20 20 15 53.382     2013 04 20 20 18 36.115     162.7
81
2013 04 20 11 55 48.765     2013 04 20 11 58 46.049     177.3
2013 04 20 21 57 29.827     2013 04 20 22 00 11.330     161.5
82
2013 04 20 15 14 41.541     2013 04 20 15 18 30.150     228.6
2013 04 20 21 50 26.357     2013 04 20 21 53 41.364     195.0
83
2013 04 20 10 24 53.251     2013 04 20 10 27 38.801     165.6
84
2013 04 20 12 03 45.556     2013 04 20 12 07 20.477     214.9
2013 04 20 13 41 36.062     2013 04 20 13 41 37.940       1.9
2013 04 20 18 38 42.324     2013 04 20 18 41 28.299     166.0
85
2013 04 20 13 35 38.891     2013 04 20 13 36 53.995      75.1
2013 04 20 21 54  5.736     2013 04 20 21 57  1.791     176.1
86
2013 04 20 22 02 33.428     2013 04 20 22 05  9.687     156.3
87
2013 04 20 13 36 24.792     2013 04 20 13 39  6.877     162.1
2013 04 20 21 52 30.789     2013 04 20 21 55 17.247     166.5
88
2013 04 20 22 04 11.032     2013 04 20 22 05 34.857      83.8
89
2013 04 20 21 56 11.503     2013 04 20 21 59 38.064     206.6
90
2013 04 20 13 32   .300     2013 04 20 13 34 50.700     170.4
2013 04 20 23 32  8.394     2013 04 20 23 33 29.890      81.5
91
2013 04 20 10 23 46.584     2013 04 20 10 24 22.186      35.6
92
2013 04 20 23 35 32.597     2013 04 20 23 39  9.868     217.3
93
2013 04 20 10 18 59.932     2013 04 20 10 22 12.668     192.7
2013 04 20 20 27 37.182     2013 04 20 20 28 21.400      44.2
94
2013 04 20 10 18 59.099     2013 04 20 10 22  6.923     187.8
2013 04 20 20 28  3.464     2013 04 20 20 28 22.891      19.4
95
96
2013 04 20 11 59 36.499     2013 04 20 12 02 28.257     171.8
2013 04 20 20 18 22.270     2013 04 20 20 18 36.113      13.8
97
98
2013 04 20 11 52 32.057     2013 04 20 11 53 32.904      60.8
2013 04 20 23 37 53.570     2013 04 20 23 40 29.185     155.6
99
2013 04 20 13 33 17.826     2013 04 20 13 36 40.313     202.5
