s1
0
2013 04 20 10 47 15.579     2013 04 20 10 50 20.020     184.4
2013 04 20 19 04 56.931     2013 04 20 19 05  1.287       4.4
1
2013 04 20 12 15 39.961     2013 04 20 12 16 34.131      54.2
2013 04 20 22 20 10.851     2013 04 20 22 23 48.502     217.7
2
3
2013 04 20 00 22  1.682     2013 04 20 00 23 14.198      72.5
2013 04 20 12 12 44.214     2013 04 20 12 15 20.976     156.8
4
5
2013 04 20 20 41 21.093     2013 04 20 20 43 54.472     153.4
6
2013 04 20 12 22 24.705     2013 04 20 12 24 59.609     154.9
2013 04 20 20 38 43.157     2013 04 20 20 42  8.537     205.4
7
2013 04 20 14 03 14.101     2013 04 20 14 06 27.210     193.1
2013 04 20 18 58 37.469     2013 04 20 19 01 49.866     192.4
8
2013 04 20 22 22 54.157     2013 04 20 22 26 27.172     213.0
9
2013 04 20 09 05 34.904     2013 04 20 09 06 16.568      41.7
2013 04 20 20 49 21.066     2013 04 20 20 52  1.543     160.5
10
2013 04 20 10 41 30.834     2013 04 20 10 41 37.730       6.9
2013 04 20 20 45 58.660     2013 04 20 20 48 59.356     180.7
11
2013 04 20 20 47  5.703     2013 04 20 20 49 40.152     154.4
12
2013 04 20 00 18  8.155     2013 04 20 00 20 38.529     150.4
13
2013 04 20 00 21 21.745     2013 04 20 00 23 53.339     151.6
2013 04 20 12 14 31.019     2013 04 20 12 15 35.230      64.2
14
2013 04 20 00 20 13.548     2013 04 20 00 23  5.737     172.2
15
2013 04 20 14 02 39.889     2013 04 20 14 06 23.985     224.1
2013 04 20 18 58 27.239     2013 04 20 18 59 12.500      45.3
16
17
2013 04 20 14 02 38.439     2013 04 20 14 05 14.347     155.9
2013 04 20 18 57  7.063     2013 04 20 19 00 57.526     230.5
2013 04 20 20 35  4.361     2013 04 20 20 38 41.837     217.5
18
2013 04 20 12 23 33.479     2013 04 20 12 26 22.307     168.8
2013 04 20 20 39 28.058     2013 04 20 20 42  4.945     156.9
19
20
2013 04 20 22 20 46.963     2013 04 20 22 23 11.656     144.7
21
2013 04 20 12 13 10.710     2013 04 20 12 15 59.783     169.1
22
2013 04 20 10 38 17.644     2013 04 20 10 41 10.093     172.4
2013 04 20 22 23 54.857     2013 04 20 22 26 54.144     179.3
23
2013 04 20 12 16 32.555     2013 04 20 12 19 51.093     198.5
24
2013 04 20 20 51 15.594     2013 04 20 20 51 36.905      21.3
25
26
2013 04 20 12 21 15.862     2013 04 20 12 24 44.722     208.9
27
28
2013 04 20 14 02 20.035     2013 04 20 14 04 59.227     159.2
2013 04 20 19 00 37.181     2013 04 20 19 00 47.078       9.9
2013 04 20 20 35   .557     2013 04 20 20 38 16.014     195.5
29
2013 04 20 15 37  5.704     2013 04 20 15 40 28.021     202.3
2013 04 20 20 36  7.228     2013 04 20 20 36 34.324      27.1
2013 04 20 22 10 23.425     2013 04 20 22 10 50.540      27.1
30
2013 04 20 12 21 41.677     2013 04 20 12 21 43.185       1.5
2013 04 20 20 37 13.494     2013 04 20 20 37 36.895      23.4
31
32
33
2013 04 20 12 17   .575     2013 04 20 12 19 48.234     167.7
2013 04 20 22 19 15.627     2013 04 20 22 22 26.832     191.2
34
2013 04 20 12 26 59.679     2013 04 20 12 29 36.848     157.2
2013 04 20 19 01 10.942     2013 04 20 19 03 44.934     154.0
35
36
2013 04 20 10 43 25.151     2013 04 20 10 46  7.373     162.2
2013 04 20 20 43 46.925     2013 04 20 20 46 34.261     167.3
37
2013 04 20 10 47 26.411     2013 04 20 10 51  4.042     217.6
2013 04 20 19 03   .551     2013 04 20 19 06 42.586     222.0
38
2013 04 20 10 44 54.718     2013 04 20 10 47 45.001     170.3
2013 04 20 20 43 39.067     2013 04 20 20 47 16.082     217.0
39
2013 04 20 09 07 18.798     2013 04 20 09 08 17.603      58.8
2013 04 20 20 47 52.459     2013 04 20 20 51 32.712     220.3
40
2013 04 20 13 56 10.860     2013 04 20 13 58 45.401     154.5
41
2013 04 20 10 39  8.915     2013 04 20 10 41 43.358     154.4
42
2013 04 20 19 02 30.848     2013 04 20 19 05  9.752     158.9
43
2013 04 20 13 54 50.071     2013 04 20 13 57 24.598     154.5
44
2013 04 20 10 47 42.446     2013 04 20 10 50 24.044     161.6
2013 04 20 19 04 37.999     2013 04 20 19 08 12.438     214.4
45
2013 04 20 22 15   .346     2013 04 20 22 15 37.361      37.0
46
2013 04 20 12 22 16.054     2013 04 20 12 26  5.001     228.9
2013 04 20 20 40 21.476     2013 04 20 20 43   .152     158.7
47
2013 04 20 13 56 34.636     2013 04 20 13 59 50.388     195.8
2013 04 20 22 12 14.305     2013 04 20 22 15 50.090     215.8
48
2013 04 20 15 37 55.352     2013 04 20 15 40 50.402     175.1
2013 04 20 20 33   .367     2013 04 20 20 35 59.542     179.2
49
2013 04 20 14 02 13.166     2013 04 20 14 05  4.528     171.4
2013 04 20 20 35 51.768     2013 04 20 20 38 58.172     186.4
50
51
2013 04 20 09 03 29.081     2013 04 20 09 07 10.625     221.5
2013 04 20 20 48 58.595     2013 04 20 20 51 42.325     163.7
52
2013 04 20 10 47  1.351     2013 04 20 10 49 35.803     154.5
53
2013 04 20 12 24 47.373     2013 04 20 12 24 54.083       6.7
2013 04 20 18 58 47.989     2013 04 20 18 59  5.845      17.9
54
2013 04 20 12 25 55.613     2013 04 20 12 28 51.845     176.2
2013 04 20 18 59 59.522     2013 04 20 19 03  8.477     189.0
55
2013 04 20 12 23 11.829     2013 04 20 12 26 13.710     181.9
2013 04 20 20 39 45.652     2013 04 20 20 42 18.423     152.8
56
2013 04 20 12 21 45.754     2013 04 20 12 24 41.901     176.1
57
58
2013 04 20 00 20 25.858     2013 04 20 00 23 21.722     175.9
59
2013 04 20 13 58 17.600     2013 04 20 14 00 53.520     155.9
2013 04 20 22 13 15.152     2013 04 20 22 15 53.657     158.5
60
2013 04 20 00 19 20.966     2013 04 20 00 19 42.532      21.6
61
2013 04 20 12 14  9.181     2013 04 20 12 17 29.805     200.6
62
2013 04 20 20 46 41.493     2013 04 20 20 46 48.840       7.3
63
2013 04 20 10 45 32.919     2013 04 20 10 48 14.793     161.9
2013 04 20 20 42 25.865     2013 04 20 20 43 43.466      77.6
64
2013 04 20 12 23 49.369     2013 04 20 12 26 26.317     156.9
2013 04 20 20 39  5.086     2013 04 20 20 41 45.758     160.7
65
2013 04 20 12 21 19.026     2013 04 20 12 24 13.788     174.8
66
2013 04 20 22 16 36.843     2013 04 20 22 19 34.801     178.0
67
2013 04 20 12 28  6.337     2013 04 20 12 30 46.879     160.5
2013 04 20 17 22 29.419     2013 04 20 17 26 10.969     221.5
2013 04 20 19 00 20.909     2013 04 20 19 03 58.671     217.8
68
2013 04 20 10 54 12.030     2013 04 20 10 54 14.420       2.4
2013 04 20 12 27 54.058     2013 04 20 12 27 56.621       2.6
69
2013 04 20 20 45 36.281     2013 04 20 20 45 42.689       6.4
70
2013 04 20 10 38   .986     2013 04 20 10 40 34.435     153.4
2013 04 20 22 24 40.316     2013 04 20 22 27 33.242     172.9
71
2013 04 20 20 47 43.741     2013 04 20 20 50 21.180     157.4
72
2013 04 20 20 41 18.289     2013 04 20 20 44 25.681     187.4
73
2013 04 20 10 49 30.971     2013 04 20 10 52 38.723     187.8
2013 04 20 19 03 27.264     2013 04 20 19 06 19.774     172.5
74
2013 04 20 12 21 44.742     2013 04 20 12 22 47.041      62.3
2013 04 20 22 16 43.896     2013 04 20 22 19 25.846     162.0
75
2013 04 20 14 01 24.371     2013 04 20 14 03  3.731      99.4
2013 04 20 20 36 46.177     2013 04 20 20 39 28.757     162.6
76
2013 04 20 10 47 30.173     2013 04 20 10 50 14.936     164.8
2013 04 20 19 07 31.011     2013 04 20 19 07 42.609      11.6
77
2013 04 20 20 40 19.957     2013 04 20 20 41 36.334      76.4
78
79
2013 04 20 22 23  1.693     2013 04 20 22 25 41.379     159.7
80
2013 04 20 12 24 14.891     2013 04 20 12 28  4.031     229.1
2013 04 20 20 37   .515     2013 04 20 20 40 32.542     212.0
81
2013 04 20 12 18 53.873     2013 04 20 12 21 47.007     173.1
2013 04 20 22 18 37.023     2013 04 20 22 21 41.632     184.6
82
2013 04 20 13 59 21.600     2013 04 20 14 02 57.792     216.2
2013 04 20 20 37 21.062     2013 04 20 20 37 30.153       9.1
83
2013 04 20 10 48  5.888     2013 04 20 10 51  3.142     177.3
2013 04 20 19 05 12.122     2013 04 20 19 08  2.774     170.7
84
2013 04 20 12 27  7.014     2013 04 20 12 29 50.974     164.0
2013 04 20 19 00 37.928     2013 04 20 19 03 14.876     156.9
85
86
2013 04 20 10 38 44.871     2013 04 20 10 41 37.618     172.7
2013 04 20 22 23 25.892     2013 04 20 22 26 55.500     209.6
87
2013 04 20 13 59  2.775     2013 04 20 14 01 57.451     174.7
2013 04 20 22 13 13.121     2013 04 20 22 14 16.584      63.5
88
2013 04 20 10 40 13.536     2013 04 20 10 41 10.042      56.5
2013 04 20 22 23 42.748     2013 04 20 22 26 12.863     150.1
89
2013 04 20 12 18 37.541     2013 04 20 12 21 23.603     166.1
2013 04 20 22 17 59.302     2013 04 20 22 20 30.893     151.6
90
91
2013 04 20 10 47 40.988     2013 04 20 10 50 18.947     158.0
2013 04 20 19 03 54.182     2013 04 20 19 04 10.845      16.7
92
2013 04 20 00 20 16.364     2013 04 20 00 22 52.448     156.1
93
2013 04 20 20 46 41.592     2013 04 20 20 49 13.488     151.9
94
2013 04 20 20 46 38.467     2013 04 20 20 49 12.074     153.6
95
96
2013 04 20 20 40 39.086     2013 04 20 20 43 17.564     158.5
97
2013 04 20 00 20 51.150     2013 04 20 00 23 24.505     153.4
98
2013 04 20 12 13 20.043     2013 04 20 12 15 53.177     153.1
99
2013 04 20 13 56 25.147     2013 04 20 13 59   .242     155.1
2013 04 20 22 16 58.432     2013 04 20 22 17 11.328      12.9
