s3
0
2013 04 20 10 33 57.092     2013 04 20 10 36 33.655     156.6
1
2013 04 20 12 02 54.495     2013 04 20 12 05 48.666     174.2
2
3
2013 04 20 00 07  8.618     2013 04 20 00 09 53.563     164.9
2013 04 20 11 59 21.117     2013 04 20 12 02 11.228     170.1
4
2013 04 20 12 11 16.720     2013 04 20 12 14 49.995     213.3
2013 04 20 20 27 55.981     2013 04 20 20 31 46.502     230.5
5
2013 04 20 20 29 24.933     2013 04 20 20 32 11.372     166.4
6
2013 04 20 12 08 58.993     2013 04 20 12 11 57.053     178.1
2013 04 20 20 30 42.207     2013 04 20 20 30 43.840       1.6
7
2013 04 20 13 50 25.219     2013 04 20 13 53 18.821     173.6
2013 04 20 18 46 14.998     2013 04 20 18 49 55.305     220.3
8
9
2013 04 20 20 37  3.218     2013 04 20 20 40 41.873     218.7
10
2013 04 20 10 28 31.619     2013 04 20 10 31 34.561     182.9
2013 04 20 20 37  3.666     2013 04 20 20 37 42.915      39.2
11
2013 04 20 20 34 52.368     2013 04 20 20 38 14.696     202.3
12
2013 04 20 00 02 19.023     2013 04 20 00 05 36.134     197.1
2013 04 20 13 38 31.540     2013 04 20 13 41 40.856     189.3
2013 04 20 23 43 18.388     2013 04 20 23 46 35.857     197.5
13
2013 04 20 00 05 40.289     2013 04 20 00 08 45.259     185.0
14
2013 04 20 00 08 17.647     2013 04 20 00 08 23.904       6.3
15
2013 04 20 13 49 54.094     2013 04 20 13 53 10.579     196.5
2013 04 20 20 24 34.674     2013 04 20 20 28 17.071     222.4
16
17
2013 04 20 13 49 37.444     2013 04 20 13 52 22.596     165.2
2013 04 20 20 23 30.728     2013 04 20 20 26 41.111     190.4
18
2013 04 20 12 10 24.805     2013 04 20 12 13   .896     156.1
2013 04 20 20 27 36.688     2013 04 20 20 30 17.490     160.8
19
2013 04 20 12 10 35.559     2013 04 20 12 10 58.212      22.7
2013 04 20 20 28 35.858     2013 04 20 20 31 58.351     202.5
20
2013 04 20 22 09 38.910     2013 04 20 22 12 32.832     173.9
21
2013 04 20 00 06 50.273     2013 04 20 00 10 12.463     202.2
2013 04 20 11 59 59.781     2013 04 20 12 02 37.785     158.0
22
2013 04 20 10 27 30.923     2013 04 20 10 28 12.384      41.5
2013 04 20 22 12 34.226     2013 04 20 22 15 11.570     157.3
23
24
25
2013 04 20 20 34 44.231     2013 04 20 20 35 48.380      64.1
26
2013 04 20 12 08 20.895     2013 04 20 12 11  6.763     165.9
27
2013 04 20 00 01 16.280     2013 04 20 00 03 10.610     114.3
2013 04 20 13 40 46.319     2013 04 20 13 44 18.424     212.1
2013 04 20 23 42 16.025     2013 04 20 23 44 15.628     119.6
28
2013 04 20 13 49 15.582     2013 04 20 13 52 11.921     176.3
2013 04 20 20 23 23.221     2013 04 20 20 26 17.917     174.7
29
2013 04 20 15 24 34.946     2013 04 20 15 27 34.067     179.1
2013 04 20 21 59 10.199     2013 04 20 22 02 37.627     207.4
30
31
2013 04 20 10 25 22.899     2013 04 20 10 26  5.445      42.5
32
2013 04 20 22 08 24.508     2013 04 20 22 11 54.996     210.5
33
2013 04 20 12 03 49.494     2013 04 20 12 06 27.150     157.7
2013 04 20 22 11 18.742     2013 04 20 22 11 26.710       8.0
34
2013 04 20 12 13 44.532     2013 04 20 12 16 24.674     160.1
2013 04 20 18 48 57.893     2013 04 20 18 51 44.973     167.1
35
2013 04 20 10 32  3.771     2013 04 20 10 35 29.133     205.4
36
2013 04 20 10 29 27.142     2013 04 20 10 33  2.349     215.2
2013 04 20 20 31 28.803     2013 04 20 20 35 11.413     222.6
37
38
2013 04 20 10 31 29.338     2013 04 20 10 34  5.588     156.2
2013 04 20 20 32 12.746     2013 04 20 20 35  5.845     173.1
39
2013 04 20 20 36 28.460     2013 04 20 20 39 20.167     171.7
40
2013 04 20 13 43  2.238     2013 04 20 13 45 58.436     176.2
41
2013 04 20 10 25 13.469     2013 04 20 10 28 33.142     199.7
2013 04 20 22 12 20.961     2013 04 20 22 15 34.052     193.1
42
2013 04 20 12 13  4.335     2013 04 20 12 16 43.813     219.5
2013 04 20 18 50  9.733     2013 04 20 18 53 16.432     186.7
43
2013 04 20 00 00   .000     2013 04 20 00 02 59.383     179.4
2013 04 20 13 41 38.246     2013 04 20 13 44 40.329     182.1
2013 04 20 23 40 25.260     2013 04 20 23 43 58.780     213.5
44
2013 04 20 10 34 12.060     2013 04 20 10 36 51.299     159.2
45
2013 04 20 22 03 51.850     2013 04 20 22 07  4.330     192.5
46
2013 04 20 12 09 23.587     2013 04 20 12 12 23.833     180.2
2013 04 20 20 28 11.977     2013 04 20 20 31 28.511     196.5
47
2013 04 20 13 47  8.529     2013 04 20 13 47 22.138      13.6
48
2013 04 20 15 25 20.268     2013 04 20 15 28  2.824     162.6
2013 04 20 20 20 57.093     2013 04 20 20 24 19.970     202.9
49
2013 04 20 13 49 21.483     2013 04 20 13 52   .387     158.9
2013 04 20 20 24 13.172     2013 04 20 20 27   .633     167.5
50
2013 04 20 13 46 23.822     2013 04 20 13 49 58.949     215.1
51
2013 04 20 20 37 12.338     2013 04 20 20 39 51.753     159.4
52
2013 04 20 10 33 19.489     2013 04 20 10 36 15.520     176.0
53
2013 04 20 13 49 44.928     2013 04 20 13 53 34.272     229.3
2013 04 20 20 24 53.803     2013 04 20 20 28 43.380     229.6
54
2013 04 20 12 12 26.076     2013 04 20 12 15 57.573     211.5
2013 04 20 18 47 34.529     2013 04 20 18 51 16.624     222.1
55
2013 04 20 12 10  8.541     2013 04 20 12 12 45.899     157.4
2013 04 20 20 27 48.012     2013 04 20 20 30 36.456     168.4
56
2013 04 20 12 08  7.107     2013 04 20 12 11 54.091     227.0
57
2013 04 20 22 09  4.042     2013 04 20 22 09 21.018      17.0
58
59
2013 04 20 13 45  9.222     2013 04 20 13 48  7.769     178.5
2013 04 20 22 01 42.038     2013 04 20 22 04 21.346     159.3
60
2013 04 20 00 04 31.106     2013 04 20 00 07 22.836     171.7
2013 04 20 23 45 30.756     2013 04 20 23 48 22.292     171.5
61
2013 04 20 12 01 14.392     2013 04 20 12 03 51.199     156.8
62
2013 04 20 20 35 22.148     2013 04 20 20 38 30.572     188.4
63
2013 04 20 10 31 38.653     2013 04 20 10 35  7.365     208.7
2013 04 20 20 31  1.186     2013 04 20 20 34  2.967     181.8
64
2013 04 20 12 10 32.077     2013 04 20 12 13 14.983     162.9
2013 04 20 20 27 16.883     2013 04 20 20 29 55.553     158.7
65
2013 04 20 12 08 13.064     2013 04 20 12 10 48.509     155.4
66
2013 04 20 22 04 34.602     2013 04 20 22 05 25.217      50.6
67
2013 04 20 12 14 44.899     2013 04 20 12 17 43.778     178.9
2013 04 20 17 09 50.788     2013 04 20 17 09 59.069       8.3
2013 04 20 18 48 30.722     2013 04 20 18 51 41.511     190.8
68
2013 04 20 12 14 53.441     2013 04 20 12 18 32.991     219.6
2013 04 20 18 50 11.063     2013 04 20 18 53 42.736     211.7
69
70
2013 04 20 10 24  7.442     2013 04 20 10 27 21.882     194.4
2013 04 20 22 13 16.665     2013 04 20 22 15 53.958     157.3
71
2013 04 20 20 35 27.841     2013 04 20 20 38 58.516     210.7
72
2013 04 20 20 29 42.760     2013 04 20 20 32 24.098     161.3
73
2013 04 20 10 35 38.261     2013 04 20 10 35 57.354      19.1
2013 04 20 18 51 28.727     2013 04 20 18 54  7.768     159.0
74
2013 04 20 22 05 12.982     2013 04 20 22 07 51.612     158.6
75
2013 04 20 13 48 41.386     2013 04 20 13 52   .452     199.1
2013 04 20 20 24 59.346     2013 04 20 20 27 37.583     158.2
76
2013 04 20 10 33 38.218     2013 04 20 10 37  6.679     208.5
77
2013 04 20 20 28 53.869     2013 04 20 20 32   .143     186.3
78
79
2013 04 20 22 11  1.634     2013 04 20 22 14 36.634     215.0
80
2013 04 20 13 48 58.607     2013 04 20 13 49   .689       2.1
2013 04 20 20 25 28.230     2013 04 20 20 28 29.656     181.4
81
2013 04 20 12 05 46.755     2013 04 20 12 08 22.241     155.5
2013 04 20 22 07 17.718     2013 04 20 22 09 56.785     159.1
82
2013 04 20 15 24 16.182     2013 04 20 15 24 20.005       3.8
2013 04 20 21 59 53.783     2013 04 20 22 03 40.313     226.5
83
2013 04 20 10 34 44.471     2013 04 20 10 37 20.374     155.9
2013 04 20 18 52 41.219     2013 04 20 18 56 18.224     217.0
84
2013 04 20 12 13 42.622     2013 04 20 12 16 50.932     188.3
2013 04 20 18 48 30.844     2013 04 20 18 51 10.202     159.4
85
2013 04 20 22 03 32.638     2013 04 20 22 07  4.235     211.6
86
2013 04 20 10 27 59.260     2013 04 20 10 28 39.955      40.7
2013 04 20 22 12 15.732     2013 04 20 22 15  2.491     166.8
87
2013 04 20 13 46 13.145     2013 04 20 13 48 50.084     156.9
2013 04 20 22 02  2.123     2013 04 20 22 05 14.756     192.6
88
2013 04 20 22 11 53.173     2013 04 20 22 14 58.475     185.3
89
2013 04 20 12 04 56.122     2013 04 20 12 08 35.832     219.7
2013 04 20 22 06 16.181     2013 04 20 22 09  8.013     171.8
90
2013 04 20 13 41 31.436     2013 04 20 13 44 55.361     203.9
91
2013 04 20 10 33 53.289     2013 04 20 10 37  5.822     192.5
92
2013 04 20 00 04 42.298     2013 04 20 00 07 36.644     174.3
93
2013 04 20 10 28 24.055     2013 04 20 10 29  8.350      44.3
2013 04 20 20 34 31.542     2013 04 20 20 37 44.732     193.2
94
2013 04 20 10 28 24.041     2013 04 20 10 29 37.337      73.3
2013 04 20 20 34 26.216     2013 04 20 20 37 45.355     199.1
95
96
2013 04 20 12 09  9.251     2013 04 20 12 12 30.741     201.5
2013 04 20 20 28 29.275     2013 04 20 20 31 46.282     197.0
97
2013 04 20 00 04 52.638     2013 04 20 00 08 32.543     219.9
98
2013 04 20 00 06 27.972     2013 04 20 00 09 30.687     182.7
2013 04 20 11 59 46.740     2013 04 20 12 02 53.881     187.1
99
2013 04 20 13 43 20.279     2013 04 20 13 46  9.201     168.9
