s2
0
2013 04 20 10 39 58.972     2013 04 20 10 42 43.816     164.8
1
2013 04 20 12 08 38.982     2013 04 20 12 11 57.320     198.3
2
3
2013 04 20 00 14 13.868     2013 04 20 00 17 21.544     187.7
2013 04 20 12 05 25.346     2013 04 20 12 07 59.956     154.6
4
2013 04 20 12 17  2.416     2013 04 20 12 18 29.068      86.7
2013 04 20 20 32 48.777     2013 04 20 20 32 59.186      10.4
5
2013 04 20 20 34 34.946     2013 04 20 20 37 12.148     157.2
6
2013 04 20 12 15  1.466     2013 04 20 12 17 44.886     163.4
2013 04 20 20 31 42.203     2013 04 20 20 32  6.210      24.0
7
2013 04 20 13 56  6.613     2013 04 20 13 59  8.918     182.3
2013 04 20 18 51 36.896     2013 04 20 18 55  5.539     208.6
8
2013 04 20 22 20 10.371     2013 04 20 22 20 11.277        .9
9
2013 04 20 20 42 23.074     2013 04 20 20 45 32.320     189.2
10
2013 04 20 10 34 24.544     2013 04 20 10 37 55.200     210.7
2013 04 20 20 38 56.407     2013 04 20 20 42 32.783     216.4
11
2013 04 20 20 40 10.386     2013 04 20 20 43  7.539     177.2
12
2013 04 20 00 09 51.452     2013 04 20 00 12 38.499     167.0
2013 04 20 13 44  4.425     2013 04 20 13 47 41.026     216.6
13
2013 04 20 00 13 10.256     2013 04 20 00 15 49.142     158.9
14
2013 04 20 00 11 44.408     2013 04 20 00 15 18.169     213.8
15
2013 04 20 13 55 33.999     2013 04 20 13 59  3.007     209.0
2013 04 20 18 55 24.702     2013 04 20 18 55 36.789      12.1
2013 04 20 20 29 29.978     2013 04 20 20 30 34.537      64.6
16
17
2013 04 20 13 55 24.650     2013 04 20 13 58  4.748     160.1
2013 04 20 18 50  5.988     2013 04 20 18 50 11.985       6.0
2013 04 20 20 28 28.838     2013 04 20 20 31 51.038     202.2
18
2013 04 20 12 16 19.341     2013 04 20 12 18 57.502     158.2
2013 04 20 20 32 44.092     2013 04 20 20 35 20.519     156.4
19
2013 04 20 20 33 30.173     2013 04 20 20 37 12.823     222.7
20
2013 04 20 22 14 25.100     2013 04 20 22 17 36.221     191.1
21
2013 04 20 00 13 47.618     2013 04 20 00 14 31.475      43.9
2013 04 20 12 05 58.421     2013 04 20 12 08 32.037     153.6
22
2013 04 20 10 30 34.704     2013 04 20 10 34   .327     205.6
2013 04 20 22 17 27.180     2013 04 20 22 20  8.109     160.9
23
2013 04 20 12 11 53.118     2013 04 20 12 12 50.899      57.8
24
25
26
2013 04 20 12 14  9.028     2013 04 20 12 17 11.001     182.0
27
2013 04 20 13 46 18.429     2013 04 20 13 47  1.856      43.4
28
2013 04 20 13 55  4.311     2013 04 20 13 57 52.082     167.8
2013 04 20 20 28 23.015     2013 04 20 20 31 26.598     183.6
29
2013 04 20 15 30  5.579     2013 04 20 15 33 14.917     189.3
2013 04 20 22 03 56.660     2013 04 20 22 07 38.849     222.2
30
31
32
2013 04 20 22 13  6.668     2013 04 20 22 14 18.115      71.4
33
2013 04 20 12 09 47.289     2013 04 20 12 12 21.538     154.2
2013 04 20 22 12 19.049     2013 04 20 22 16  6.971     227.9
34
2013 04 20 12 19 41.100     2013 04 20 12 22 18.203     157.1
2013 04 20 18 54 16.471     2013 04 20 18 56 57.071     160.6
35
2013 04 20 10 37 56.191     2013 04 20 10 39 13.701      77.5
36
2013 04 20 10 35 47.416     2013 04 20 10 38 53.466     186.0
2013 04 20 20 36 47.951     2013 04 20 20 40  3.981     196.0
37
2013 04 20 10 43 43.213     2013 04 20 10 43 56.330      13.1
2013 04 20 18 59 50.885     2013 04 20 19 00  5.283      14.4
38
2013 04 20 10 37 35.524     2013 04 20 10 40 11.446     155.9
2013 04 20 20 37  9.426     2013 04 20 20 40 18.909     189.5
39
2013 04 20 20 41 24.689     2013 04 20 20 44 33.734     189.0
40
2013 04 20 13 48 54.501     2013 04 20 13 51 36.477     162.0
41
2013 04 20 10 31 34.068     2013 04 20 10 34 25.517     171.4
2013 04 20 22 17  4.136     2013 04 20 22 20 40.261     216.1
42
2013 04 20 12 18 51.555     2013 04 20 12 20   .840      69.3
2013 04 20 18 55 32.034     2013 04 20 18 58 25.606     173.6
43
2013 04 20 00 06 23.746     2013 04 20 00 06 43.800      20.1
2013 04 20 13 47 32.229     2013 04 20 13 50 16.893     164.7
2013 04 20 23 44 58.341     2013 04 20 23 46 10.934      72.6
44
2013 04 20 10 40 19.692     2013 04 20 10 42 54.939     155.2
2013 04 20 19 01  6.715     2013 04 20 19 01 36.684      30.0
45
2013 04 20 22 08 37.085     2013 04 20 22 12  7.936     210.9
46
2013 04 20 12 15  9.993     2013 04 20 12 18 30.140     200.1
2013 04 20 20 33 26.999     2013 04 20 20 36 25.023     178.0
47
2013 04 20 13 49  8.577     2013 04 20 13 52 53.178     224.6
2013 04 20 22 08 46.536     2013 04 20 22 09 25.410      38.9
48
2013 04 20 15 30 52.902     2013 04 20 15 33 40.816     167.9
2013 04 20 20 26  7.685     2013 04 20 20 29 20.789     193.1
49
2013 04 20 13 55  4.499     2013 04 20 13 57 48.087     163.6
2013 04 20 20 29 13.760     2013 04 20 20 32  8.925     175.2
50
2013 04 20 13 51 59.955     2013 04 20 13 53 22.494      82.5
51
2013 04 20 20 42 19.732     2013 04 20 20 44 54.322     154.6
52
2013 04 20 10 39 32.363     2013 04 20 10 42 13.482     161.1
53
2013 04 20 13 55 24.119     2013 04 20 13 56  4.904      40.8
2013 04 20 20 29 48.517     2013 04 20 20 30 16.147      27.6
54
2013 04 20 12 18 28.849     2013 04 20 12 21 43.255     194.4
2013 04 20 18 52 57.769     2013 04 20 18 56 25.623     207.9
55
2013 04 20 12 16   .485     2013 04 20 12 18 45.542     165.1
2013 04 20 20 32 58.151     2013 04 20 20 35 37.118     159.0
56
2013 04 20 12 14 14.655     2013 04 20 12 17 36.060     201.4
57
58
2013 04 20 00 11 55.931     2013 04 20 00 15 34.990     219.1
59
2013 04 20 13 51   .684     2013 04 20 13 53 45.998     165.3
2013 04 20 22 06 38.319     2013 04 20 22 09 15.090     156.8
60
2013 04 20 00 11 34.128     2013 04 20 00 14 53.123     199.0
61
2013 04 20 12 07  4.494     2013 04 20 12 09 54.022     169.5
62
2013 04 20 20 40 15.772     2013 04 20 20 43 46.676     210.9
63
2013 04 20 10 37 56.815     2013 04 20 10 40 59.882     183.1
2013 04 20 20 35 56.757     2013 04 20 20 39 16.883     200.1
64
2013 04 20 12 16 30.536     2013 04 20 12 19  7.019     156.5
2013 04 20 20 32 22.782     2013 04 20 20 34 59.868     157.1
65
2013 04 20 12 14  6.989     2013 04 20 12 16 46.201     159.2
66
2013 04 20 22 09 43.329     2013 04 20 22 13 11.347     208.0
67
2013 04 20 12 20 43.905     2013 04 20 12 23 33.716     169.8
2013 04 20 17 15 22.415     2013 04 20 17 16 41.178      78.8
2013 04 20 18 53 38.846     2013 04 20 18 57  1.529     202.7
68
2013 04 20 12 20 42.543     2013 04 20 12 22 38.845     116.3
2013 04 20 18 55 16.570     2013 04 20 18 59  5.243     228.7
69
70
2013 04 20 10 30 27.569     2013 04 20 10 33 15.066     167.5
2013 04 20 22 18 11.135     2013 04 20 22 20 48.849     157.7
71
2013 04 20 20 40 46.865     2013 04 20 20 43 50.262     183.4
72
2013 04 20 20 34 43.432     2013 04 20 20 37 33.279     169.8
73
2013 04 20 10 41 54.345     2013 04 20 10 45 26.796     212.5
2013 04 20 18 56 41.594     2013 04 20 18 59 24.785     163.2
74
2013 04 20 22 10  9.316     2013 04 20 22 12 45.479     156.2
75
2013 04 20 13 54 20.115     2013 04 20 13 57 54.228     214.1
2013 04 20 20 30  3.930     2013 04 20 20 32 42.783     158.9
76
2013 04 20 10 39 54.800     2013 04 20 10 43   .078     185.3
77
2013 04 20 20 33 49.646     2013 04 20 20 37 13.470     203.8
78
79
2013 04 20 22 16 10.642     2013 04 20 22 19 17.886     187.2
80
2013 04 20 20 30 26.166     2013 04 20 20 33 40.338     194.2
81
2013 04 20 12 11 42.045     2013 04 20 12 14 18.901     156.9
2013 04 20 22 12  9.132     2013 04 20 22 14 55.237     166.1
82
2013 04 20 13 55 13.882     2013 04 20 13 55 59.940      46.1
2013 04 20 22 04 38.702     2013 04 20 22 05 19.595      40.9
83
2013 04 20 10 40 47.586     2013 04 20 10 43 29.012     161.4
2013 04 20 18 58  8.185     2013 04 20 19 01 23.493     195.3
84
2013 04 20 12 19 43.070     2013 04 20 12 22 39.296     176.2
2013 04 20 18 53 46.705     2013 04 20 18 56 24.397     157.7
85
2013 04 20 22 08 16.432     2013 04 20 22 10  1.982     105.5
86
2013 04 20 10 31  1.974     2013 04 20 10 34 27.894     205.9
2013 04 20 22 17  3.358     2013 04 20 22 20  4.322     181.0
87
2013 04 20 13 51 55.992     2013 04 20 13 54 38.243     162.3
2013 04 20 22 06 48.156     2013 04 20 22 10 17.243     209.1
88
2013 04 20 22 16 58.467     2013 04 20 22 19 43.055     164.6
89
2013 04 20 12 11  5.798     2013 04 20 12 14 16.981     191.2
2013 04 20 22 11 17.987     2013 04 20 22 13 56.854     158.9
90
2013 04 20 13 47  4.471     2013 04 20 13 48 46.823     102.4
91
2013 04 20 10 40  8.218     2013 04 20 10 43  1.141     172.9
92
2013 04 20 00 12  8.921     2013 04 20 00 14 44.023     155.1
93
2013 04 20 20 39 48.297     2013 04 20 20 42 38.836     170.5
94
2013 04 20 20 39 43.770     2013 04 20 20 42 38.733     175.0
95
96
2013 04 20 12 14 53.769     2013 04 20 12 18 39.514     225.7
2013 04 20 20 33 44.500     2013 04 20 20 36 42.596     178.1
97
2013 04 20 00 12 29.202     2013 04 20 00 15 30.322     181.1
98
2013 04 20 00 13 28.215     2013 04 20 00 17  3.725     215.5
2013 04 20 12 05 54.966     2013 04 20 12 08 38.458     163.5
99
2013 04 20 13 49 10.924     2013 04 20 13 51 49.000     158.1
