s5
0
2013 04 20 10 10 15.833     2013 04 20 10 13 37.761     201.9
1
2013 04 20 11 39 18.760     2013 04 20 11 42 21.177     182.4
2
2013 04 20 10 07 48.017     2013 04 20 10 11 35.581     227.6
2013 04 20 20 10 20.488     2013 04 20 20 13 10.807     170.3
3
2013 04 20 23 23  1.656     2013 04 20 23 26 31.804     210.1
4
2013 04 20 11 48 13.390     2013 04 20 11 50 50.985     157.6
2013 04 20 20 04 15.106     2013 04 20 20 06 54.064     159.0
5
2013 04 20 11 46  9.431     2013 04 20 11 49  6.350     176.9
2013 04 20 20 08 26.651     2013 04 20 20 08 32.143       5.5
6
7
2013 04 20 13 26 54.832     2013 04 20 13 29 32.662     157.8
2013 04 20 20 00 22.092     2013 04 20 20 03 30.494     188.4
8
2013 04 20 11 37 32.557     2013 04 20 11 37 45.365      12.8
9
10
2013 04 20 10 05 15.217     2013 04 20 10 08  7.721     172.5
11
2013 04 20 10 05 23.701     2013 04 20 10 08  5.527     161.8
12
2013 04 20 13 15   .349     2013 04 20 13 17 48.292     167.9
13
14
2013 04 20 13 13   .551     2013 04 20 13 16 30.765     210.2
15
2013 04 20 13 26 32.275     2013 04 20 13 29 12.628     160.4
2013 04 20 20 00 48.759     2013 04 20 20 03 34.302     165.5
16
2013 04 20 11 43 54.360     2013 04 20 11 46 38.560     164.2
2013 04 20 21 43 21.284     2013 04 20 21 46 51.490     210.2
17
2013 04 20 13 25 39.934     2013 04 20 13 29 11.823     211.9
2013 04 20 15 03 25.569     2013 04 20 15 04 39.019      73.4
2013 04 20 19 59 31.610     2013 04 20 20 02  9.946     158.3
18
2013 04 20 11 46 30.759     2013 04 20 11 50   .331     209.6
2013 04 20 20 02 42.876     2013 04 20 20 06 27.479     224.6
19
2013 04 20 11 47 43.034     2013 04 20 11 50 31.827     168.8
2013 04 20 20 04 40.822     2013 04 20 20 07 17.286     156.5
20
2013 04 20 11 41 14.248     2013 04 20 11 44 28.151     193.9
2013 04 20 21 44 59.474     2013 04 20 21 48  6.985     187.5
21
2013 04 20 23 23 23.750     2013 04 20 23 26 10.882     167.1
22
2013 04 20 21 50 31.838     2013 04 20 21 51 18.573      46.7
23
24
2013 04 20 10 03 29.186     2013 04 20 10 06 40.017     190.8
25
2013 04 20 20 11  6.478     2013 04 20 20 13 40.366     153.9
26
2013 04 20 11 44 43.863     2013 04 20 11 47 44.477     180.6
2013 04 20 21 41 34.490     2013 04 20 21 41 57.190      22.7
27
2013 04 20 13 17 32.290     2013 04 20 13 20  8.237     155.9
2013 04 20 23 18 15.032     2013 04 20 23 20 49.470     154.4
28
2013 04 20 13 25 13.071     2013 04 20 13 26  6.538      53.5
2013 04 20 15 03 13.995     2013 04 20 15 06 58.408     224.4
2013 04 20 19 59 15.406     2013 04 20 20 01 53.478     158.1
29
2013 04 20 15 00 56.964     2013 04 20 15 03 34.381     157.4
2013 04 20 21 35  8.705     2013 04 20 21 37 49.198     160.5
30
2013 04 20 13 23  6.201     2013 04 20 13 26 49.654     223.5
2013 04 20 21 39  9.536     2013 04 20 21 42 56.310     226.8
31
2013 04 20 10 02 45.125     2013 04 20 10 05 18.681     153.6
2013 04 20 21 49 42.858     2013 04 20 21 53  2.979     200.1
32
2013 04 20 11 42 24.192     2013 04 20 11 45  4.372     160.2
2013 04 20 21 44 19.141     2013 04 20 21 46 57.829     158.7
33
34
2013 04 20 11 49 55.932     2013 04 20 11 53 23.036     207.1
2013 04 20 18 24 24.253     2013 04 20 18 27 57.013     212.8
35
2013 04 20 10 09  6.547     2013 04 20 10 11 43.194     156.6
2013 04 20 20 08 38.313     2013 04 20 20 11 31.088     172.8
36
37
2013 04 20 11 48 28.405     2013 04 20 11 49 26.072      57.7
2013 04 20 20 04 39.361     2013 04 20 20 05 43.329      64.0
38
2013 04 20 10 10 37.673     2013 04 20 10 11 28.267      50.6
2013 04 20 20 07 47.451     2013 04 20 20 10 48.375     180.9
39
2013 04 20 20 11 54.750     2013 04 20 20 15  7.690     192.9
40
2013 04 20 23 15 22.293     2013 04 20 23 18 54.884     212.6
41
2013 04 20 21 47 58.109     2013 04 20 21 50 50.357     172.2
42
2013 04 20 11 50  1.117     2013 04 20 11 52 44.627     163.5
43
2013 04 20 23 16 14.413     2013 04 20 23 18 50.470     156.1
44
2013 04 20 10 13  7.593     2013 04 20 10 14 13.057      65.5
45
2013 04 20 13 21 50.129     2013 04 20 13 25  4.267     194.1
2013 04 20 21 39 39.391     2013 04 20 21 42 19.006     159.6
46
2013 04 20 11 46  1.730     2013 04 20 11 48 45.498     163.8
47
2013 04 20 23 13 56.652     2013 04 20 23 14 14.847      18.2
48
2013 04 20 15 01 32.946     2013 04 20 15 04 15.876     162.9
2013 04 20 19 56 12.699     2013 04 20 19 56 17.973       5.3
2013 04 20 21 34 37.439     2013 04 20 21 37 56.476     199.0
49
2013 04 20 13 25 37.854     2013 04 20 13 28 30.509     172.7
2013 04 20 19 59 58.409     2013 04 20 20 02 40.869     162.5
50
2013 04 20 13 23 10.857     2013 04 20 13 25 49.349     158.5
2013 04 20 21 38 38.991     2013 04 20 21 41 35.042     176.1
51
52
2013 04 20 20 06 28.772     2013 04 20 20 09 43.690     194.9
53
2013 04 20 13 26 29.752     2013 04 20 13 29 26.224     176.5
2013 04 20 20 01 10.574     2013 04 20 20 03 58.000     167.4
54
2013 04 20 13 26 50.341     2013 04 20 13 30 34.890     224.5
2013 04 20 20 01 28.664     2013 04 20 20 05  3.087     214.4
55
2013 04 20 11 46 22.148     2013 04 20 11 49 36.069     193.9
2013 04 20 20 06 27.937     2013 04 20 20 06 53.383      25.4
56
2013 04 20 21 40  6.934     2013 04 20 21 43 39.151     212.2
57
2013 04 20 11 41 43.269     2013 04 20 11 42 34.858      51.6
2013 04 20 21 45 22.789     2013 04 20 21 47 57.715     154.9
58
2013 04 20 13 12 42.776     2013 04 20 13 16 28.951     226.2
59
2013 04 20 21 36 43.397     2013 04 20 21 40 17.176     213.8
60
2013 04 20 23 20 36.357     2013 04 20 23 23 50.254     193.9
61
2013 04 20 11 37 11.391     2013 04 20 11 40 50.866     219.5
2013 04 20 23 23  6.565     2013 04 20 23 26  6.023     179.5
62
2013 04 20 10 06 10.096     2013 04 20 10 06 26.952      16.9
2013 04 20 20 11  7.610     2013 04 20 20 14   .360     172.7
63
2013 04 20 20 06 47.124     2013 04 20 20 09 36.268     169.1
64
2013 04 20 11 49 22.959     2013 04 20 11 50 26.519      63.6
2013 04 20 20 02 29.166     2013 04 20 20 06   .746     211.6
65
2013 04 20 11 44 13.437     2013 04 20 11 47 51.213     217.8
2013 04 20 21 41 30.374     2013 04 20 21 45  3.027     212.7
66
2013 04 20 13 19  5.747     2013 04 20 13 20 26.149      80.4
67
2013 04 20 11 50 53.178     2013 04 20 11 51 33.044      39.9
2013 04 20 13 28 58.157     2013 04 20 13 32 33.081     214.9
2013 04 20 18 24 41.779     2013 04 20 18 27 20.663     158.9
68
2013 04 20 11 51 47.067     2013 04 20 11 54 37.271     170.2
2013 04 20 18 26 31.505     2013 04 20 18 29 12.335     160.8
69
2013 04 20 11 43 55.449     2013 04 20 11 47 29.790     214.3
70
2013 04 20 21 51 53.435     2013 04 20 21 52  6.241      12.8
71
2013 04 20 10 04 44.671     2013 04 20 10 07 57.922     193.3
72
2013 04 20 11 46 30.011     2013 04 20 11 49 58.321     208.3
2013 04 20 20 05  6.286     2013 04 20 20 08 18.612     192.3
73
2013 04 20 11 50 16.919     2013 04 20 11 51  2.489      45.6
2013 04 20 18 27  6.517     2013 04 20 18 30 10.915     184.4
74
2013 04 20 21 40  2.260     2013 04 20 21 40 17.176      14.9
75
2013 04 20 13 25 21.414     2013 04 20 13 28   .086     158.7
2013 04 20 20 00 24.557     2013 04 20 20 03 33.147     188.6
76
2013 04 20 20 05 34.859     2013 04 20 20 09 22.588     227.7
77
2013 04 20 11 47 25.206     2013 04 20 11 50 19.672     174.5
2013 04 20 20 04 47.302     2013 04 20 20 07 28.917     161.6
78
2013 04 20 13 17 52.132     2013 04 20 13 20 47.942     175.8
2013 04 20 23 18 34.976     2013 04 20 23 21 36.568     181.6
79
80
2013 04 20 13 25 48.379     2013 04 20 13 28 58.645     190.3
2013 04 20 20 01 22.869     2013 04 20 20 04  1.152     158.3
81
2013 04 20 11 44 32.359     2013 04 20 11 45 33.603      61.2
2013 04 20 21 42 18.493     2013 04 20 21 45 50.749     212.3
82
2013 04 20 15 00 54.211     2013 04 20 15 04  7.072     192.9
2013 04 20 21 35 59.871     2013 04 20 21 38 44.822     165.0
83
2013 04 20 10 11  1.935     2013 04 20 10 14 26.933     205.0
84
2013 04 20 13 27 55.916     2013 04 20 13 31 41.383     225.5
2013 04 20 18 24  7.807     2013 04 20 18 27 14.778     187.0
85
2013 04 20 13 22  9.957     2013 04 20 13 25 16.825     186.9
2013 04 20 21 39 32.544     2013 04 20 21 42  8.344     155.8
86
2013 04 20 21 47 23.603     2013 04 20 21 50 47.468     203.9
87
2013 04 20 13 22 18.172     2013 04 20 13 25 30.134     192.0
2013 04 20 21 37 52.052     2013 04 20 21 40 29.528     157.5
88
89
90
2013 04 20 13 18 12.968     2013 04 20 13 20 50.360     157.4
2013 04 20 23 17 46.565     2013 04 20 23 20 37.208     170.6
91
2013 04 20 20 05 34.686     2013 04 20 20 06  5.823      31.1
92
2013 04 20 13 13 39.725     2013 04 20 13 13 58.913      19.2
93
2013 04 20 10 05 45.270     2013 04 20 10 08 19.575     154.3
94
2013 04 20 10 05 42.221     2013 04 20 10 08 16.189     154.0
95
2013 04 20 11 43 47.674     2013 04 20 11 47 13.641     206.0
2013 04 20 21 43 28.772     2013 04 20 21 43 30.519       1.7
96
2013 04 20 11 46   .767     2013 04 20 11 48 37.072     156.3
97
98
2013 04 20 23 22 43.891     2013 04 20 23 25 46.711     182.8
99
2013 04 20 23 15 12.091     2013 04 20 23 16 13.435      61.3
