0 32.1887 129.1487 1 27 8
1 13.2169 95.1113 5 22 5
2 20.0066 131.6911 8 29 5
3 3.7852 85.4652 3 16 9
4 38.7264 116.7865 2 21 5
5 31.8836 113.2929 8 22 5
6 35.5234 103.5883 2 23 5
7 50.3955 106.6789 5 27 9
8 4.5275 99.9529 2 22 8
9 4.4567 126.8660 4 19 6
10 14.3101 120.2858 9 21 9
11 12.4229 123.4162 5 17 9
12 16.0213 73.6341 3 18 6
13 5.7566 79.8635 9 27 6
14 7.2293 75.7079 7 16 9
15 48.6493 106.2122 6 23 6
16 25.1237 107.1567 1 19 6
17 51.2143 99.5894 3 19 6
18 37.8300 109.0041 4 22 7
19 36.6859 116.7389 8 29 5
20 16.3250 103.8378 5 15 7
21 4.9809 87.2591 6 29 7
22 6.0867 107.0074 2 19 7
23 20.0330 88.8305 4 22 9
24 5.9265 122.0079 9 18 9
25 16.7718 131.0911 6 26 9
26 30.6819 105.5318 10 27 6
27 23.1784 79.3012 7 20 7
28 51.1817 97.5961 1 23 6
29 48.9487 80.5956 8 19 8
30 38.4023 98.8937 4 15 6
31 4.2170 117.7104 1 17 9
32 20.4298 103.7508 5 21 5
33 17.5636 93.8891 3 27 7
34 47.7981 119.2327 9 22 5
35 25.5402 128.5772 6 16 8
36 22.2239 116.5156 3 22 9
37 38.1642 123.6594 8 23 7
38 25.1050 122.7310 4 24 9
39 11.1729 130.3663 2 22 6
40 33.3009 78.0173 3 19 8
41 7.4807 109.5731 10 28 5
42 43.3867 123.2889 4 17 6
43 29.2442 74.6912 9 17 9
44 33.9545 128.4690 9 29 7
45 34.9999 93.3858 2 22 6
46 33.5955 109.2606 2 22 8
47 37.6562 76.7618 10 23 9
48 51.3612 82.3307 7 17 5
49 48.8011 100.2159 4 19 5
50 39.7598 94.1295 3 26 6
51 7.5705 129.1722 6 16 7
52 32.5210 125.4460 2 22 5
53 47.7733 107.8311 3 24 7
54 47.6283 112.8699 10 18 7
55 36.5556 108.9892 6 16 9
56 35.4536 100.3735 4 20 6
57 17.9945 107.0114 7 24 7
58 6.3331 75.9400 10 22 7
59 39.9164 83.3490 3 20 8
60 12.5821 81.6285 9 27 8
61 8.1310 90.6975 2 24 8
62 14.9059 129.5402 7 16 7
63 29.0019 120.9086 7 17 8
64 39.1300 108.3964 2 27 6
65 31.0625 103.5336 1 26 5
66 26.7267 88.7779 9 15 6
67 51.9059 122.4922 8 22 8
68 47.6476 130.6246 6 20 9
69 24.8565 110.3348 1 15 7
70 3.5526 107.8911 10 25 6
71 10.0643 124.2929 6 20 8
72 32.6810 116.1565 5 17 5
73 42.8304 130.0136 2 18 6
74 29.4062 92.5146 8 16 5
75 45.8114 101.3011 2 24 5
76 35.3083 125.3112 5 26 6
77 35.6914 116.3947 5 24 8
78 23.0059 82.8297 10 29 8
79 7.1288 101.6482 8 23 6
80 45.7890 106.1642 5 25 9
81 23.5531 97.9970 1 23 6
82 47.0010 84.5198 8 20 6
83 34.7664 130.8363 10 24 8
84 49.8351 117.9799 3 29 5
85 36.0274 93.8237 9 28 7
86 7.6090 107.7511 10 25 7
87 40.5879 88.6764 6 29 5
88 5.8945 103.7957 5 29 7
89 24.8967 93.8348 6 15 9
90 25.5267 80.4907 7 17 6
91 35.2430 126.2744 7 24 8
92 9.5741 78.5734 9 20 8
93 14.0421 122.9993 3 22 6
94 14.0064 122.6986 5 22 5
95 24.4533 109.6105 2 19 9
96 32.7173 110.0065 4 25 5
97 6.5140 77.7278 4 26 6
98 6.2173 85.5972 1 17 9
99 33.7525 79.0320 6 26 9
