s1
0
2013 04 20 13 58 24.185     2013 04 20 14 01 57.832     213.6
2013 04 20 22 13 57.120     2013 04 20 22 17 28.353     211.2
1
2013 04 20 00 19 29.725     2013 04 20 00 22  9.565     159.8
2
2013 04 20 13 57 33.674     2013 04 20 14 00 59.828     206.2
2013 04 20 22 12 26.390     2013 04 20 22 15   .597     154.2
3
4
2013 04 20 20 36 54.475     2013 04 20 20 39 38.433     164.0
5
2013 04 20 12 21 43.607     2013 04 20 12 24 31.708     168.1
2013 04 20 20 43  9.572     2013 04 20 20 43 11.141       1.6
6
2013 04 20 12 23 15.449     2013 04 20 12 23 58.254      42.8
2013 04 20 22 15 34.431     2013 04 20 22 16  2.868      28.4
7
2013 04 20 12 17 19.258     2013 04 20 12 20 32.099     192.8
2013 04 20 22 19 42.170     2013 04 20 22 22 17.679     155.5
8
2013 04 20 10 42 40.155     2013 04 20 10 45 20.912     160.8
2013 04 20 20 43 41.894     2013 04 20 20 47 20.155     218.3
9
2013 04 20 12 24  9.944     2013 04 20 12 27  6.159     176.2
2013 04 20 20 39  8.610     2013 04 20 20 42 25.506     196.9
10
2013 04 20 00 18 51.528     2013 04 20 00 19 49.851      58.3
11
2013 04 20 14 01 59.188     2013 04 20 14 04 46.869     167.7
2013 04 20 20 34 54.155     2013 04 20 20 37 51.538     177.4
12
2013 04 20 12 21 56.033     2013 04 20 12 24 31.747     155.7
2013 04 20 20 42 35.288     2013 04 20 20 42 46.559      11.3
13
2013 04 20 14 00 18.359     2013 04 20 14 00 49.376      31.0
2013 04 20 22 11 56.704     2013 04 20 22 14 53.697     177.0
14
2013 04 20 12 17 49.922     2013 04 20 12 18 41.711      51.8
2013 04 20 22 19 39.347     2013 04 20 22 22 33.788     174.4
15
2013 04 20 13 58 16.587     2013 04 20 13 58 36.664      20.1
2013 04 20 22 14  6.016     2013 04 20 22 15 12.530      66.5
16
17
2013 04 20 10 39  1.815     2013 04 20 10 41 42.514     160.7
18
2013 04 20 12 23 33.856     2013 04 20 12 26 14.114     160.3
2013 04 20 20 39 18.083     2013 04 20 20 41 52.538     154.5
19
2013 04 20 10 40 38.618     2013 04 20 10 43 20.113     161.5
20
2013 04 20 14 00 21.659     2013 04 20 14 04 11.945     230.3
2013 04 20 20 36 29.760     2013 04 20 20 39 25.769     176.0
21
2013 04 20 12 23 49.924     2013 04 20 12 26 49.145     179.2
2013 04 20 20 39 25.467     2013 04 20 20 42 20.726     175.3
22
2013 04 20 12 24 10.477     2013 04 20 12 26 52.958     162.5
2013 04 20 20 38 19.748     2013 04 20 20 41 15.919     176.2
23
2013 04 20 00 22  1.682     2013 04 20 00 23 14.198      72.5
2013 04 20 12 12 44.214     2013 04 20 12 15 20.976     156.8
24
2013 04 20 15 35 25.149     2013 04 20 15 36 15.206      50.1
2013 04 20 22 11 19.442     2013 04 20 22 13 52.993     153.6
25
26
2013 04 20 14 04 21.992     2013 04 20 14 04 39.801      17.8
2013 04 20 15 38 38.650     2013 04 20 15 42  5.822     207.2
2013 04 20 20 34  1.825     2013 04 20 20 36 36.404     154.6
27
2013 04 20 12 14  5.569     2013 04 20 12 17 30.761     205.2
28
2013 04 20 12 23 51.161     2013 04 20 12 26 44.482     173.3
2013 04 20 20 39 21.515     2013 04 20 20 42 14.008     172.5
29
2013 04 20 10 39 11.807     2013 04 20 10 41 53.006     161.2
30
2013 04 20 22 11 27.744     2013 04 20 22 15 13.745     226.0
31
32
2013 04 20 12 15 37.605     2013 04 20 12 18 11.135     153.5
33
2013 04 20 10 43 55.093     2013 04 20 10 47 10.737     195.6
2013 04 20 20 44 40.708     2013 04 20 20 47 34.165     173.5
34
2013 04 20 09 04 18.173     2013 04 20 09 06 59.518     161.3
2013 04 20 20 49 10.267     2013 04 20 20 52 44.637     214.4
35
2013 04 20 14 00 26.573     2013 04 20 14 03 26.415     179.8
2013 04 20 20 34 27.880     2013 04 20 20 37 30.435     182.6
36
2013 04 20 12 18 54.410     2013 04 20 12 21 34.316     159.9
2013 04 20 22 17 59.021     2013 04 20 22 20 36.799     157.8
37
2013 04 20 20 41 58.384     2013 04 20 20 44 34.650     156.3
38
2013 04 20 12 22 57.194     2013 04 20 12 25 35.613     158.4
2013 04 20 20 38 44.227     2013 04 20 20 41 31.840     167.6
39
2013 04 20 12 25  7.888     2013 04 20 12 28 28.846     201.0
2013 04 20 18 59 10.412     2013 04 20 18 59 14.535       4.1
40
2013 04 20 12 23 21.837     2013 04 20 12 25 58.909     157.1
2013 04 20 20 38 50.341     2013 04 20 20 41 24.067     153.7
41
2013 04 20 10 43  1.976     2013 04 20 10 43 17.394      15.4
2013 04 20 22 21 46.554     2013 04 20 22 21 47.520       1.0
42
2013 04 20 10 45 35.473     2013 04 20 10 48 29.679     174.2
2013 04 20 20 42  6.961     2013 04 20 20 43  8.942      62.0
43
2013 04 20 20 48 52.329     2013 04 20 20 51 22.532     150.2
44
45
2013 04 20 12 15 18.831     2013 04 20 12 17 55.008     156.2
46
47
2013 04 20 20 47 34.106     2013 04 20 20 51 13.718     219.6
48
2013 04 20 12 16 59.951     2013 04 20 12 19 34.670     154.7
2013 04 20 22 18 46.030     2013 04 20 22 22 19.658     213.6
49
2013 04 20 09 02 57.397     2013 04 20 09 06 10.416     193.0
2013 04 20 20 49 46.119     2013 04 20 20 52 16.167     150.0
50
2013 04 20 10 40 11.850     2013 04 20 10 43 15.831     184.0
51
2013 04 20 12 18 53.628     2013 04 20 12 21 34.028     160.4
2013 04 20 22 18 31.603     2013 04 20 22 21 22.461     170.9
52
2013 04 20 13 59 15.733     2013 04 20 14 02 39.553     203.8
2013 04 20 22 11 22.976     2013 04 20 22 11 26.451       3.5
53
2013 04 20 12 13 40.595     2013 04 20 12 16 58.864     198.3
54
2013 04 20 12 26  7.791     2013 04 20 12 28 46.024     158.2
2013 04 20 19 00 24.017     2013 04 20 19 03 32.995     189.0
55
2013 04 20 12 21 53.745     2013 04 20 12 22 22.559      28.8
2013 04 20 20 37 22.339     2013 04 20 20 40 56.753     214.4
56
2013 04 20 22 23 18.157     2013 04 20 22 25 48.188     150.0
57
2013 04 20 12 24  4.785     2013 04 20 12 26 41.754     157.0
2013 04 20 20 38 35.449     2013 04 20 20 41 25.212     169.8
58
59
2013 04 20 10 45 40.907     2013 04 20 10 49  7.560     206.7
60
2013 04 20 22 24 19.696     2013 04 20 22 25  5.183      45.5
61
2013 04 20 12 26 35.449     2013 04 20 12 29 16.423     161.0
2013 04 20 19 01 12.203     2013 04 20 19 03 55.505     163.3
62
63
2013 04 20 12 22 24.705     2013 04 20 12 24 59.609     154.9
2013 04 20 20 38 43.157     2013 04 20 20 42  8.537     205.4
64
65
2013 04 20 20 36 59.962     2013 04 20 20 40 30.781     210.8
66
67
2013 04 20 10 39 29.499     2013 04 20 10 41 13.444     103.9
68
2013 04 20 12 15 49.161     2013 04 20 12 17  8.566      79.4
2013 04 20 22 20  8.668     2013 04 20 22 23 39.344     210.7
69
2013 04 20 10 43 18.425     2013 04 20 10 46 59.713     221.3
2013 04 20 20 45 13.267     2013 04 20 20 47 53.963     160.7
70
2013 04 20 14 00  6.060     2013 04 20 14 03  9.350     183.3
2013 04 20 20 35 28.536     2013 04 20 20 39 13.383     224.8
71
2013 04 20 12 19  8.330     2013 04 20 12 22 39.157     210.8
2013 04 20 22 16 52.455     2013 04 20 22 19 43.536     171.1
72
2013 04 20 09 05 34.904     2013 04 20 09 06 16.568      41.7
2013 04 20 20 49 21.066     2013 04 20 20 52  1.543     160.5
73
2013 04 20 14 01  8.486     2013 04 20 14 03 44.067     155.6
2013 04 20 20 35 23.222     2013 04 20 20 38  3.462     160.2
74
2013 04 20 00 18 23.978     2013 04 20 00 20 59.307     155.3
75
2013 04 20 14 00 29.902     2013 04 20 14 03  7.800     157.9
2013 04 20 20 34 47.793     2013 04 20 20 38  4.991     197.2
76
2013 04 20 15 36 17.931     2013 04 20 15 38 58.842     160.9
2013 04 20 22 10 14.823     2013 04 20 22 12 55.814     161.0
77
2013 04 20 20 46 41.584     2013 04 20 20 49 40.151     178.6
78
2013 04 20 12 28 26.951     2013 04 20 12 31  8.225     161.3
2013 04 20 17 23 12.585     2013 04 20 17 26 50.191     217.6
2013 04 20 19 00 46.520     2013 04 20 19 01  3.309      16.8
79
80
2013 04 20 22 20 53.176     2013 04 20 22 24 10.662     197.5
81
82
2013 04 20 14 01 37.123     2013 04 20 14 04 53.306     196.2
2013 04 20 15 39 10.751     2013 04 20 15 40 22.948      72.2
2013 04 20 20 34 29.670     2013 04 20 20 37 22.661     173.0
83
2013 04 20 20 47  5.703     2013 04 20 20 49 40.152     154.4
84
2013 04 20 13 57 33.950     2013 04 20 14 00 57.639     203.7
2013 04 20 22 12 28.184     2013 04 20 22 15  2.549     154.4
85
2013 04 20 12 26 54.362     2013 04 20 12 29 36.740     162.4
2013 04 20 19 01 21.377     2013 04 20 19 03 55.758     154.4
86
2013 04 20 14 01 11.031     2013 04 20 14 04 56.897     225.9
2013 04 20 15 39  6.164     2013 04 20 15 42 37.298     211.1
2013 04 20 20 34 12.222     2013 04 20 20 36 57.770     165.5
87
88
2013 04 20 13 57 43.155     2013 04 20 14 00 52.873     189.7
2013 04 20 22 14 17.621     2013 04 20 22 16 52.541     154.9
89
2013 04 20 10 49 28.007     2013 04 20 10 52 16.048     168.0
2013 04 20 19 03 52.402     2013 04 20 19 06 36.566     164.2
90
2013 04 20 12 20 24.090     2013 04 20 12 21 11.450      47.4
91
2013 04 20 12 18 52.161     2013 04 20 12 21 47.417     175.3
2013 04 20 22 17 39.840     2013 04 20 22 20 16.104     156.3
92
2013 04 20 22 20 54.560     2013 04 20 22 23 27.694     153.1
93
2013 04 20 12 23 33.479     2013 04 20 12 26 22.307     168.8
2013 04 20 20 39 28.058     2013 04 20 20 42  4.945     156.9
94
2013 04 20 12 15 14.645     2013 04 20 12 18 34.246     199.6
95
2013 04 20 22 23 25.427     2013 04 20 22 25 56.737     151.3
96
2013 04 20 10 40 37.120     2013 04 20 10 41 47.104      70.0
2013 04 20 22 23 19.122     2013 04 20 22 26  1.548     162.4
97
2013 04 20 10 39 20.498     2013 04 20 10 42 20.121     179.6
98
2013 04 20 13 58 10.783     2013 04 20 14 00 55.280     164.5
2013 04 20 22 13 47.536     2013 04 20 22 16 28.004     160.5
99
2013 04 20 10 45 33.272     2013 04 20 10 48 11.711     158.4
2013 04 20 20 42 31.061     2013 04 20 20 43 37.125      66.1
100
2013 04 20 14 01 43.007     2013 04 20 14 05 18.876     215.9
2013 04 20 20 36 32.245     2013 04 20 20 39 24.672     172.4
101
2013 04 20 22 20 46.963     2013 04 20 22 23 11.656     144.7
102
2013 04 20 12 25 25.466     2013 04 20 12 28 25.806     180.3
2013 04 20 18 59 31.635     2013 04 20 19 00 38.865      67.2
103
2013 04 20 12 27 26.892     2013 04 20 12 30  8.286     161.4
2013 04 20 19 01 18.737     2013 04 20 19 04  3.216     164.5
104
105
2013 04 20 22 14 59.505     2013 04 20 22 18 41.641     222.1
106
2013 04 20 00 21 36.608     2013 04 20 00 21 50.631      14.0
2013 04 20 12 13  2.877     2013 04 20 12 15 36.567     153.7
107
2013 04 20 20 46 34.492     2013 04 20 20 49  7.672     153.2
108
2013 04 20 20 51 15.594     2013 04 20 20 51 36.905      21.3
109
2013 04 20 14 00 15.644     2013 04 20 14 00 22.151       6.5
2013 04 20 22 11 36.369     2013 04 20 22 15 15.746     219.4
110
2013 04 20 12 20 15.192     2013 04 20 12 22 51.911     156.7
111
112
113
2013 04 20 00 21 17.789     2013 04 20 00 23 49.032     151.2
114
115
2013 04 20 10 40 55.322     2013 04 20 10 40 59.654       4.3
2013 04 20 22 23 39.117     2013 04 20 22 26 17.085     158.0
116
2013 04 20 14 02 20.035     2013 04 20 14 04 59.227     159.2
2013 04 20 19 00 37.181     2013 04 20 19 00 47.078       9.9
2013 04 20 20 35   .557     2013 04 20 20 38 16.014     195.5
117
2013 04 20 12 26 56.496     2013 04 20 12 30 27.953     211.5
2013 04 20 14 04 41.749     2013 04 20 14 08 23.359     221.6
2013 04 20 18 59 52.222     2013 04 20 19 02 41.884     169.7
118
2013 04 20 12 17 22.342     2013 04 20 12 20 18.078     175.7
2013 04 20 22 19 27.180     2013 04 20 22 22  9.937     162.8
119
2013 04 20 15 37 24.127     2013 04 20 15 40 36.021     191.9
2013 04 20 20 32 44.200     2013 04 20 20 36 20.648     216.4
120
121
2013 04 20 13 59 41.570     2013 04 20 14 02 23.234     161.7
122
2013 04 20 22 11  1.358     2013 04 20 22 12 17.497      76.1
123
124
2013 04 20 10 48 34.780     2013 04 20 10 49 13.289      38.5
2013 04 20 19 03 13.053     2013 04 20 19 05 46.311     153.3
125
2013 04 20 12 25 18.527     2013 04 20 12 28 30.702     192.2
126
2013 04 20 12 28 25.001     2013 04 20 12 31  2.467     157.5
2013 04 20 17 22 52.884     2013 04 20 17 26 15.809     202.9
2013 04 20 19 00 17.321     2013 04 20 19 00 34.797      17.5
127
2013 04 20 12 28 45.641     2013 04 20 12 31 57.133     191.5
2013 04 20 17 24  7.491     2013 04 20 17 27 20.692     193.2
128
2013 04 20 15 37  5.704     2013 04 20 15 40 28.021     202.3
2013 04 20 20 36  7.228     2013 04 20 20 36 34.324      27.1
2013 04 20 22 10 23.425     2013 04 20 22 10 50.540      27.1
129
2013 04 20 14 03 46.988     2013 04 20 14 06 30.209     163.2
2013 04 20 18 58 34.710     2013 04 20 19 01 16.943     162.2
130
131
2013 04 20 10 52 26.212     2013 04 20 10 53  7.816      41.6
2013 04 20 19 02 53.034     2013 04 20 19 05 42.205     169.2
132
2013 04 20 22 23  2.916     2013 04 20 22 26 33.629     210.7
133
2013 04 20 12 15 20.642     2013 04 20 12 18 25.924     185.3
134
2013 04 20 20 41 30.546     2013 04 20 20 44 10.943     160.4
135
2013 04 20 20 46  4.155     2013 04 20 20 48 39.899     155.7
136
137
2013 04 20 10 40 54.337     2013 04 20 10 44 12.291     198.0
138
2013 04 20 10 38  7.353     2013 04 20 10 40 45.337     158.0
2013 04 20 22 24 45.864     2013 04 20 22 28  1.833     196.0
139
2013 04 20 13 59 55.593     2013 04 20 14 02 53.688     178.1
2013 04 20 20 39  4.885     2013 04 20 20 39 17.965      13.1
140
2013 04 20 12 26 29.805     2013 04 20 12 29 37.236     187.4
2013 04 20 19 01 42.770     2013 04 20 19 04 23.188     160.4
141
2013 04 20 12 22 55.239     2013 04 20 12 23  9.948      14.7
2013 04 20 20 40 21.359     2013 04 20 20 43  6.379     165.0
142
2013 04 20 12 14 41.631     2013 04 20 12 17 17.802     156.2
143
2013 04 20 22 15 37.584     2013 04 20 22 18 59.928     202.3
144
2013 04 20 10 44 35.310     2013 04 20 10 47 28.618     173.3
2013 04 20 20 43 59.972     2013 04 20 20 47 15.567     195.6
145
2013 04 20 12 26 59.679     2013 04 20 12 29 36.848     157.2
2013 04 20 19 01 10.942     2013 04 20 19 03 44.934     154.0
146
2013 04 20 12 25  2.648     2013 04 20 12 25 54.466      51.8
2013 04 20 20 37 20.963     2013 04 20 20 40 48.156     207.2
147
2013 04 20 00 19 34.562     2013 04 20 00 23  3.895     209.3
148
2013 04 20 12 26 28.487     2013 04 20 12 26 56.725      28.2
2013 04 20 19 02 26.822     2013 04 20 19 05   .369     153.5
149
2013 04 20 20 40 43.103     2013 04 20 20 43 46.105     183.0
150
2013 04 20 10 45 58.756     2013 04 20 10 48 34.587     155.8
151
2013 04 20 22 21 41.307     2013 04 20 22 24 11.575     150.3
152
2013 04 20 00 18 36.965     2013 04 20 00 22 14.042     217.1
153
2013 04 20 22 22 13.516     2013 04 20 22 25 35.898     202.4
154
2013 04 20 10 40 30.801     2013 04 20 10 43 41.413     190.6
155
2013 04 20 10 38 58.194     2013 04 20 10 39 26.912      28.7
156
2013 04 20 15 35 32.541     2013 04 20 15 39 14.335     221.8
2013 04 20 22 11  8.591     2013 04 20 22 13 42.208     153.6
157
2013 04 20 20 46 39.095     2013 04 20 20 48 46.312     127.2
158
2013 04 20 20 42 10.159     2013 04 20 20 44 48.986     158.8
159
2013 04 20 10 49 10.108     2013 04 20 10 51 54.285     164.2
2013 04 20 19 04 53.683     2013 04 20 19 07 31.162     157.5
160
2013 04 20 10 48 30.200     2013 04 20 10 52 14.759     224.6
2013 04 20 19 03 18.191     2013 04 20 19 05 52.575     154.4
161
2013 04 20 10 36 40.952     2013 04 20 10 40 22.022     221.1
2013 04 20 22 24  4.110     2013 04 20 22 26 48.550     164.4
162
2013 04 20 10 41 41.594     2013 04 20 10 45  7.155     205.6
2013 04 20 20 45 20.617     2013 04 20 20 48 53.136     212.5
163
2013 04 20 10 43 25.151     2013 04 20 10 46  7.373     162.2
2013 04 20 20 43 46.925     2013 04 20 20 46 34.261     167.3
164
2013 04 20 14 01  5.389     2013 04 20 14 04 30.960     205.6
2013 04 20 20 36 29.032     2013 04 20 20 39  3.261     154.2
165
2013 04 20 20 40 41.621     2013 04 20 20 41 34.188      52.6
166
167
2013 04 20 14 03  2.341     2013 04 20 14 06 39.839     217.5
2013 04 20 18 58 47.438     2013 04 20 19 02  9.683     202.2
168
2013 04 20 20 47 19.347     2013 04 20 20 50 18.586     179.2
169
2013 04 20 20 46  3.378     2013 04 20 20 48 34.430     151.1
170
2013 04 20 00 19 52.360     2013 04 20 00 20 25.073      32.7
171
2013 04 20 15 38 10.294     2013 04 20 15 40 56.290     166.0
2013 04 20 20 33  2.849     2013 04 20 20 35 48.536     165.7
172
2013 04 20 20 41 24.975     2013 04 20 20 43 57.059     152.1
173
2013 04 20 12 15  5.978     2013 04 20 12 18 27.776     201.8
174
2013 04 20 12 30  7.250     2013 04 20 12 30 17.993      10.7
2013 04 20 14 04 17.115     2013 04 20 14 07 40.023     202.9
2013 04 20 18 59 33.028     2013 04 20 19 02  8.258     155.2
175
176
2013 04 20 20 40 50.779     2013 04 20 20 43 43.027     172.2
177
2013 04 20 12 24 27.599     2013 04 20 12 27 24.642     177.0
2013 04 20 20 38 52.982     2013 04 20 20 42 36.498     223.5
178
2013 04 20 14 01 25.800     2013 04 20 14 02  3.633      37.8
2013 04 20 20 36 50.334     2013 04 20 20 39 37.175     166.8
179
2013 04 20 13 56 10.860     2013 04 20 13 58 45.401     154.5
180
2013 04 20 10 47 21.091     2013 04 20 10 50   .205     159.1
181
2013 04 20 22 14 39.981     2013 04 20 22 14 49.311       9.3
182
2013 04 20 00 17 31.674     2013 04 20 00 20 38.830     187.2
183
2013 04 20 20 46 30.359     2013 04 20 20 49 57.503     207.1
184
2013 04 20 19 02 30.848     2013 04 20 19 05  9.752     158.9
185
2013 04 20 13 57 19.276     2013 04 20 14 00 19.260     180.0
2013 04 20 22 12 44.635     2013 04 20 22 15 32.342     167.7
186
2013 04 20 13 59 29.921     2013 04 20 14 02 42.367     192.4
187
2013 04 20 13 55  1.738     2013 04 20 13 57 45.079     163.3
188
189
2013 04 20 10 43 37.341     2013 04 20 10 46 15.078     157.7
2013 04 20 20 44 28.942     2013 04 20 20 47   .866     151.9
190
2013 04 20 14 01 49.912     2013 04 20 14 04 26.081     156.2
2013 04 20 20 35 33.989     2013 04 20 20 38 14.537     160.5
191
2013 04 20 13 59 55.746     2013 04 20 14 02 33.036     157.3
192
2013 04 20 12 13 30.184     2013 04 20 12 16  3.391     153.2
193
2013 04 20 12 15 24.370     2013 04 20 12 18 30.823     186.5
194
2013 04 20 14 03 52.659     2013 04 20 14 04 35.055      42.4
2013 04 20 15 38 35.320     2013 04 20 15 42  8.656     213.3
2013 04 20 20 34  5.309     2013 04 20 20 36 39.833     154.5
195
2013 04 20 13 57 20.505     2013 04 20 14 00 44.763     204.3
2013 04 20 22 14 32.319     2013 04 20 22 17  4.659     152.3
196
2013 04 20 20 48 38.152     2013 04 20 20 51 53.356     195.2
197
2013 04 20 15 36 58.032     2013 04 20 15 39 35.651     157.6
2013 04 20 20 31 21.597     2013 04 20 20 31 58.571      37.0
2013 04 20 22 09 27.495     2013 04 20 22 12 55.354     207.9
198
2013 04 20 14 02 14.694     2013 04 20 14 02 59.527      44.8
2013 04 20 20 36 24.753     2013 04 20 20 37 55.493      90.7
199
2013 04 20 10 50 19.730     2013 04 20 10 53 40.492     200.8
2013 04 20 19 02 30.671     2013 04 20 19 02 40.113       9.4
200
2013 04 20 14 01 22.468     2013 04 20 14 04 54.800     212.3
2013 04 20 20 36 34.928     2013 04 20 20 39 11.536     156.6
201
2013 04 20 14 00 33.400     2013 04 20 14 03 34.002     180.6
2013 04 20 20 35 48.546     2013 04 20 20 38 55.016     186.5
202
2013 04 20 20 37  7.621     2013 04 20 20 39 43.067     155.4
203
2013 04 20 19 02 25.086     2013 04 20 19 05 31.211     186.1
204
2013 04 20 20 47 29.764     2013 04 20 20 50   .089     150.3
205
2013 04 20 10 45 44.472     2013 04 20 10 48 20.380     155.9
206
2013 04 20 12 14 48.350     2013 04 20 12 17 26.602     158.3
207
2013 04 20 13 54 48.733     2013 04 20 13 57 40.468     171.7
208
2013 04 20 15 37 55.352     2013 04 20 15 40 50.402     175.1
2013 04 20 20 33   .367     2013 04 20 20 35 59.542     179.2
209
210
2013 04 20 00 14 34.706     2013 04 20 00 14 58.289      23.6
2013 04 20 13 54 21.439     2013 04 20 13 56 59.545     158.1
211
2013 04 20 10 45 42.550     2013 04 20 10 49 17.403     214.9
212
2013 04 20 20 45 10.832     2013 04 20 20 45 16.261       5.4
213
214
2013 04 20 12 25 17.134     2013 04 20 12 27 53.407     156.3
215
2013 04 20 00 21 37.623     2013 04 20 00 21 56.715      19.1
2013 04 20 12 13  1.893     2013 04 20 12 15 35.506     153.6
216
217
2013 04 20 12 23 18.963     2013 04 20 12 26   .344     161.4
2013 04 20 20 39 23.524     2013 04 20 20 41 56.221     152.7
218
2013 04 20 12 24 16.934     2013 04 20 12 26 53.914     157.0
2013 04 20 20 38 46.794     2013 04 20 20 41 54.001     187.2
219
2013 04 20 12 21  1.884     2013 04 20 12 24 26.004     204.1
220
2013 04 20 15 38  8.748     2013 04 20 15 40 47.503     158.8
2013 04 20 20 32 50.069     2013 04 20 20 35 35.142     165.1
221
2013 04 20 10 41 55.750     2013 04 20 10 45 22.812     207.1
222
2013 04 20 10 43 25.669     2013 04 20 10 46 38.901     193.2
2013 04 20 20 45  1.641     2013 04 20 20 47 34.671     153.0
223
2013 04 20 10 44 56.533     2013 04 20 10 48 32.097     215.6
2013 04 20 20 42  5.457     2013 04 20 20 45 13.778     188.3
224
2013 04 20 12 15  1.613     2013 04 20 12 16 40.389      98.8
225
2013 04 20 20 51 48.810     2013 04 20 20 51 55.927       7.1
226
2013 04 20 15 36 42.124     2013 04 20 15 37  8.834      26.7
2013 04 20 22 10 54.230     2013 04 20 22 12  7.426      73.2
227
2013 04 20 19 02 53.382     2013 04 20 19 05 36.600     163.2
228
2013 04 20 10 45 12.685     2013 04 20 10 48 12.581     179.9
2013 04 20 20 42 25.156     2013 04 20 20 45 45.966     200.8
229
230
2013 04 20 12 15 19.886     2013 04 20 12 18   .721     160.8
231
2013 04 20 22 22 55.607     2013 04 20 22 25 26.710     151.1
232
2013 04 20 10 39 42.171     2013 04 20 10 42 15.665     153.5
233
2013 04 20 14 03 37.458     2013 04 20 14 06 37.058     179.6
2013 04 20 18 58 46.552     2013 04 20 19 01 36.234     169.7
234
2013 04 20 12 16 45.136     2013 04 20 12 20 29.721     224.6
2013 04 20 22 20  7.926     2013 04 20 22 22 47.805     159.9
235
2013 04 20 22 19 14.914     2013 04 20 22 21 38.484     143.6
236
2013 04 20 10 47 22.819     2013 04 20 10 47 28.640       5.8
2013 04 20 19 02 51.408     2013 04 20 19 06 28.422     217.0
237
2013 04 20 22 15 10.174     2013 04 20 22 18 37.489     207.3
238
2013 04 20 12 17 56.655     2013 04 20 12 21  9.086     192.4
2013 04 20 22 19 27.471     2013 04 20 22 22  1.354     153.9
239
2013 04 20 10 48 28.800     2013 04 20 10 51 26.987     178.2
2013 04 20 19 03 51.594     2013 04 20 19 06 35.369     163.8
240
2013 04 20 20 48 32.556     2013 04 20 20 51  3.204     150.6
241
2013 04 20 22 16 23.160     2013 04 20 22 19 10.950     167.8
242
2013 04 20 15 38  2.689     2013 04 20 15 41 12.007     189.3
2013 04 20 20 33 21.761     2013 04 20 20 36 13.047     171.3
243
2013 04 20 12 26 23.122     2013 04 20 12 26 27.842       4.7
2013 04 20 19 02 30.671     2013 04 20 19 05  4.147     153.5
244
2013 04 20 00 18  1.306     2013 04 20 00 20 31.793     150.5
2013 04 20 13 51  9.033     2013 04 20 13 51 21.505      12.5
245
2013 04 20 13 57 37.558     2013 04 20 14 00 14.366     156.8
2013 04 20 22 13 42.351     2013 04 20 22 16 18.715     156.4
246
2013 04 20 10 39 27.721     2013 04 20 10 42 14.363     166.6
247
2013 04 20 10 41 37.992     2013 04 20 10 45   .937     202.9
248
2013 04 20 10 38 31.738     2013 04 20 10 41 21.259     169.5
2013 04 20 22 23 43.815     2013 04 20 22 26 58.322     194.5
249
2013 04 20 10 40 37.216     2013 04 20 10 43 12.921     155.7
250
2013 04 20 13 56 14.407     2013 04 20 13 58 52.969     158.6
251
2013 04 20 13 57 48.614     2013 04 20 14 00 36.081     167.5
2013 04 20 22 13   .379     2013 04 20 22 15 34.032     153.7
252
2013 04 20 20 47 52.461     2013 04 20 20 51 21.894     209.4
253
2013 04 20 15 38  9.686     2013 04 20 15 41  3.430     173.7
2013 04 20 20 33 11.714     2013 04 20 20 35 58.198     166.5
254
2013 04 20 00 19 11.245     2013 04 20 00 21 41.419     150.2
255
2013 04 20 13 56 32.711     2013 04 20 13 59 13.780     161.1
2013 04 20 22 13 29.401     2013 04 20 22 17 13.195     223.8
256
2013 04 20 12 23 11.829     2013 04 20 12 26 13.710     181.9
2013 04 20 20 39 45.652     2013 04 20 20 42 18.423     152.8
257
2013 04 20 12 14  8.251     2013 04 20 12 16 44.767     156.5
258
259
2013 04 20 12 23 35.262     2013 04 20 12 27  5.545     210.3
2013 04 20 20 39 46.059     2013 04 20 20 42 46.881     180.8
260
261
2013 04 20 14 03 16.386     2013 04 20 14 05 57.886     161.5
2013 04 20 18 58  4.522     2013 04 20 19 01 14.031     189.5
262
2013 04 20 20 44 53.857     2013 04 20 20 46 46.807     113.0
263
2013 04 20 15 35  1.806     2013 04 20 15 35 13.239      11.4
2013 04 20 22 11 20.258     2013 04 20 22 13 59.058     158.8
264
2013 04 20 10 40 45.513     2013 04 20 10 44  2.133     196.6
265
2013 04 20 00 20 14.575     2013 04 20 00 22 56.771     162.2
266
267
2013 04 20 10 47 18.916     2013 04 20 10 50 11.989     173.1
268
2013 04 20 14 03  4.162     2013 04 20 14 06 23.927     199.8
2013 04 20 18 58 33.052     2013 04 20 19 01 56.916     203.9
269
2013 04 20 13 58 14.833     2013 04 20 14 01 36.506     201.7
2013 04 20 22 12 16.588     2013 04 20 22 15  2.936     166.3
270
271
2013 04 20 12 26 27.751     2013 04 20 12 27 54.235      86.5
2013 04 20 19 02 19.734     2013 04 20 19 04 53.473     153.7
272
2013 04 20 10 47 50.208     2013 04 20 10 51  8.372     198.2
2013 04 20 19 05 29.042     2013 04 20 19 08 21.540     172.5
273
274
2013 04 20 12 18  3.964     2013 04 20 12 21 33.868     209.9
2013 04 20 22 19 26.175     2013 04 20 22 22 13.202     167.0
275
2013 04 20 20 45 26.159     2013 04 20 20 47 31.342     125.2
276
2013 04 20 10 42 41.177     2013 04 20 10 43 15.504      34.3
2013 04 20 20 42 40.933     2013 04 20 20 46  6.938     206.0
277
2013 04 20 12 15 56.898     2013 04 20 12 18 47.405     170.5
278
2013 04 20 00 20 25.858     2013 04 20 00 23 21.722     175.9
279
2013 04 20 22 15  8.584     2013 04 20 22 17 53.532     164.9
280
2013 04 20 12 17 25.501     2013 04 20 12 20 29.647     184.1
2013 04 20 22 19 34.513     2013 04 20 22 22 10.691     156.2
281
2013 04 20 13 58 17.600     2013 04 20 14 00 53.520     155.9
2013 04 20 22 13 15.152     2013 04 20 22 15 53.657     158.5
282
2013 04 20 10 48 10.300     2013 04 20 10 51 10.628     180.3
2013 04 20 19 05 16.657     2013 04 20 19 08  1.593     164.9
283
2013 04 20 00 19 20.966     2013 04 20 00 19 42.532      21.6
284
285
2013 04 20 14 02  9.997     2013 04 20 14 05 27.581     197.6
2013 04 20 20 36 10.888     2013 04 20 20 39 26.364     195.5
286
2013 04 20 20 48 18.411     2013 04 20 20 50 50.625     152.2
287
2013 04 20 12 26 10.773     2013 04 20 12 28 58.518     167.7
2013 04 20 19 00 15.673     2013 04 20 19 03 13.107     177.4
288
2013 04 20 12 15 51.281     2013 04 20 12 18 29.318     158.0
289
2013 04 20 12 19 52.854     2013 04 20 12 22 28.067     155.2
2013 04 20 22 17 26.009     2013 04 20 22 18 18.547      52.5
290
2013 04 20 12 14 51.633     2013 04 20 12 18 13.568     201.9
291
2013 04 20 12 16 24.047     2013 04 20 12 16 36.377      12.3
2013 04 20 22 20 25.538     2013 04 20 22 23  5.979     160.4
292
2013 04 20 12 21 58.611     2013 04 20 12 25 39.275     220.7
2013 04 20 20 37 29.713     2013 04 20 20 41  3.376     213.7
293
2013 04 20 12 17  1.682     2013 04 20 12 17 18.723      17.0
2013 04 20 22 20 14.202     2013 04 20 22 22 45.232     151.0
294
2013 04 20 10 44 20.014     2013 04 20 10 47 44.205     204.2
2013 04 20 20 42 45.803     2013 04 20 20 45 22.008     156.2
295
2013 04 20 20 37  1.305     2013 04 20 20 40  2.247     180.9
296
2013 04 20 00 20  1.491     2013 04 20 00 23 23.835     202.3
297
2013 04 20 13 55 13.715     2013 04 20 13 58 16.998     183.3
298
299
2013 04 20 10 44  5.152     2013 04 20 10 46 43.279     158.1
2013 04 20 20 44 16.605     2013 04 20 20 46 51.650     155.0
300
2013 04 20 20 40 25.174     2013 04 20 20 40 30.505       5.3
301
302
2013 04 20 20 40 34.242     2013 04 20 20 43 24.293     170.1
303
2013 04 20 22 18 50.332     2013 04 20 22 18 52.024       1.7
304
2013 04 20 12 26 26.385     2013 04 20 12 29  2.317     155.9
2013 04 20 19 00 43.657     2013 04 20 19 03 34.270     170.6
305
2013 04 20 20 50 54.916     2013 04 20 20 51 51.093      56.2
306
2013 04 20 12 14  9.181     2013 04 20 12 17 29.805     200.6
307
2013 04 20 12 15  6.709     2013 04 20 12 18 30.795     204.1
308
2013 04 20 12 20 32.458     2013 04 20 12 21 27.641      55.2
2013 04 20 22 17  6.990     2013 04 20 22 20  5.646     178.7
309
2013 04 20 22 21 30.224     2013 04 20 22 24  5.175     155.0
310
2013 04 20 12 25 49.738     2013 04 20 12 28 39.006     169.3
2013 04 20 19 00 52.819     2013 04 20 19 04 27.549     214.7
311
2013 04 20 13 58 51.576     2013 04 20 14 01 38.506     166.9
2013 04 20 22 12 30.519     2013 04 20 22 15 43.537     193.0
312
2013 04 20 12 27 43.666     2013 04 20 12 30 40.397     176.7
2013 04 20 14 05  5.121     2013 04 20 14 05 16.954      11.8
2013 04 20 17 22  2.006     2013 04 20 17 25 49.703     227.7
2013 04 20 19 00  7.540     2013 04 20 19 03 27.705     200.2
313
2013 04 20 09 04 51.982     2013 04 20 09 07 39.358     167.4
314
2013 04 20 22 11 51.740     2013 04 20 22 14 26.772     155.0
315
2013 04 20 20 44 34.294     2013 04 20 20 45 23.236      48.9
316
2013 04 20 13 56 50.253     2013 04 20 14 00 17.447     207.2
2013 04 20 22 14 33.916     2013 04 20 22 17 17.654     163.7
317
2013 04 20 12 21 16.544     2013 04 20 12 23 58.546     162.0
318
2013 04 20 12 23 30.862     2013 04 20 12 26 23.423     172.6
2013 04 20 20 39 32.256     2013 04 20 20 42  9.120     156.9
319
2013 04 20 10 49  1.705     2013 04 20 10 52 35.276     213.6
2013 04 20 19 03 18.893     2013 04 20 19 05 56.709     157.8
320
2013 04 20 13 57 33.000     2013 04 20 14 01  5.656     212.7
2013 04 20 22 14 32.739     2013 04 20 22 17  9.458     156.7
321
2013 04 20 12 27 41.159     2013 04 20 12 30 17.289     156.1
2013 04 20 19 00 59.760     2013 04 20 19 03 56.842     177.1
322
2013 04 20 00 17 42.500     2013 04 20 00 20 33.227     170.7
323
2013 04 20 10 43 33.673     2013 04 20 10 46 11.181     157.5
2013 04 20 20 44 29.514     2013 04 20 20 47  2.501     153.0
324
325
2013 04 20 22 15  4.025     2013 04 20 22 18 20.865     196.8
326
2013 04 20 12 26 51.775     2013 04 20 12 29 58.251     186.5
2013 04 20 19 01 48.042     2013 04 20 19 04 21.783     153.7
327
2013 04 20 12 16 47.025     2013 04 20 12 17 55.333      68.3
328
2013 04 20 12 25 32.199     2013 04 20 12 28 10.744     158.5
2013 04 20 19 04 24.521     2013 04 20 19 04 26.417       1.9
329
2013 04 20 12 17 35.467     2013 04 20 12 18 43.287      67.8
330
2013 04 20 12 19 12.376     2013 04 20 12 22   .544     168.2
2013 04 20 22 17 33.398     2013 04 20 22 20 23.279     169.9
331
2013 04 20 10 45 32.919     2013 04 20 10 48 14.793     161.9
2013 04 20 20 42 25.865     2013 04 20 20 43 43.466      77.6
332
2013 04 20 20 46 19.739     2013 04 20 20 48 50.161     150.4
333
2013 04 20 10 42 45.308     2013 04 20 10 46  7.127     201.8
2013 04 20 20 45 21.443     2013 04 20 20 47 56.261     154.8
334
2013 04 20 13 53 19.499     2013 04 20 13 57  6.826     227.3
335
2013 04 20 10 44 35.705     2013 04 20 10 47  9.671     154.0
2013 04 20 20 43 40.957     2013 04 20 20 46 28.750     167.8
336
2013 04 20 12 23 36.017     2013 04 20 12 26 13.388     157.4
2013 04 20 20 39 11.873     2013 04 20 20 41 46.233     154.4
337
2013 04 20 10 48 53.345     2013 04 20 10 49 13.056      19.7
2013 04 20 20 41 26.915     2013 04 20 20 44 55.273     208.4
338
339
2013 04 20 09 07 40.822     2013 04 20 09 08 39.230      58.4
340
2013 04 20 12 23 55.335     2013 04 20 12 27 21.105     205.8
2013 04 20 20 37 39.295     2013 04 20 20 40 34.976     175.7
341
2013 04 20 22 19 46.811     2013 04 20 22 23  5.008     198.2
342
2013 04 20 19 02 41.738     2013 04 20 19 05 21.705     160.0
343
2013 04 20 10 46 25.594     2013 04 20 10 49 55.056     209.5
344
2013 04 20 22 20 53.551     2013 04 20 22 21 58.560      65.0
345
2013 04 20 00 18  5.882     2013 04 20 00 20 36.248     150.4
2013 04 20 13 51  1.200     2013 04 20 13 51  3.994       2.8
346
2013 04 20 12 23 49.369     2013 04 20 12 26 26.317     156.9
2013 04 20 20 39  5.086     2013 04 20 20 41 45.758     160.7
347
2013 04 20 12 22  1.671     2013 04 20 12 24 38.324     156.7
2013 04 20 20 41 51.115     2013 04 20 20 42 42.810      51.7
348
2013 04 20 00 20 10.029     2013 04 20 00 22 47.500     157.5
349
2013 04 20 12 20  7.204     2013 04 20 12 22 52.058     164.9
350
351
352
2013 04 20 12 28  6.337     2013 04 20 12 30 46.879     160.5
2013 04 20 17 22 29.419     2013 04 20 17 26 10.969     221.5
2013 04 20 19 00 20.909     2013 04 20 19 03 58.671     217.8
353
2013 04 20 10 39  4.502     2013 04 20 10 42  3.043     178.5
354
2013 04 20 22 25 11.314     2013 04 20 22 25 12.729       1.4
355
2013 04 20 22 14 58.465     2013 04 20 22 15 18.479      20.0
356
2013 04 20 22 21 24.096     2013 04 20 22 23 54.593     150.5
357
2013 04 20 10 42 55.138     2013 04 20 10 46 40.741     225.6
2013 04 20 20 42 45.605     2013 04 20 20 45 55.121     189.5
358
2013 04 20 20 45 36.281     2013 04 20 20 45 42.689       6.4
359
2013 04 20 10 38 33.263     2013 04 20 10 41 11.834     158.6
2013 04 20 22 23 56.399     2013 04 20 22 27 16.576     200.2
360
2013 04 20 10 38   .986     2013 04 20 10 40 34.435     153.4
2013 04 20 22 24 40.316     2013 04 20 22 27 33.242     172.9
361
2013 04 20 12 17 54.996     2013 04 20 12 18  9.542      14.5
2013 04 20 22 17 11.613     2013 04 20 22 19 51.394     159.8
362
2013 04 20 13 54 34.006     2013 04 20 13 57 12.574     158.6
363
2013 04 20 13 57  4.699     2013 04 20 14 00 34.275     209.6
2013 04 20 22 12 20.348     2013 04 20 22 15 11.607     171.3
364
2013 04 20 00 19 35.607     2013 04 20 00 22 33.011     177.4
365
366
2013 04 20 10 38 16.302     2013 04 20 10 41 52.854     216.6
2013 04 20 22 23 13.278     2013 04 20 22 26 12.688     179.4
367
2013 04 20 10 44 32.266     2013 04 20 10 47 23.666     171.4
2013 04 20 20 43 10.937     2013 04 20 20 45 51.564     160.6
368
2013 04 20 20 45 32.698     2013 04 20 20 48 24.952     172.3
369
2013 04 20 13 56  8.021     2013 04 20 13 59 43.497     215.5
2013 04 20 22 14 25.453     2013 04 20 22 17 51.328     205.9
370
2013 04 20 12 25 14.252     2013 04 20 12 27 56.680     162.4
371
2013 04 20 12 16 34.546     2013 04 20 12 20 15.610     221.1
2013 04 20 22 20  5.888     2013 04 20 22 22 55.861     170.0
372
2013 04 20 12 24 39.141     2013 04 20 12 27 14.635     155.5
2013 04 20 20 38 22.554     2013 04 20 20 41 57.654     215.1
373
2013 04 20 22 20 26.157     2013 04 20 22 22 58.951     152.8
374
2013 04 20 10 39 45.355     2013 04 20 10 43 25.342     220.0
375
2013 04 20 12 14 17.374     2013 04 20 12 16 53.139     155.8
376
2013 04 20 00 21 26.652     2013 04 20 00 25  6.538     219.9
2013 04 20 12 12 58.510     2013 04 20 12 15 36.616     158.1
377
2013 04 20 13 54 45.697     2013 04 20 13 57 20.012     154.3
378
379
2013 04 20 12 19 57.776     2013 04 20 12 23  3.946     186.2
2013 04 20 22 16 27.815     2013 04 20 22 18 17.607     109.8
380
2013 04 20 10 49 30.971     2013 04 20 10 52 38.723     187.8
2013 04 20 19 03 27.264     2013 04 20 19 06 19.774     172.5
381
2013 04 20 22 19 13.705     2013 04 20 22 20 19.371      65.7
382
2013 04 20 14 01 24.371     2013 04 20 14 03  3.731      99.4
2013 04 20 20 36 46.177     2013 04 20 20 39 28.757     162.6
383
2013 04 20 10 38 33.369     2013 04 20 10 42 17.221     223.9
2013 04 20 22 22 49.192     2013 04 20 22 26  7.636     198.4
384
2013 04 20 10 47 30.173     2013 04 20 10 50 14.936     164.8
2013 04 20 19 07 31.011     2013 04 20 19 07 42.609      11.6
385
2013 04 20 10 38 58.953     2013 04 20 10 42 22.984     204.0
386
2013 04 20 20 40 19.957     2013 04 20 20 41 36.334      76.4
387
2013 04 20 10 39 40.306     2013 04 20 10 40 20.040      39.7
388
389
2013 04 20 10 42  6.300     2013 04 20 10 43 29.667      83.4
2013 04 20 20 45 45.506     2013 04 20 20 48 28.883     163.4
390
2013 04 20 15 37  5.423     2013 04 20 15 40 29.569     204.1
2013 04 20 20 36  8.555     2013 04 20 20 36 35.713      27.2
2013 04 20 22 10 24.379     2013 04 20 22 10 48.618      24.2
391
392
2013 04 20 22 23  1.693     2013 04 20 22 25 41.379     159.7
393
2013 04 20 13 57 26.672     2013 04 20 14 00 32.134     185.5
2013 04 20 22 14 18.579     2013 04 20 22 16 51.535     153.0
394
2013 04 20 12 13 33.520     2013 04 20 12 16 13.879     160.4
395
2013 04 20 12 19 24.773     2013 04 20 12 22 56.636     211.9
2013 04 20 22 16 36.551     2013 04 20 22 19 44.453     187.9
396
2013 04 20 12 21  3.572     2013 04 20 12 21 39.280      35.7
2013 04 20 20 43 12.117     2013 04 20 20 43 59.393      47.3
397
2013 04 20 22 21 13.163     2013 04 20 22 24 21.443     188.3
398
2013 04 20 09 04  4.393     2013 04 20 09 06 42.821     158.4
2013 04 20 20 49 29.714     2013 04 20 20 52 48.937     199.2
399
2013 04 20 10 46 34.468     2013 04 20 10 47 14.580      40.1
2013 04 20 20 42 37.200     2013 04 20 20 45 24.934     167.7
400
2013 04 20 22 15 40.537     2013 04 20 22 18 40.274     179.7
401
2013 04 20 15 35 44.043     2013 04 20 15 39 10.539     206.5
2013 04 20 22 10 59.070     2013 04 20 22 13 33.155     154.1
402
2013 04 20 10 45  7.215     2013 04 20 10 48 23.201     196.0
2013 04 20 20 42 13.837     2013 04 20 20 45 30.478     196.6
403
2013 04 20 09 04 40.979     2013 04 20 09 08  1.406     200.4
2013 04 20 20 48  2.268     2013 04 20 20 48 22.081      19.8
404
405
2013 04 20 10 44 55.402     2013 04 20 10 48 22.031     206.6
406
2013 04 20 10 39 35.463     2013 04 20 10 42 56.618     201.2
407
2013 04 20 10 44 40.324     2013 04 20 10 47 59.739     199.4
2013 04 20 20 43 54.469     2013 04 20 20 44 44.546      50.1
408
2013 04 20 12 25 40.020     2013 04 20 12 29  3.700     203.7
2013 04 20 19 01 25.512     2013 04 20 19 04 54.115     208.6
409
2013 04 20 20 41  6.094     2013 04 20 20 44 23.214     197.1
410
2013 04 20 22 20 40.923     2013 04 20 22 23 21.116     160.2
411
2013 04 20 00 17 15.372     2013 04 20 00 19 50.790     155.4
2013 04 20 13 52  6.715     2013 04 20 13 55 26.478     199.8
412
2013 04 20 00 20 41.029     2013 04 20 00 23 53.085     192.1
413
2013 04 20 10 42 19.015     2013 04 20 10 42 32.684      13.7
2013 04 20 22 22 37.512     2013 04 20 22 25 48.579     191.1
414
2013 04 20 22 11 35.555     2013 04 20 22 14 19.167     163.6
415
2013 04 20 12 16 21.207     2013 04 20 12 18 56.925     155.7
416
2013 04 20 12 27  7.014     2013 04 20 12 29 50.974     164.0
2013 04 20 19 00 37.928     2013 04 20 19 03 14.876     156.9
417
2013 04 20 15 36 44.939     2013 04 20 15 40 32.639     227.7
2013 04 20 22 10 47.015     2013 04 20 22 14 31.542     224.5
418
2013 04 20 12 26 28.417     2013 04 20 12 29 19.229     170.8
2013 04 20 19 00 23.091     2013 04 20 19 03  3.642     160.6
419
2013 04 20 12 13 51.765     2013 04 20 12 17 18.912     207.1
420
2013 04 20 12 14 24.871     2013 04 20 12 18  5.742     220.9
421
422
2013 04 20 10 45 21.964     2013 04 20 10 48  4.588     162.6
2013 04 20 20 43  6.740     2013 04 20 20 43 18.954      12.2
423
2013 04 20 12 15 20.489     2013 04 20 12 18 19.107     178.6
424
2013 04 20 10 43 15.907     2013 04 20 10 46  1.748     165.8
2013 04 20 20 44 45.873     2013 04 20 20 47 21.791     155.9
425
2013 04 20 19 02  4.093     2013 04 20 19 03 36.934      92.8
426
2013 04 20 10 43 45.888     2013 04 20 10 46 48.041     182.2
2013 04 20 20 44 44.871     2013 04 20 20 47 22.622     157.8
427
2013 04 20 20 37  9.373     2013 04 20 20 39 53.381     164.0
428
2013 04 20 13 57 48.454     2013 04 20 13 59 35.831     107.4
2013 04 20 22 14 28.997     2013 04 20 22 17 27.663     178.7
429
2013 04 20 13 56 51.986     2013 04 20 13 57 37.512      45.5
2013 04 20 22 12  5.130     2013 04 20 22 15  1.011     175.9
430
2013 04 20 13 55 52.086     2013 04 20 13 58 28.818     156.7
431
432
2013 04 20 10 38 44.871     2013 04 20 10 41 37.618     172.7
2013 04 20 22 23 25.892     2013 04 20 22 26 55.500     209.6
433
2013 04 20 20 40 57.838     2013 04 20 20 43 35.237     157.4
434
2013 04 20 10 47 43.029     2013 04 20 10 50 46.962     183.9
2013 04 20 19 05 11.293     2013 04 20 19 08 22.658     191.4
435
2013 04 20 10 46 57.850     2013 04 20 10 50 23.602     205.8
436
2013 04 20 10 41 39.840     2013 04 20 10 44 15.048     155.2
437
2013 04 20 12 26  7.676     2013 04 20 12 29 50.121     222.4
2013 04 20 14 03 52.893     2013 04 20 14 05 14.932      82.0
2013 04 20 18 59 46.548     2013 04 20 19 02 22.481     155.9
438
2013 04 20 00 20 16.052     2013 04 20 00 23 52.240     216.2
2013 04 20 12 12 57.090     2013 04 20 12 13  8.107      11.0
439
2013 04 20 14 02 36.211     2013 04 20 14 05 26.878     170.7
2013 04 20 15 39 56.487     2013 04 20 15 40 17.753      21.3
2013 04 20 18 56 57.922     2013 04 20 19 00 19.923     202.0
2013 04 20 20 34 28.676     2013 04 20 20 35 47.088      78.4
440
2013 04 20 22 11 20.539     2013 04 20 22 14 34.460     193.9
441
2013 04 20 20 41 35.606     2013 04 20 20 44 10.627     155.0
442
2013 04 20 20 46 20.752     2013 04 20 20 49 12.914     172.2
443
2013 04 20 12 22 59.642     2013 04 20 12 23 51.107      51.5
2013 04 20 20 40 16.337     2013 04 20 20 42 59.981     163.6
444
2013 04 20 12 21 20.218     2013 04 20 12 24 11.380     171.2
445
2013 04 20 20 46 21.533     2013 04 20 20 47 22.745      61.2
446
2013 04 20 10 51 21.536     2013 04 20 10 52 10.141      48.6
2013 04 20 19 03  8.410     2013 04 20 19 05 48.878     160.5
447
2013 04 20 10 48 50.337     2013 04 20 10 51 25.246     154.9
2013 04 20 19 04 32.985     2013 04 20 19 07  7.382     154.4
448
2013 04 20 12 23 20.002     2013 04 20 12 26  7.005     167.0
2013 04 20 20 38 33.107     2013 04 20 20 41  6.921     153.8
449
2013 04 20 20 37 17.495     2013 04 20 20 40 22.016     184.5
450
2013 04 20 13 58  8.096     2013 04 20 14 01  9.516     181.4
2013 04 20 22 12 39.982     2013 04 20 22 15 17.051     157.1
451
452
453
2013 04 20 22 15 37.129     2013 04 20 22 18 16.175     159.0
454
2013 04 20 12 27 20.917     2013 04 20 12 30 40.324     199.4
2013 04 20 14 05   .155     2013 04 20 14 08 44.397     224.2
2013 04 20 17 21 39.350     2013 04 20 17 25 29.682     230.3
2013 04 20 18 59 53.521     2013 04 20 19 03  1.882     188.4
455
2013 04 20 12 24 17.158     2013 04 20 12 27 28.328     191.2
2013 04 20 20 39  6.496     2013 04 20 20 42 48.112     221.6
456
457
2013 04 20 12 24  9.142     2013 04 20 12 27 25.142     196.0
2013 04 20 20 37 38.989     2013 04 20 20 40 46.134     187.1
458
2013 04 20 20 40 38.042     2013 04 20 20 43 29.830     171.8
459
2013 04 20 10 44 38.166     2013 04 20 10 47 25.821     167.7
2013 04 20 20 43 55.816     2013 04 20 20 47  8.116     192.3
460
461
2013 04 20 22 15 51.000     2013 04 20 22 18 28.529     157.5
462
2013 04 20 12 18 41.278     2013 04 20 12 21 38.481     177.2
2013 04 20 22 18 49.563     2013 04 20 22 21 45.101     175.5
463
2013 04 20 00 22 19.292     2013 04 20 00 25 19.642     180.3
2013 04 20 12 12 18.778     2013 04 20 12 14 52.265     153.5
464
2013 04 20 10 47 33.298     2013 04 20 10 50 11.519     158.2
2013 04 20 19 07 17.698     2013 04 20 19 08 17.853      60.2
465
2013 04 20 22 16  8.700     2013 04 20 22 19 32.547     203.8
466
2013 04 20 12 27 46.345     2013 04 20 12 30 22.131     155.8
2013 04 20 19 00 51.604     2013 04 20 19 03 55.228     183.6
467
2013 04 20 22 22 11.343     2013 04 20 22 25 14.613     183.3
468
469
2013 04 20 20 48 13.823     2013 04 20 20 50 48.775     155.0
470
2013 04 20 10 47 40.988     2013 04 20 10 50 18.947     158.0
2013 04 20 19 03 54.182     2013 04 20 19 04 10.845      16.7
471
2013 04 20 22 11 42.705     2013 04 20 22 14 18.428     155.7
472
2013 04 20 00 20 16.364     2013 04 20 00 22 52.448     156.1
473
2013 04 20 10 38 35.577     2013 04 20 10 41 20.512     164.9
2013 04 20 22 23 45.193     2013 04 20 22 27  5.191     200.0
474
2013 04 20 12 18 36.483     2013 04 20 12 22  6.622     210.1
2013 04 20 22 18 55.842     2013 04 20 22 22 17.566     201.7
475
2013 04 20 10 44 15.613     2013 04 20 10 44 25.767      10.2
476
2013 04 20 20 41 34.878     2013 04 20 20 44 11.895     157.0
477
2013 04 20 00 17  7.778     2013 04 20 00 18 17.849      70.1
478
2013 04 20 12 25 19.012     2013 04 20 12 28 58.793     219.8
2013 04 20 18 59 18.330     2013 04 20 19 02 41.293     203.0
479
2013 04 20 13 55 59.462     2013 04 20 13 58 39.219     159.8
480
481
2013 04 20 10 46 53.647     2013 04 20 10 49 57.175     183.5
482
2013 04 20 12 28 14.129     2013 04 20 12 30 52.195     158.1
2013 04 20 17 22 51.907     2013 04 20 17 23 34.254      42.3
2013 04 20 19 00 48.995     2013 04 20 19 04 31.014     222.0
483
2013 04 20 10 38 58.288     2013 04 20 10 42  5.575     187.3
2013 04 20 22 22 55.490     2013 04 20 22 24 16.883      81.4
484
2013 04 20 10 44 11.908     2013 04 20 10 47 58.962     227.1
2013 04 20 20 42 30.973     2013 04 20 20 45  5.768     154.8
485
2013 04 20 12 25 43.134     2013 04 20 12 28 35.448     172.3
2013 04 20 19 00 51.123     2013 04 20 19 04 34.613     223.5
486
2013 04 20 12 27 44.824     2013 04 20 12 30 39.121     174.3
2013 04 20 17 22  3.098     2013 04 20 17 25 52.746     229.6
2013 04 20 19 00 10.175     2013 04 20 19 03 29.811     199.6
487
488
2013 04 20 22 15 30.846     2013 04 20 22 18 23.446     172.6
489
2013 04 20 00 19 16.015     2013 04 20 00 21 55.841     159.8
490
2013 04 20 00 20 51.150     2013 04 20 00 23 24.505     153.4
491
2013 04 20 13 58 40.233     2013 04 20 14 01 32.799     172.6
2013 04 20 22 12 31.495     2013 04 20 22 15 32.734     181.2
492
2013 04 20 12 23 24.633     2013 04 20 12 26 35.979     191.3
2013 04 20 20 39 46.394     2013 04 20 20 42 26.734     160.3
493
2013 04 20 12 21 48.433     2013 04 20 12 24 50.786     182.4
494
2013 04 20 10 47 15.671     2013 04 20 10 50  9.902     174.2
495
2013 04 20 10 42 45.091     2013 04 20 10 45 24.914     159.8
2013 04 20 20 43 45.094     2013 04 20 20 47 16.262     211.2
496
2013 04 20 13 55 40.897     2013 04 20 13 58 15.811     154.9
497
2013 04 20 09 04 54.710     2013 04 20 09 07 55.968     181.3
498
2013 04 20 20 46 45.879     2013 04 20 20 50  6.205     200.3
499
2013 04 20 12 28  2.541     2013 04 20 12 30 38.527     156.0
2013 04 20 17 26 30.759     2013 04 20 17 26 39.309       8.6
2013 04 20 19 00 47.370     2013 04 20 19 04 11.890     204.5
