s4
0
2013 04 20 13 36  4.778     2013 04 20 13 38 44.572     159.8
2013 04 20 21 53  7.396     2013 04 20 21 55 45.432     158.0
1
2013 04 20 13 27 19.732     2013 04 20 13 29 13.392     113.7
2
2013 04 20 21 50 42.888     2013 04 20 21 54  4.046     201.2
3
2013 04 20 22 00 30.763     2013 04 20 22 03 11.837     161.1
4
2013 04 20 13 38  8.189     2013 04 20 13 41 19.522     191.3
2013 04 20 20 14 47.105     2013 04 20 20 18 30.358     223.3
5
2013 04 20 11 58 38.473     2013 04 20 12 01 33.566     175.1
6
2013 04 20 21 54 56.271     2013 04 20 21 57 39.802     163.5
7
2013 04 20 11 54 28.775     2013 04 20 11 57 14.302     165.5
2013 04 20 22 01 24.490     2013 04 20 22 01 43.955      19.5
8
9
2013 04 20 12 01 15.637     2013 04 20 12 03 58.057     162.4
2013 04 20 20 17 55.521     2013 04 20 20 20 31.926     156.4
10
2013 04 20 23 35 17.054     2013 04 20 23 37 52.898     155.8
11
2013 04 20 13 38 54.997     2013 04 20 13 42 33.441     218.4
2013 04 20 15 16 54.384     2013 04 20 15 18 46.344     112.0
2013 04 20 20 13 31.548     2013 04 20 20 16  9.204     157.7
12
2013 04 20 11 58 33.480     2013 04 20 12 01 53.374     199.9
13
2013 04 20 15 12  7.847     2013 04 20 15 12 14.756       6.9
2013 04 20 21 53 50.461     2013 04 20 21 54  8.564      18.1
14
2013 04 20 11 55 25.158     2013 04 20 11 58  2.961     157.8
2013 04 20 21 58 22.781     2013 04 20 22 01 11.930     169.1
15
2013 04 20 13 36  6.123     2013 04 20 13 38 59.432     173.3
2013 04 20 21 53 24.089     2013 04 20 21 56  7.859     163.8
16
2013 04 20 20 24 21.155     2013 04 20 20 25 28.000      66.8
17
2013 04 20 10 15 17.032     2013 04 20 10 18 44.243     207.2
2013 04 20 22 03 18.143     2013 04 20 22 06  4.819     166.7
18
2013 04 20 12 00 23.582     2013 04 20 12 03 23.867     180.3
2013 04 20 20 17 27.657     2013 04 20 20 20 31.116     183.5
19
2013 04 20 10 16 56.714     2013 04 20 10 20 20.156     203.4
20
2013 04 20 13 38  4.149     2013 04 20 13 40 56.074     171.9
2013 04 20 20 14 17.915     2013 04 20 20 14 18.795        .9
21
2013 04 20 12 00 57.258     2013 04 20 12 03 38.846     161.6
2013 04 20 20 17 58.665     2013 04 20 20 20 38.823     160.2
22
2013 04 20 12 00 37.679     2013 04 20 12 04 30.725     233.0
2013 04 20 20 16 54.667     2013 04 20 20 19 33.212     158.5
23
2013 04 20 00 00   .000     2013 04 20 00 00   .307        .3
2013 04 20 11 49  9.143     2013 04 20 11 52 45.926     216.8
2013 04 20 23 38 24.327     2013 04 20 23 41  1.695     157.4
24
2013 04 20 15 13 24.309     2013 04 20 15 16 25.211     180.9
2013 04 20 21 49 44.903     2013 04 20 21 52 49.249     184.3
25
2013 04 20 12 00 56.498     2013 04 20 12 04 44.558     228.1
2013 04 20 20 19 17.880     2013 04 20 20 22  8.890     171.0
26
2013 04 20 15 16 26.177     2013 04 20 15 19 21.372     175.2
2013 04 20 20 12 18.599     2013 04 20 20 15  9.868     171.3
27
2013 04 20 11 51 21.664     2013 04 20 11 54  4.530     162.9
28
2013 04 20 12 00 54.304     2013 04 20 12 03 39.066     164.8
2013 04 20 20 17 52.601     2013 04 20 20 20 33.982     161.4
29
2013 04 20 22 02 34.924     2013 04 20 22 05 12.876     158.0
30
2013 04 20 15 11 35.365     2013 04 20 15 11 58.424      23.1
31
2013 04 20 13 36 41.664     2013 04 20 13 40 32.038     230.4
2013 04 20 21 53  9.967     2013 04 20 21 53 11.298       1.3
32
2013 04 20 11 51 54.910     2013 04 20 11 55 46.421     231.5
33
2013 04 20 10 20 50.677     2013 04 20 10 23 33.944     163.3
2013 04 20 20 23  6.575     2013 04 20 20 25 56.508     169.9
34
2013 04 20 20 28  3.701     2013 04 20 20 30 39.458     155.8
35
2013 04 20 13 40 58.847     2013 04 20 13 41 23.009      24.2
2013 04 20 15 15 19.804     2013 04 20 15 15 30.386      10.6
2013 04 20 20 12 22.309     2013 04 20 20 13 13.944      51.6
36
2013 04 20 11 59 20.489     2013 04 20 11 59 23.105       2.6
2013 04 20 21 56 25.375     2013 04 20 21 59 31.139     185.8
37
2013 04 20 20 20  7.255     2013 04 20 20 23 13.258     186.0
38
2013 04 20 11 59 22.765     2013 04 20 12 03 12.783     230.0
2013 04 20 20 19 49.663     2013 04 20 20 20 31.639      42.0
39
2013 04 20 13 39 58.771     2013 04 20 13 40 59.501      60.7
2013 04 20 20 15 46.652     2013 04 20 20 19 11.316     204.7
40
2013 04 20 11 59 50.733     2013 04 20 12 03 32.829     222.1
2013 04 20 20 16 47.392     2013 04 20 20 20 13.133     205.7
41
2013 04 20 22 01 13.007     2013 04 20 22 03 51.296     158.3
42
2013 04 20 20 21  9.593     2013 04 20 20 23 48.278     158.7
43
2013 04 20 20 26 38.497     2013 04 20 20 30 22.857     224.4
44
2013 04 20 23 34 59.100     2013 04 20 23 37 44.310     165.2
45
2013 04 20 11 51 44.964     2013 04 20 11 55 20.872     215.9
46
2013 04 20 11 51 34.608     2013 04 20 11 54 22.689     168.1
47
2013 04 20 20 26 30.747     2013 04 20 20 29  5.757     155.0
48
2013 04 20 11 53 24.584     2013 04 20 11 57  3.873     219.3
49
2013 04 20 20 27 31.303     2013 04 20 20 31 17.936     226.6
50
2013 04 20 10 16 54.574     2013 04 20 10 19 50.281     175.7
51
2013 04 20 11 55 33.445     2013 04 20 11 58 49.245     195.8
2013 04 20 21 57 12.732     2013 04 20 22 00  3.058     170.3
52
2013 04 20 15 14 22.524     2013 04 20 15 14 58.415      35.9
2013 04 20 21 50 42.715     2013 04 20 21 53 44.478     181.8
53
2013 04 20 23 36 37.899     2013 04 20 23 39 15.777     157.9
54
2013 04 20 12 02 46.240     2013 04 20 12 06 13.342     207.1
2013 04 20 18 41 49.353     2013 04 20 18 42  7.903      18.5
55
56
2013 04 20 22 01 19.948     2013 04 20 22 05  6.290     226.3
57
2013 04 20 12 00 36.704     2013 04 20 12 04 13.338     216.6
2013 04 20 20 17  5.168     2013 04 20 20 19 46.793     161.6
58
2013 04 20 10 22 19.156     2013 04 20 10 26  7.661     228.5
59
2013 04 20 10 22 44.747     2013 04 20 10 25 22.851     158.1
2013 04 20 20 22  9.020     2013 04 20 20 25 47.475     218.5
60
2013 04 20 11 52 13.611     2013 04 20 11 55 32.512     198.9
61
2013 04 20 12 03 32.448     2013 04 20 12 06 21.039     168.6
2013 04 20 18 38 53.027     2013 04 20 18 42 26.546     213.5
62
2013 04 20 10 16  6.422     2013 04 20 10 19 14.408     188.0
63
2013 04 20 11 58 54.999     2013 04 20 12 02 30.167     215.2
64
2013 04 20 00 00   .000     2013 04 20 00 01 18.414      78.4
2013 04 20 11 50 15.681     2013 04 20 11 52 55.172     159.5
2013 04 20 23 38 59.754     2013 04 20 23 42 19.660     199.9
65
2013 04 20 13 37  7.227     2013 04 20 13 38 43.575      96.3
66
2013 04 20 11 55 39.005     2013 04 20 11 59  9.475     210.5
2013 04 20 21 59  2.125     2013 04 20 22 01 47.925     165.8
67
2013 04 20 10 16 42.974     2013 04 20 10 19 20.440     157.5
68
2013 04 20 11 53 21.668     2013 04 20 11 55 58.575     156.9
69
2013 04 20 10 20 29.033     2013 04 20 10 23  6.277     157.2
2013 04 20 20 23 24.497     2013 04 20 20 26 29.895     185.4
70
2013 04 20 13 37 34.077     2013 04 20 13 40 12.358     158.3
71
2013 04 20 21 55 35.643     2013 04 20 21 58 22.820     167.2
72
73
2013 04 20 13 38 12.007     2013 04 20 13 41 18.224     186.2
2013 04 20 20 13 24.533     2013 04 20 20 16 48.383     203.8
74
2013 04 20 13 28 31.258     2013 04 20 13 31 17.076     165.8
75
2013 04 20 13 37 25.390     2013 04 20 13 40 51.212     205.8
76
2013 04 20 15 13 50.009     2013 04 20 15 16 35.614     165.6
2013 04 20 21 48 56.819     2013 04 20 21 51 39.090     162.3
77
2013 04 20 10 18 23.782     2013 04 20 10 21 31.405     187.6
78
2013 04 20 12 05 27.316     2013 04 20 12 08 10.397     163.1
2013 04 20 18 39 29.392     2013 04 20 18 42 35.450     186.1
79
80
2013 04 20 11 53  3.930     2013 04 20 11 55 59.138     175.2
81
2013 04 20 11 57 10.029     2013 04 20 11 57 26.852      16.8
82
2013 04 20 15 16 58.392     2013 04 20 15 20 19.107     200.7
2013 04 20 20 13  4.757     2013 04 20 20 15 42.367     157.6
83
2013 04 20 10 18 29.154     2013 04 20 10 22  8.423     219.3
2013 04 20 20 28 45.663     2013 04 20 20 28 52.931       7.3
84
2013 04 20 21 50 44.184     2013 04 20 21 54  6.400     202.2
85
2013 04 20 12 03 53.313     2013 04 20 12 06 39.262     165.9
2013 04 20 18 39 12.141     2013 04 20 18 42 19.594     187.5
86
2013 04 20 15 16 52.895     2013 04 20 15 19 53.259     180.4
2013 04 20 20 12 42.809     2013 04 20 20 15 21.014     158.2
87
2013 04 20 10 23  6.878     2013 04 20 10 26 18.651     191.8
88
2013 04 20 13 35 13.183     2013 04 20 13 37 51.895     158.7
2013 04 20 21 52 44.492     2013 04 20 21 55 47.192     182.7
89
2013 04 20 10 29  9.459     2013 04 20 10 29 42.256      32.8
2013 04 20 18 42   .404     2013 04 20 18 44 45.840     165.4
90
2013 04 20 11 57 59.024     2013 04 20 12 00 39.741     160.7
91
2013 04 20 21 56  4.172     2013 04 20 21 59 12.335     188.2
92
2013 04 20 11 53 55.174     2013 04 20 11 56 53.116     177.9
2013 04 20 22 02 21.350     2013 04 20 22 02 53.387      32.0
93
2013 04 20 12 00 32.420     2013 04 20 12 03 21.455     169.0
2013 04 20 20 17 42.062     2013 04 20 20 20 39.685     177.6
94
2013 04 20 11 52 27.432     2013 04 20 11 55 11.883     164.5
95
2013 04 20 22 04 43.586     2013 04 20 22 05 22.980      39.4
96
2013 04 20 22 01 47.393     2013 04 20 22 04 54.163     186.8
97
2013 04 20 22 02  6.326     2013 04 20 22 04 46.666     160.3
98
2013 04 20 13 35 22.857     2013 04 20 13 38 15.434     172.6
2013 04 20 21 52 23.834     2013 04 20 21 55 14.657     170.8
99
2013 04 20 10 25 13.408     2013 04 20 10 25 40.576      27.2
2013 04 20 20 21 33.391     2013 04 20 20 24 11.343     158.0
100
2013 04 20 13 39 20.370     2013 04 20 13 42  9.791     169.4
2013 04 20 20 15  6.009     2013 04 20 20 17 44.075     158.1
101
2013 04 20 22 00  1.449     2013 04 20 22 02 36.390     154.9
102
2013 04 20 12 06  2.333     2013 04 20 12 06  8.323       6.0
2013 04 20 20 15 55.677     2013 04 20 20 19 33.609     217.9
103
2013 04 20 12 04 25.833     2013 04 20 12 07 11.359     165.5
2013 04 20 18 39 30.381     2013 04 20 18 42 10.705     160.3
104
105
2013 04 20 13 33 16.823     2013 04 20 13 36 18.973     182.2
106
2013 04 20 11 49 19.069     2013 04 20 11 53 10.476     231.4
2013 04 20 23 38  8.338     2013 04 20 23 40 43.387     155.0
107
2013 04 20 10 19 21.907     2013 04 20 10 22 41.259     199.4
2013 04 20 20 24 31.820     2013 04 20 20 27 56.674     204.9
108
109
110
2013 04 20 11 59 30.149     2013 04 20 12 00 33.590      63.4
2013 04 20 21 56 13.044     2013 04 20 21 58 59.162     166.1
111
2013 04 20 13 35 56.388     2013 04 20 13 39 20.571     204.2
2013 04 20 21 53 45.165     2013 04 20 21 56 36.991     171.8
112
2013 04 20 10 16 45.801     2013 04 20 10 19 51.279     185.5
113
114
2013 04 20 13 31 16.935     2013 04 20 13 34 11.590     174.7
2013 04 20 23 32 54.284     2013 04 20 23 35 59.402     185.1
115
116
2013 04 20 13 39 21.185     2013 04 20 13 42 38.710     197.5
2013 04 20 15 17  6.171     2013 04 20 15 17 22.073      15.9
2013 04 20 20 13 45.853     2013 04 20 20 16 27.634     161.8
117
2013 04 20 13 42 12.408     2013 04 20 13 45 20.821     188.4
2013 04 20 18 38  8.724     2013 04 20 18 40 46.412     157.7
118
2013 04 20 11 54 17.517     2013 04 20 11 57 15.511     178.0
119
2013 04 20 15 15 11.185     2013 04 20 15 17 53.516     162.3
2013 04 20 21 49 26.001     2013 04 20 21 52 46.044     200.0
120
121
2013 04 20 13 36 53.601     2013 04 20 13 39 45.099     171.5
2013 04 20 21 51 54.911     2013 04 20 21 55 13.709     198.8
122
2013 04 20 15 14 33.903     2013 04 20 15 17 54.753     200.8
2013 04 20 21 50 16.152     2013 04 20 21 53  9.521     173.4
123
2013 04 20 13 31 45.413     2013 04 20 13 35  1.950     196.5
2013 04 20 23 32 25.133     2013 04 20 23 32 49.245      24.1
124
2013 04 20 12 03 19.464     2013 04 20 12 03 40.041      20.6
2013 04 20 18 41   .559     2013 04 20 18 44 12.813     192.3
125
2013 04 20 12 02 33.880     2013 04 20 12 05 11.836     158.0
2013 04 20 20 17 22.164     2013 04 20 20 19  5.681     103.5
126
2013 04 20 12 05 12.740     2013 04 20 12 08 21.666     188.9
2013 04 20 13 42 57.170     2013 04 20 13 43 44.446      47.3
2013 04 20 17 00 20.190     2013 04 20 17 00 43.092      22.9
2013 04 20 18 38 59.110     2013 04 20 18 42  7.675     188.6
127
2013 04 20 12 05 59.043     2013 04 20 12 08 41.523     162.5
2013 04 20 17 01 31.100     2013 04 20 17 01 57.554      26.5
2013 04 20 18 39 48.460     2013 04 20 18 43 32.266     223.8
128
2013 04 20 15 14 55.497     2013 04 20 15 17 41.557     166.1
2013 04 20 21 49 39.709     2013 04 20 21 52 41.608     181.9
129
2013 04 20 13 41  6.498     2013 04 20 13 43 46.448     160.0
2013 04 20 18 36 26.366     2013 04 20 18 39 39.003     192.6
130
2013 04 20 10 15 59.730     2013 04 20 10 19 11.045     191.3
131
2013 04 20 12 04  5.361     2013 04 20 12 07 53.859     228.5
2013 04 20 18 41  6.837     2013 04 20 18 43 47.101     160.3
132
133
134
2013 04 20 11 59 24.887     2013 04 20 11 59 33.499       8.6
2013 04 20 20 19 46.293     2013 04 20 20 22 43.526     177.2
135
2013 04 20 10 19 52.648     2013 04 20 10 22 45.951     173.3
2013 04 20 20 24  7.026     2013 04 20 20 27 23.644     196.6
136
137
2013 04 20 10 17 48.983     2013 04 20 10 20 34.750     165.8
138
2013 04 20 10 14 17.216     2013 04 20 10 17 51.810     214.6
2013 04 20 22 03 44.394     2013 04 20 22 06 24.950     160.6
139
2013 04 20 13 37 20.692     2013 04 20 13 40   .134     159.4
2013 04 20 21 51 53.526     2013 04 20 21 53 17.271      83.7
140
2013 04 20 12 03 43.189     2013 04 20 12 06 21.390     158.2
2013 04 20 18 39 23.730     2013 04 20 18 42 54.407     210.7
141
2013 04 20 12 00 30.182     2013 04 20 12 03 20.678     170.5
2013 04 20 20 18 44.248     2013 04 20 20 21 33.045     168.8
142
2013 04 20 11 51  7.002     2013 04 20 11 54 43.872     216.9
2013 04 20 23 36 45.725     2013 04 20 23 37 52.324      66.6
143
2013 04 20 21 54 43.527     2013 04 20 21 57 19.364     155.8
144
2013 04 20 10 21 13.507     2013 04 20 10 24 11.081     177.6
2013 04 20 20 22 43.715     2013 04 20 20 25 21.473     157.8
145
2013 04 20 12 03 52.489     2013 04 20 12 06 47.152     174.7
2013 04 20 18 39  4.704     2013 04 20 18 42  6.474     181.8
146
147
2013 04 20 13 26 21.654     2013 04 20 13 27 17.657      56.0
148
2013 04 20 12 03 55.409     2013 04 20 12 06 58.564     183.2
2013 04 20 18 40 19.035     2013 04 20 18 43 23.116     184.1
149
2013 04 20 12 00 20.332     2013 04 20 12 03 50.401     210.1
2013 04 20 20 19 20.742     2013 04 20 20 21 59.496     158.8
150
2013 04 20 10 22 15.998     2013 04 20 10 25 41.382     205.4
2013 04 20 20 21 38.377     2013 04 20 20 24 41.429     183.1
151
2013 04 20 11 53 15.607     2013 04 20 11 54 29.209      73.6
2013 04 20 21 59 42.017     2013 04 20 22 03 29.972     228.0
152
2013 04 20 23 34 54.271     2013 04 20 23 37 32.894     158.6
153
2013 04 20 22 01 16.844     2013 04 20 22 03 54.409     157.6
154
2013 04 20 10 17 19.448     2013 04 20 10 20  9.915     170.5
155
2013 04 20 10 16 19.530     2013 04 20 10 18 56.624     157.1
2013 04 20 22 03 17.239     2013 04 20 22 03 31.844      14.6
156
2013 04 20 15 13 28.681     2013 04 20 15 16 19.242     170.6
2013 04 20 21 49 34.396     2013 04 20 21 52 38.195     183.8
157
2013 04 20 20 25 37.050     2013 04 20 20 28 11.970     154.9
158
2013 04 20 20 23 21.833     2013 04 20 20 23 54.475      32.6
159
2013 04 20 10 25 47.709     2013 04 20 10 28 42.177     174.5
2013 04 20 18 42 51.766     2013 04 20 18 45 48.532     176.8
160
2013 04 20 18 41   .728     2013 04 20 18 44 23.050     202.3
161
162
2013 04 20 10 18 42.116     2013 04 20 10 21 23.815     161.7
163
164
2013 04 20 13 38 41.360     2013 04 20 13 41 24.085     162.7
2013 04 20 20 14 34.592     2013 04 20 20 17 45.342     190.7
165
2013 04 20 20 19 44.677     2013 04 20 20 22 26.481     161.8
166
2013 04 20 13 30 32.592     2013 04 20 13 33 36.079     183.5
2013 04 20 23 33 31.937     2013 04 20 23 36 10.463     158.5
167
2013 04 20 13 40 37.210     2013 04 20 13 43 33.356     176.1
2013 04 20 18 40 36.358     2013 04 20 18 40 39.746       3.4
2013 04 20 20 14 52.085     2013 04 20 20 18 33.639     221.6
168
2013 04 20 20 25 48.450     2013 04 20 20 28 37.370     168.9
169
2013 04 20 10 19 35.795     2013 04 20 10 22 18.705     162.9
2013 04 20 20 26 14.570     2013 04 20 20 27 38.558      84.0
170
171
2013 04 20 15 15 48.071     2013 04 20 15 18 27.033     159.0
2013 04 20 20 11  9.552     2013 04 20 20 14 28.286     198.7
172
2013 04 20 11 59 19.532     2013 04 20 12 03 12.619     233.1
2013 04 20 20 19 23.455     2013 04 20 20 22 44.918     201.5
173
2013 04 20 23 35 11.661     2013 04 20 23 36  4.054      52.4
174
2013 04 20 13 41 47.331     2013 04 20 13 44 39.884     172.6
2013 04 20 18 37 35.767     2013 04 20 18 40 23.099     167.3
175
2013 04 20 10 16 30.965     2013 04 20 10 19 33.452     182.5
176
2013 04 20 11 59  8.344     2013 04 20 12 02 13.918     185.6
177
2013 04 20 12 01 34.214     2013 04 20 12 04 15.706     161.5
2013 04 20 20 17 51.279     2013 04 20 20 20 33.507     162.2
178
2013 04 20 13 39  7.602     2013 04 20 13 42 12.242     184.6
2013 04 20 20 15 19.615     2013 04 20 20 18   .070     160.5
179
2013 04 20 13 32 57.643     2013 04 20 13 36 31.833     214.2
180
2013 04 20 10 23 48.041     2013 04 20 10 26 58.002     190.0
181
2013 04 20 13 35 38.059     2013 04 20 13 39 25.215     227.2
2013 04 20 21 54  3.212     2013 04 20 21 56 51.648     168.4
182
2013 04 20 13 29 53.448     2013 04 20 13 32 39.488     166.0
2013 04 20 23 33 27.195     2013 04 20 23 36 18.920     171.7
183
2013 04 20 10 18  6.282     2013 04 20 10 21  6.101     179.8
184
2013 04 20 12 03 30.478     2013 04 20 12 06 42.863     192.4
2013 04 20 18 40 10.032     2013 04 20 18 43 42.615     212.6
185
2013 04 20 21 50 46.890     2013 04 20 21 50 51.029       4.1
186
2013 04 20 21 50 44.597     2013 04 20 21 53 57.453     192.9
187
2013 04 20 13 35 43.836     2013 04 20 13 35 49.378       5.5
2013 04 20 23 30 30.611     2013 04 20 23 33 32.151     181.5
188
2013 04 20 11 51 54.198     2013 04 20 11 55 22.140     207.9
189
2013 04 20 10 19 53.831     2013 04 20 10 23 19.750     205.9
2013 04 20 20 22 10.817     2013 04 20 20 22 26.521      15.7
190
2013 04 20 13 38 58.258     2013 04 20 13 41 55.059     176.8
2013 04 20 20 13 58.987     2013 04 20 20 16 41.469     162.5
191
2013 04 20 13 37  2.301     2013 04 20 13 40  1.741     179.4
2013 04 20 21 51 36.586     2013 04 20 21 55 10.837     214.3
192
2013 04 20 11 52 16.800     2013 04 20 11 53 40.850      84.1
2013 04 20 23 37 49.312     2013 04 20 23 40 28.340     159.0
193
194
2013 04 20 15 16 23.599     2013 04 20 15 19 22.801     179.2
2013 04 20 20 12 20.851     2013 04 20 20 15 14.188     173.3
195
2013 04 20 13 34 57.642     2013 04 20 13 37 35.224     157.6
2013 04 20 21 52 48.372     2013 04 20 21 56  8.536     200.2
196
197
2013 04 20 15 14 18.152     2013 04 20 15 17 29.015     190.9
2013 04 20 16 51 59.251     2013 04 20 16 52  4.945       5.7
2013 04 20 21 48 33.458     2013 04 20 21 51 20.748     167.3
198
2013 04 20 13 39 54.071     2013 04 20 13 43  2.134     188.1
2013 04 20 20 15 22.468     2013 04 20 20 18 15.011     172.5
199
2013 04 20 12 04 50.572     2013 04 20 12 05 16.103      25.5
2013 04 20 18 41 17.277     2013 04 20 18 44 16.277     179.0
200
2013 04 20 13 38 59.689     2013 04 20 13 41 46.106     166.4
2013 04 20 20 14 53.326     2013 04 20 20 17 43.419     170.1
201
2013 04 20 13 38   .278     2013 04 20 13 40 38.691     158.4
2013 04 20 20 17 40.746     2013 04 20 20 17 49.556       8.8
202
2013 04 20 13 38 41.713     2013 04 20 13 42  2.286     200.6
2013 04 20 20 15 22.994     2013 04 20 20 18 17.277     174.3
203
2013 04 20 12 02 55.510     2013 04 20 12 06 20.282     204.8
204
2013 04 20 10 18 11.467     2013 04 20 10 18 14.396       2.9
2013 04 20 20 25 11.483     2013 04 20 20 25 18.731       7.2
205
2013 04 20 10 24 31.167     2013 04 20 10 25 44.689      73.5
2013 04 20 20 21 32.749     2013 04 20 20 24 16.723     164.0
206
2013 04 20 11 51 18.099     2013 04 20 11 54 48.298     210.2
2013 04 20 23 36 38.713     2013 04 20 23 36 54.311      15.6
207
2013 04 20 13 32  1.792     2013 04 20 13 34 56.047     174.3
2013 04 20 23 31 22.780     2013 04 20 23 34 41.522     198.7
208
2013 04 20 15 15 37.010     2013 04 20 15 18 15.633     158.6
2013 04 20 20 11  2.082     2013 04 20 20 14 42.084     220.0
2013 04 20 21 48 57.192     2013 04 20 21 50   .927      63.7
209
2013 04 20 11 50 33.675     2013 04 20 11 53 53.313     199.6
210
2013 04 20 13 34 21.790     2013 04 20 13 35   .164      38.4
2013 04 20 23 31  7.058     2013 04 20 23 33 43.391     156.3
211
2013 04 20 20 20 25.253     2013 04 20 20 23 12.168     166.9
212
2013 04 20 11 57 33.734     2013 04 20 11 58 30.689      57.0
213
2013 04 20 10 20 57.737     2013 04 20 10 24 20.589     202.9
2013 04 20 20 24 14.557     2013 04 20 20 26 58.107     163.6
214
2013 04 20 12 02  4.050     2013 04 20 12 05  8.698     184.6
2013 04 20 20 16 58.365     2013 04 20 20 20 15.469     197.1
215
2013 04 20 11 49 17.683     2013 04 20 11 50  8.839      51.2
2013 04 20 23 38  8.381     2013 04 20 23 40 43.555     155.2
216
2013 04 20 13 36 51.137     2013 04 20 13 39 56.865     185.7
2013 04 20 21 52 55.916     2013 04 20 21 56 41.601     225.7
217
2013 04 20 12 00  9.608     2013 04 20 12 03  8.743     179.1
2013 04 20 20 17 22.517     2013 04 20 20 20 43.715     201.2
218
2013 04 20 12 01  3.051     2013 04 20 12 04  8.785     185.7
2013 04 20 20 17 28.495     2013 04 20 20 20  5.184     156.7
219
2013 04 20 21 54 32.716     2013 04 20 21 58 14.565     221.8
220
2013 04 20 15 15 41.544     2013 04 20 15 18 25.096     163.6
2013 04 20 20 10 57.870     2013 04 20 20 14 14.042     196.2
221
222
2013 04 20 10 20 19.039     2013 04 20 10 23  4.159     165.1
2013 04 20 20 22 59.921     2013 04 20 20 26 22.623     202.7
223
2013 04 20 20 20 45.653     2013 04 20 20 23 24.023     158.4
224
2013 04 20 11 52 32.504     2013 04 20 11 55  9.572     157.1
225
226
2013 04 20 15 14 38.344     2013 04 20 15 17 50.115     191.8
2013 04 20 21 50  8.976     2013 04 20 21 53  3.067     174.1
227
2013 04 20 12 03  6.525     2013 04 20 12 06 55.632     229.1
2013 04 20 18 40 27.524     2013 04 20 18 44 13.368     225.8
228
2013 04 20 20 21 13.016     2013 04 20 20 23 49.020     156.0
229
2013 04 20 10 21 31.528     2013 04 20 10 24 52.807     201.3
2013 04 20 20 23 45.733     2013 04 20 20 26 57.918     192.2
230
231
2013 04 20 22 04  3.833     2013 04 20 22 04 51.726      47.9
232
2013 04 20 10 15 40.664     2013 04 20 10 16  2.283      21.6
2013 04 20 22 02 32.418     2013 04 20 22 05 41.187     188.8
233
2013 04 20 13 41  3.906     2013 04 20 13 43 43.449     159.5
2013 04 20 18 36 33.701     2013 04 20 18 40  1.185     207.5
234
2013 04 20 11 54 13.908     2013 04 20 11 56 51.018     157.1
235
2013 04 20 11 55 54.918     2013 04 20 11 58 38.934     164.0
2013 04 20 21 58 29.982     2013 04 20 22 01  5.269     155.3
236
237
2013 04 20 13 33 22.233     2013 04 20 13 36 30.723     188.5
238
2013 04 20 11 55  6.482     2013 04 20 11 57 51.364     164.9
2013 04 20 21 57 45.131     2013 04 20 22 01  3.580     198.4
239
2013 04 20 18 41 21.537     2013 04 20 18 42  7.389      45.9
240
2013 04 20 20 29 16.248     2013 04 20 20 30 10.896      54.6
241
242
2013 04 20 15 15 48.399     2013 04 20 15 18 31.304     162.9
2013 04 20 20 11 24.770     2013 04 20 20 14 55.307     210.5
243
2013 04 20 12 03 51.091     2013 04 20 12 06 58.801     187.7
2013 04 20 18 40 21.201     2013 04 20 18 43 28.232     187.0
244
2013 04 20 13 29  5.740     2013 04 20 13 31 45.113     159.4
2013 04 20 23 36  4.167     2013 04 20 23 37  2.224      58.1
245
2013 04 20 13 34 37.767     2013 04 20 13 37 47.501     189.7
2013 04 20 21 51 50.282     2013 04 20 21 55 29.230     218.9
246
2013 04 20 10 15 51.645     2013 04 20 10 19  7.581     195.9
2013 04 20 22 02 56.260     2013 04 20 22 06 13.066     196.8
247
248
2013 04 20 22 02 41.425     2013 04 20 22 05 22.289     160.9
249
2013 04 20 10 16 44.518     2013 04 20 10 20 24.013     219.5
250
2013 04 20 13 32 52.485     2013 04 20 13 33 10.239      17.8
251
2013 04 20 13 38  5.043     2013 04 20 13 38 35.823      30.8
2013 04 20 21 51 16.087     2013 04 20 21 54 38.170     202.1
252
253
2013 04 20 15 15 50.821     2013 04 20 15 18 29.449     158.6
2013 04 20 20 11 17.470     2013 04 20 20 14 38.654     201.2
254
2013 04 20 13 28  2.134     2013 04 20 13 31 43.938     221.8
2013 04 20 23 37 37.950     2013 04 20 23 38 14.874      36.9
255
2013 04 20 13 33 37.356     2013 04 20 13 36 40.522     183.2
256
2013 04 20 12 00 20.199     2013 04 20 12 03  1.684     161.5
2013 04 20 20 17 48.981     2013 04 20 20 21  2.247     193.3
257
2013 04 20 23 37  4.397     2013 04 20 23 40  2.890     178.5
258
2013 04 20 21 59  9.417     2013 04 20 22 02 32.758     203.3
259
2013 04 20 12 00 58.162     2013 04 20 12 03 36.657     158.5
2013 04 20 20 18 22.993     2013 04 20 20 21  1.501     158.5
260
2013 04 20 11 50 27.442     2013 04 20 11 53 17.217     169.8
2013 04 20 23 38 50.261     2013 04 20 23 40 17.046      86.8
261
2013 04 20 13 40 34.190     2013 04 20 13 43 16.076     161.9
2013 04 20 18 35 48.411     2013 04 20 18 39 39.732     231.3
2013 04 20 20 14  4.070     2013 04 20 20 17 39.648     215.6
262
2013 04 20 10 21  5.704     2013 04 20 10 23 53.944     168.2
2013 04 20 20 23 52.931     2013 04 20 20 26 28.179     155.2
263
2013 04 20 15 13  3.161     2013 04 20 15 16  8.994     185.8
2013 04 20 21 49 34.282     2013 04 20 21 53  4.174     209.9
264
2013 04 20 10 17 39.057     2013 04 20 10 20 25.670     166.6
265
2013 04 20 23 35 40.478     2013 04 20 23 39  4.925     204.4
266
2013 04 20 11 58   .065     2013 04 20 12 01  1.177     181.1
267
268
2013 04 20 13 40 36.177     2013 04 20 13 43 22.149     166.0
2013 04 20 18 40 22.986     2013 04 20 18 40 26.128       3.1
2013 04 20 20 14 42.440     2013 04 20 20 18 16.985     214.5
269
2013 04 20 21 51  1.153     2013 04 20 21 53 43.185     162.0
270
2013 04 20 21 59 45.307     2013 04 20 22 03  4.552     199.2
271
2013 04 20 12 03 53.240     2013 04 20 12 06 49.334     176.1
2013 04 20 18 40  8.757     2013 04 20 18 43 18.744     190.0
272
2013 04 20 10 24 50.687     2013 04 20 10 27 28.857     158.2
273
2013 04 20 21 58 54.694     2013 04 20 22 02 32.264     217.6
274
2013 04 20 11 55 25.261     2013 04 20 11 58  3.848     158.6
2013 04 20 21 58  2.454     2013 04 20 22 00 58.106     175.7
275
2013 04 20 10 20 36.687     2013 04 20 10 23 53.860     197.2
2013 04 20 20 24 24.626     2013 04 20 20 26 59.691     155.1
276
277
278
279
2013 04 20 13 35   .262     2013 04 20 13 38 10.721     190.5
2013 04 20 21 53 47.955     2013 04 20 21 56 36.962     169.0
280
2013 04 20 11 54 28.285     2013 04 20 11 57 19.070     170.8
2013 04 20 22 01 22.412     2013 04 20 22 01 37.388      15.0
281
2013 04 20 13 35  7.591     2013 04 20 13 38 39.705     212.1
2013 04 20 21 51 49.747     2013 04 20 21 54 41.963     172.2
282
2013 04 20 10 25   .054     2013 04 20 10 27 43.638     163.6
2013 04 20 18 46 15.889     2013 04 20 18 46 47.321      31.4
283
2013 04 20 23 35 51.915     2013 04 20 23 38 26.886     155.0
284
2013 04 20 23 33 30.407     2013 04 20 23 34 54.187      83.8
285
2013 04 20 13 39 42.712     2013 04 20 13 42 25.118     162.4
2013 04 20 20 14 56.885     2013 04 20 20 17 36.244     159.4
286
2013 04 20 20 26 12.462     2013 04 20 20 29 43.180     210.7
287
2013 04 20 12 02 43.900     2013 04 20 12 06 33.361     229.5
2013 04 20 18 37 53.590     2013 04 20 18 41 45.253     231.7
288
2013 04 20 11 52 21.972     2013 04 20 11 55 50.997     209.0
289
2013 04 20 11 56 24.321     2013 04 20 11 59 53.537     209.2
2013 04 20 21 56 46.021     2013 04 20 21 59 24.369     158.3
290
2013 04 20 11 52  5.848     2013 04 20 11 54 49.556     163.7
291
2013 04 20 11 54  4.277     2013 04 20 11 56 43.142     158.9
292
293
2013 04 20 11 54 41.109     2013 04 20 11 57 20.085     159.0
2013 04 20 21 58 22.744     2013 04 20 22 01 55.955     213.2
294
2013 04 20 20 20 53.394     2013 04 20 20 24  1.615     188.2
295
2013 04 20 13 37 40.282     2013 04 20 13 41 14.054     213.8
2013 04 20 20 18 53.988     2013 04 20 20 19   .200       6.2
296
297
2013 04 20 13 32 37.044     2013 04 20 13 35 21.657     164.6
2013 04 20 23 30 57.394     2013 04 20 23 31 21.479      24.1
298
299
2013 04 20 10 20 23.268     2013 04 20 10 23 46.750     203.5
2013 04 20 20 22 20.073     2013 04 20 20 25 34.837     194.8
300
2013 04 20 12 00 40.226     2013 04 20 12 01 15.723      35.5
2013 04 20 20 19 32.634     2013 04 20 20 22 20.504     167.9
301
302
2013 04 20 12 00 23.889     2013 04 20 12 03 30.679     186.8
2013 04 20 20 19  1.745     2013 04 20 20 21 46.778     165.0
303
2013 04 20 13 33  5.396     2013 04 20 13 36   .073     174.7
304
2013 04 20 12 03  9.767     2013 04 20 12 06 23.780     194.0
2013 04 20 18 38 22.394     2013 04 20 18 42  6.367     224.0
305
306
2013 04 20 11 51 22.076     2013 04 20 11 54  6.898     164.8
307
2013 04 20 23 35  8.625     2013 04 20 23 35 56.064      47.4
308
309
2013 04 20 11 53 15.948     2013 04 20 11 56 51.860     215.9
2013 04 20 22 03 27.048     2013 04 20 22 03 34.402       7.4
310
2013 04 20 12 02 52.662     2013 04 20 12 05 35.649     163.0
311
2013 04 20 13 35 34.591     2013 04 20 13 35 45.361      10.8
2013 04 20 21 51 32.282     2013 04 20 21 54  9.146     156.9
312
2013 04 20 12 04 21.225     2013 04 20 12 08 13.575     232.4
2013 04 20 13 42 34.916     2013 04 20 13 46  8.632     213.7
2013 04 20 18 38 37.554     2013 04 20 18 41 22.066     164.5
313
2013 04 20 20 27 36.372     2013 04 20 20 30 16.440     160.1
314
2013 04 20 15 12 52.034     2013 04 20 15 16 39.228     227.2
2013 04 20 21 50  8.738     2013 04 20 21 53 29.747     201.0
315
316
2013 04 20 13 34 28.646     2013 04 20 13 37  6.164     157.5
2013 04 20 21 55 55.113     2013 04 20 21 56 36.240      41.1
317
2013 04 20 11 58  3.537     2013 04 20 12 01  8.657     185.1
318
2013 04 20 12 00 32.891     2013 04 20 12 03 18.976     166.1
2013 04 20 20 17 46.103     2013 04 20 20 20 43.974     177.9
319
2013 04 20 18 41 20.226     2013 04 20 18 44 11.826     171.6
320
2013 04 20 13 35 13.592     2013 04 20 13 37 52.096     158.5
2013 04 20 21 53  2.527     2013 04 20 21 56  1.518     179.0
321
2013 04 20 12 04 33.127     2013 04 20 12 07 29.577     176.4
2013 04 20 18 39 20.227     2013 04 20 18 41 57.564     157.3
322
2013 04 20 13 29 40.282     2013 04 20 13 32 23.651     163.4
2013 04 20 23 33 21.564     2013 04 20 23 36 28.796     187.2
323
2013 04 20 10 19 49.603     2013 04 20 10 23 16.379     206.8
2013 04 20 20 25  5.964     2013 04 20 20 26  7.550      61.6
324
2013 04 20 12 01 44.212     2013 04 20 12 04 43.357     179.1
2013 04 20 20 18 29.275     2013 04 20 20 21 37.366     188.1
325
2013 04 20 13 35 13.303     2013 04 20 13 38 48.025     214.7
2013 04 20 21 54  7.167     2013 04 20 21 56 43.221     156.1
326
2013 04 20 12 04  4.750     2013 04 20 12 06 43.076     158.3
2013 04 20 18 39 41.348     2013 04 20 18 42 43.688     182.3
327
2013 04 20 23 35 50.389     2013 04 20 23 38 42.300     171.9
328
2013 04 20 12 02 23.972     2013 04 20 12 05 20.508     176.5
2013 04 20 20 16 51.035     2013 04 20 20 20 32.521     221.5
329
2013 04 20 23 35  1.463     2013 04 20 23 38 43.882     222.4
330
2013 04 20 21 56 14.648     2013 04 20 21 59  4.078     169.4
331
2013 04 20 20 21 27.376     2013 04 20 20 24  5.010     157.6
332
2013 04 20 10 19 27.624     2013 04 20 10 22 23.371     175.7
2013 04 20 20 24  4.823     2013 04 20 20 27 50.502     225.7
333
2013 04 20 10 19 44.093     2013 04 20 10 22 26.179     162.1
2013 04 20 20 26 45.582     2013 04 20 20 27  6.012      20.4
334
2013 04 20 13 31  6.611     2013 04 20 13 33 43.896     157.3
2013 04 20 23 32 45.016     2013 04 20 23 35 24.595     159.6
335
2013 04 20 10 20 39.533     2013 04 20 10 24 29.244     229.7
2013 04 20 20 22  2.291     2013 04 20 20 24 55.588     173.3
336
2013 04 20 12 00 21.264     2013 04 20 12 03 28.362     187.1
2013 04 20 20 17 21.382     2013 04 20 20 20 24.889     183.5
337
2013 04 20 20 20 19.208     2013 04 20 20 22 55.041     155.8
338
2013 04 20 11 50 53.732     2013 04 20 11 54 34.393     220.7
339
2013 04 20 20 26 37.234     2013 04 20 20 29 15.274     158.0
340
2013 04 20 20 16 14.431     2013 04 20 20 18 52.523     158.1
341
2013 04 20 11 55 27.412     2013 04 20 11 58 19.286     171.9
2013 04 20 21 58 48.414     2013 04 20 22 01 25.945     157.5
342
2013 04 20 12 03 21.234     2013 04 20 12 06 49.379     208.1
2013 04 20 18 40 19.212     2013 04 20 18 43 55.917     216.7
343
2013 04 20 20 19 52.144     2013 04 20 20 23 22.921     210.8
344
2013 04 20 22 00 12.003     2013 04 20 22 02 47.341     155.3
345
2013 04 20 13 28 59.333     2013 04 20 13 31 39.499     160.2
2013 04 20 23 36 40.007     2013 04 20 23 37 10.355      30.3
346
2013 04 20 12 00 34.311     2013 04 20 12 03 41.944     187.6
2013 04 20 20 17 25.018     2013 04 20 20 20 15.520     170.5
347
2013 04 20 11 58 41.689     2013 04 20 12 01 57.173     195.5
348
349
2013 04 20 11 56 55.391     2013 04 20 11 59 59.564     184.2
2013 04 20 21 56 48.014     2013 04 20 21 59 43.907     175.9
350
2013 04 20 11 56 59.353     2013 04 20 11 59 48.507     169.2
2013 04 20 21 57 42.314     2013 04 20 22 01 11.836     209.5
351
2013 04 20 13 31 19.684     2013 04 20 13 34 56.034     216.3
2013 04 20 23 32 51.764     2013 04 20 23 34 13.914      82.1
352
2013 04 20 12 04 50.492     2013 04 20 12 08 10.607     200.1
2013 04 20 13 42 41.112     2013 04 20 13 43 57.668      76.6
2013 04 20 18 38 56.512     2013 04 20 18 41 48.769     172.3
353
2013 04 20 10 15 41.282     2013 04 20 10 18 42.994     181.7
2013 04 20 22 03 21.178     2013 04 20 22 06 27.382     186.2
354
2013 04 20 11 52  7.895     2013 04 20 11 55 22.008     194.1
355
2013 04 20 13 35 19.036     2013 04 20 13 35 39.181      20.1
2013 04 20 21 54 20.807     2013 04 20 21 57  6.820     166.0
356
2013 04 20 11 53 38.005     2013 04 20 11 57 17.563     219.6
2013 04 20 21 59 29.415     2013 04 20 22 03  8.591     219.2
357
358
359
2013 04 20 22 02 57.895     2013 04 20 22 05 36.704     158.8
360
2013 04 20 10 17 35.884     2013 04 20 10 18  1.924      26.0
2013 04 20 22 03 19.872     2013 04 20 22 06 15.157     175.3
361
2013 04 20 21 58 56.281     2013 04 20 21 59 15.247      19.0
362
2013 04 20 13 31 30.624     2013 04 20 13 34 45.843     195.2
2013 04 20 23 31 28.006     2013 04 20 23 34 17.657     169.7
363
2013 04 20 21 53 42.306     2013 04 20 21 54 26.084      43.8
364
2013 04 20 13 26 52.326     2013 04 20 13 28  1.398      69.1
365
366
2013 04 20 22 01 59.083     2013 04 20 22 04 48.220     169.1
367
2013 04 20 20 21 24.555     2013 04 20 20 24 25.615     181.1
368
2013 04 20 10 20 26.329     2013 04 20 10 23 10.962     164.6
2013 04 20 20 23 56.606     2013 04 20 20 26 48.934     172.3
369
2013 04 20 13 33 49.982     2013 04 20 13 36 27.692     157.7
370
2013 04 20 12 01 45.881     2013 04 20 12 05 31.115     225.2
2013 04 20 20 16 30.623     2013 04 20 20 19 43.601     193.0
371
2013 04 20 11 54  1.421     2013 04 20 11 56 38.891     157.5
372
2013 04 20 12 01 22.000     2013 04 20 12 04 33.898     191.9
2013 04 20 20 17 17.441     2013 04 20 20 19 58.063     160.6
373
2013 04 20 11 54 37.915     2013 04 20 11 57 24.402     166.5
2013 04 20 21 58 40.422     2013 04 20 22 02  4.397     204.0
374
2013 04 20 22 01  7.537     2013 04 20 22 04  6.827     179.3
375
2013 04 20 11 50 41.337     2013 04 20 11 54 20.283     218.9
2013 04 20 23 37 12.811     2013 04 20 23 40 37.798     205.0
376
2013 04 20 23 37 44.630     2013 04 20 23 40 23.882     159.3
377
2013 04 20 13 31 31.270     2013 04 20 13 35  5.683     214.4
2013 04 20 23 31  9.219     2013 04 20 23 34  1.999     172.8
378
2013 04 20 10 16 53.920     2013 04 20 10 20 18.849     204.9
379
2013 04 20 21 55 44.326     2013 04 20 21 58 21.994     157.7
380
2013 04 20 18 41 43.070     2013 04 20 18 44 22.653     159.6
381
382
2013 04 20 13 39  5.084     2013 04 20 13 42  3.236     178.2
2013 04 20 20 15 11.676     2013 04 20 20 17 54.791     163.1
383
2013 04 20 22 01 49.749     2013 04 20 22 04 28.757     159.0
384
2013 04 20 10 27 32.798     2013 04 20 10 27 44.818      12.0
385
2013 04 20 10 15 56.955     2013 04 20 10 18 41.258     164.3
2013 04 20 22 03 25.702     2013 04 20 22 06 52.642     206.9
386
2013 04 20 12 00 46.322     2013 04 20 12 04 28.066     221.7
2013 04 20 20 19 21.285     2013 04 20 20 22  2.428     161.1
387
2013 04 20 10 17   .118     2013 04 20 10 19 37.083     157.0
388
2013 04 20 10 22 33.816     2013 04 20 10 25 18.892     165.1
2013 04 20 20 22 36.946     2013 04 20 20 26 25.236     228.3
389
2013 04 20 10 19 21.947     2013 04 20 10 21 58.852     156.9
390
2013 04 20 15 14 55.584     2013 04 20 15 17 42.543     167.0
2013 04 20 21 49 40.874     2013 04 20 21 52 43.185     182.3
391
2013 04 20 13 31 15.650     2013 04 20 13 32 30.765      75.1
2013 04 20 23 32 52.036     2013 04 20 23 32 56.943       4.9
392
393
2013 04 20 13 34 53.975     2013 04 20 13 37 34.108     160.1
2013 04 20 21 52 31.136     2013 04 20 21 55 58.347     207.2
394
2013 04 20 23 37 24.809     2013 04 20 23 40  1.330     156.5
395
2013 04 20 21 55 33.295     2013 04 20 21 58 11.524     158.2
396
2013 04 20 11 58 39.029     2013 04 20 12 01 21.861     162.8
397
2013 04 20 22 00  7.045     2013 04 20 22 02 49.296     162.3
398
2013 04 20 20 28 13.580     2013 04 20 20 30 53.218     159.6
399
400
2013 04 20 13 34 33.997     2013 04 20 13 34 53.462      19.5
2013 04 20 21 54 32.240     2013 04 20 21 57 12.436     160.2
401
2013 04 20 15 13 36.636     2013 04 20 15 16 20.476     163.8
2013 04 20 21 49 28.620     2013 04 20 21 52 26.177     177.6
402
2013 04 20 20 20 59.311     2013 04 20 20 23 35.834     156.5
403
2013 04 20 20 27  9.243     2013 04 20 20 29 45.419     156.2
404
2013 04 20 13 30  8.914     2013 04 20 13 33 56.393     227.5
2013 04 20 23 33 59.321     2013 04 20 23 36 44.740     165.4
405
2013 04 20 10 21 58.773     2013 04 20 10 24 37.384     158.6
2013 04 20 20 22 50.660     2013 04 20 20 25 38.761     168.1
406
2013 04 20 22 01 33.459     2013 04 20 22 04 23.169     169.7
407
2013 04 20 10 21 39.126     2013 04 20 10 24 19.953     160.8
2013 04 20 20 22 58.152     2013 04 20 20 25 35.262     157.1
408
2013 04 20 12 02 59.648     2013 04 20 12 05 39.572     159.9
409
2013 04 20 11 58 26.873     2013 04 20 12 02  1.013     214.1
410
2013 04 20 11 54 31.731     2013 04 20 11 57 39.384     187.7
2013 04 20 21 59  7.820     2013 04 20 22 02 14.731     186.9
411
2013 04 20 13 29 38.379     2013 04 20 13 32 19.845     161.5
2013 04 20 23 32 33.472     2013 04 20 23 36  5.928     212.5
412
413
2013 04 20 22 01 32.893     2013 04 20 22 04 14.774     161.9
414
2013 04 20 15 13 38.537     2013 04 20 15 17  4.479     205.9
2013 04 20 21 50 18.446     2013 04 20 21 53  1.142     162.7
415
2013 04 20 11 56 30.660     2013 04 20 11 56 44.030      13.4
416
2013 04 20 12 03 45.556     2013 04 20 12 07 20.477     214.9
2013 04 20 13 41 36.062     2013 04 20 13 41 37.940       1.9
2013 04 20 18 38 42.324     2013 04 20 18 41 28.299     166.0
417
2013 04 20 15 14 39.384     2013 04 20 15 17 38.973     179.6
2013 04 20 21 49 59.587     2013 04 20 21 52 50.322     170.7
418
2013 04 20 12 03  1.826     2013 04 20 12 06 54.573     232.7
2013 04 20 18 38  9.137     2013 04 20 18 41 30.585     201.4
419
2013 04 20 23 36 21.774     2013 04 20 23 39  5.090     163.3
420
2013 04 20 11 51 50.966     2013 04 20 11 54 29.199     158.2
421
2013 04 20 13 35 38.891     2013 04 20 13 36 53.995      75.1
2013 04 20 21 54  5.736     2013 04 20 21 57  1.791     176.1
422
2013 04 20 10 21 49.610     2013 04 20 10 24 59.248     189.6
2013 04 20 20 22 14.706     2013 04 20 20 24 55.708     161.0
423
424
2013 04 20 10 19 43.739     2013 04 20 10 22 54.015     190.3
2013 04 20 20 26 14.194     2013 04 20 20 26 31.427      17.2
425
2013 04 20 12 05  5.383     2013 04 20 12 08 21.771     196.4
2013 04 20 18 40 45.451     2013 04 20 18 43 36.885     171.4
426
2013 04 20 10 20 30.914     2013 04 20 10 23 22.472     171.6
2013 04 20 20 22 52.404     2013 04 20 20 26  2.029     189.6
427
2013 04 20 13 38 53.480     2013 04 20 13 42 21.431     208.0
2013 04 20 20 15 35.753     2013 04 20 20 18 18.512     162.8
428
2013 04 20 13 35 34.876     2013 04 20 13 38 18.987     164.1
2013 04 20 21 53 21.018     2013 04 20 21 56   .240     159.2
429
2013 04 20 21 53 55.299     2013 04 20 21 54 16.062      20.8
430
2013 04 20 13 32 31.083     2013 04 20 13 36 23.713     232.6
2013 04 20 23 29 51.003     2013 04 20 23 30  7.281      16.3
431
432
2013 04 20 22 02 33.428     2013 04 20 22 05  9.687     156.3
433
2013 04 20 11 59 24.174     2013 04 20 12 02 34.874     190.7
2013 04 20 20 18 41.107     2013 04 20 20 19  1.118      20.0
434
2013 04 20 10 24 34.739     2013 04 20 10 27 17.364     162.6
435
436
2013 04 20 10 21 32.225     2013 04 20 10 21 45.559      13.3
437
2013 04 20 13 41 26.816     2013 04 20 13 44 40.518     193.7
2013 04 20 18 37 39.878     2013 04 20 18 40 44.087     184.2
438
2013 04 20 23 36 31.936     2013 04 20 23 39 11.882     159.9
439
2013 04 20 13 39 33.743     2013 04 20 13 43 12.701     219.0
2013 04 20 15 17 41.283     2013 04 20 15 21 15.947     214.7
2013 04 20 18 34 44.177     2013 04 20 18 35 43.349      59.2
2013 04 20 20 13 23.608     2013 04 20 20 16 26.141     182.5
440
2013 04 20 15 14  7.808     2013 04 20 15 17 31.550     203.7
2013 04 20 21 50 22.669     2013 04 20 21 53   .799     158.1
441
2013 04 20 11 59 15.000     2013 04 20 11 59 23.851       8.9
2013 04 20 20 19 42.745     2013 04 20 20 22 50.852     188.1
442
2013 04 20 10 18 49.146     2013 04 20 10 21 38.568     169.4
443
2013 04 20 12 00 32.097     2013 04 20 12 03 18.128     166.0
2013 04 20 20 18 37.868     2013 04 20 20 21 27.878     170.0
444
2013 04 20 21 54 49.049     2013 04 20 21 55 39.723      50.7
445
2013 04 20 20 25 23.712     2013 04 20 20 27 59.003     155.3
446
2013 04 20 12 02 59.407     2013 04 20 12 03 20.696      21.3
2013 04 20 18 40 43.699     2013 04 20 18 44 24.910     221.2
447
2013 04 20 10 25  7.679     2013 04 20 10 28 36.195     208.5
2013 04 20 18 42 10.421     2013 04 20 18 45 42.111     211.7
448
2013 04 20 12 03 20.695     2013 04 20 12 03 50.435      29.7
2013 04 20 20 16 31.108     2013 04 20 20 19 55.190     204.1
449
2013 04 20 13 37 23.286     2013 04 20 13 38 19.781      56.5
450
2013 04 20 21 51 13.419     2013 04 20 21 54  6.526     173.1
451
2013 04 20 11 56 18.039     2013 04 20 11 59 30.387     192.3
2013 04 20 21 58 26.919     2013 04 20 22 01 33.533     186.6
452
2013 04 20 10 17 24.802     2013 04 20 10 20  5.484     160.7
453
2013 04 20 13 33 55.255     2013 04 20 13 37 21.558     206.3
2013 04 20 21 56 34.149     2013 04 20 21 57 34.975      60.8
454
2013 04 20 13 42 29.930     2013 04 20 13 45 42.478     192.5
2013 04 20 18 38 19.065     2013 04 20 18 40 59.726     160.7
455
2013 04 20 12 01 31.763     2013 04 20 12 04  9.794     158.0
2013 04 20 20 18  4.232     2013 04 20 20 20 45.341     161.1
456
2013 04 20 23 35  3.725     2013 04 20 23 37 42.234     158.5
457
2013 04 20 20 16 21.096     2013 04 20 20 18 57.860     156.8
458
2013 04 20 12 00 21.523     2013 04 20 12 03 34.299     192.8
2013 04 20 20 19  7.015     2013 04 20 20 21 50.978     164.0
459
2013 04 20 10 21 10.528     2013 04 20 10 24 14.608     184.1
2013 04 20 20 22 37.388     2013 04 20 20 25 16.080     158.7
460
461
2013 04 20 13 34 15.021     2013 04 20 13 35 17.581      62.6
2013 04 20 21 54 20.016     2013 04 20 21 57 20.920     180.9
462
2013 04 20 11 55 39.678     2013 04 20 11 58 33.571     173.9
2013 04 20 21 57 34.738     2013 04 20 22 00 21.842     167.1
463
2013 04 20 00 00   .000     2013 04 20 00 00  7.230       7.2
2013 04 20 11 52  5.788     2013 04 20 11 52 35.758      30.0
2013 04 20 23 38  5.362     2013 04 20 23 41  8.679     183.3
464
2013 04 20 10 23 59.242     2013 04 20 10 27 10.706     191.5
465
466
2013 04 20 12 04 35.909     2013 04 20 12 07 37.708     181.8
2013 04 20 18 39 15.459     2013 04 20 18 41 53.433     158.0
467
468
2013 04 20 13 32   .300     2013 04 20 13 34 50.700     170.4
2013 04 20 23 32  8.394     2013 04 20 23 33 29.890      81.5
469
470
2013 04 20 10 23 46.584     2013 04 20 10 24 22.186      35.6
471
2013 04 20 15 12 56.540     2013 04 20 15 16 30.225     213.7
2013 04 20 21 49 59.082     2013 04 20 21 53 21.857     202.8
472
2013 04 20 23 35 32.597     2013 04 20 23 39  9.868     217.3
473
2013 04 20 22 02 46.597     2013 04 20 22 05 25.412     158.8
474
2013 04 20 11 55 58.209     2013 04 20 11 58 36.424     158.2
2013 04 20 21 58   .078     2013 04 20 22 00 36.419     156.3
475
2013 04 20 10 21 38.761     2013 04 20 10 24 19.753     161.0
2013 04 20 20 23 25.697     2013 04 20 20 26  9.424     163.7
476
2013 04 20 11 59 17.817     2013 04 20 11 59 20.962       3.1
2013 04 20 20 19 45.619     2013 04 20 20 22 48.924     183.3
477
2013 04 20 13 30 17.198     2013 04 20 13 33 11.208     174.0
2013 04 20 23 33 32.992     2013 04 20 23 36  8.573     155.6
478
2013 04 20 13 40 29.615     2013 04 20 13 44  3.369     213.8
2013 04 20 20 15 17.174     2013 04 20 20 17  7.356     110.2
479
2013 04 20 13 33  1.044     2013 04 20 13 36  8.727     187.7
480
481
2013 04 20 10 23 44.021     2013 04 20 10 26 28.381     164.4
482
2013 04 20 12 05 10.861     2013 04 20 12 07 58.937     168.1
2013 04 20 18 39 26.488     2013 04 20 18 42 19.090     172.6
483
2013 04 20 22 02 12.102     2013 04 20 22 04 46.971     154.9
484
2013 04 20 20 20 36.279     2013 04 20 20 23 47.470     191.2
485
2013 04 20 12 02 48.065     2013 04 20 12 05 29.569     161.5
2013 04 20 20 16 52.342     2013 04 20 20 16 57.457       5.1
486
2013 04 20 12 04 22.922     2013 04 20 12 08 11.407     228.5
2013 04 20 13 42 33.663     2013 04 20 13 46 10.994     217.3
2013 04 20 18 38 40.057     2013 04 20 18 41 24.214     164.2
487
2013 04 20 23 34 50.360     2013 04 20 23 37 44.203     173.8
488
2013 04 20 13 34 42.751     2013 04 20 13 38 32.106     229.4
2013 04 20 21 54 16.989     2013 04 20 21 57   .674     163.7
489
2013 04 20 13 28  4.627     2013 04 20 13 28 27.376      22.7
2013 04 20 23 34 39.242     2013 04 20 23 38  6.361     207.1
490
491
2013 04 20 13 39 13.079     2013 04 20 13 39 32.516      19.4
2013 04 20 21 51 26.720     2013 04 20 21 54  3.833     157.1
492
2013 04 20 12 00 38.859     2013 04 20 12 03 17.320     158.5
2013 04 20 20 18  4.809     2013 04 20 20 20 57.553     172.7
493
494
495
496
2013 04 20 13 32 23.192     2013 04 20 13 36  6.576     223.4
2013 04 20 23 30  8.913     2013 04 20 23 31 21.862      72.9
497
2013 04 20 20 27 18.684     2013 04 20 20 29 59.478     160.8
498
2013 04 20 10 17 57.875     2013 04 20 10 21 12.296     194.4
499
2013 04 20 12 04 54.706     2013 04 20 12 07 51.049     176.3
2013 04 20 18 39 19.536     2013 04 20 18 42  3.885     164.3
