s5
0
2013 04 20 13 22  9.786     2013 04 20 13 24 54.016     164.2
2013 04 20 21 38 19.581     2013 04 20 21 41  5.273     165.7
1
2013 04 20 13 13 58.175     2013 04 20 13 16 45.561     167.4
2
2013 04 20 14 58 45.204     2013 04 20 15 00 25.302     100.1
2013 04 20 21 39 24.552     2013 04 20 21 39 42.273      17.7
3
2013 04 20 11 40 50.697     2013 04 20 11 41  4.371      13.7
2013 04 20 21 45 42.451     2013 04 20 21 48 29.387     166.9
4
2013 04 20 13 24 28.585     2013 04 20 13 27 11.171     162.6
5
2013 04 20 11 44 31.313     2013 04 20 11 48 17.359     226.0
2013 04 20 21 41  2.731     2013 04 20 21 41 53.128      50.4
6
2013 04 20 13 21 16.101     2013 04 20 13 21 50.109      34.0
2013 04 20 21 40 13.834     2013 04 20 21 42 54.143     160.3
7
2013 04 20 11 40 19.724     2013 04 20 11 43 57.511     217.8
8
9
2013 04 20 11 47 18.506     2013 04 20 11 50 32.050     193.5
2013 04 20 20 03 13.748     2013 04 20 20 06  5.674     171.9
10
2013 04 20 13 15  9.059     2013 04 20 13 17 14.755     125.7
2013 04 20 23 19 58.699     2013 04 20 23 23 18.945     200.2
11
2013 04 20 15 03  2.582     2013 04 20 15 06 32.130     209.5
2013 04 20 19 58 56.039     2013 04 20 20 01 38.920     162.9
12
2013 04 20 21 40 40.695     2013 04 20 21 41 43.482      62.8
13
2013 04 20 14 58 27.313     2013 04 20 15 01 53.482     206.2
14
2013 04 20 11 41 33.210     2013 04 20 11 44 28.331     175.1
2013 04 20 21 43  5.345     2013 04 20 21 43 22.075      16.7
15
2013 04 20 13 22 21.150     2013 04 20 13 24 57.353     156.2
2013 04 20 21 38 42.765     2013 04 20 21 41 21.944     159.2
16
2013 04 20 10 07 48.017     2013 04 20 10 11 35.581     227.6
2013 04 20 20 10 20.488     2013 04 20 20 13 10.807     170.3
17
2013 04 20 21 48 34.815     2013 04 20 21 51 16.767     162.0
18
2013 04 20 11 46 18.488     2013 04 20 11 50  6.911     228.4
2013 04 20 20 02 27.246     2013 04 20 20 03 31.801      64.6
19
2013 04 20 21 47 31.753     2013 04 20 21 50 48.227     196.5
20
2013 04 20 13 24 18.478     2013 04 20 13 26 55.262     156.8
21
2013 04 20 11 47   .184     2013 04 20 11 50 12.534     192.4
2013 04 20 20 03  7.945     2013 04 20 20 06 20.011     192.1
22
2013 04 20 20 02  7.975     2013 04 20 20 05 11.224     183.2
23
2013 04 20 23 23  1.656     2013 04 20 23 26 31.804     210.1
24
2013 04 20 14 59 31.540     2013 04 20 15 02 10.491     159.0
2013 04 20 21 34 39.840     2013 04 20 21 38 22.845     223.0
25
2013 04 20 11 47 36.078     2013 04 20 11 50 35.174     179.1
2013 04 20 20 04 51.938     2013 04 20 20 07 28.297     156.4
26
2013 04 20 15 02 30.130     2013 04 20 15 05 10.930     160.8
2013 04 20 19 57 34.268     2013 04 20 20 00 45.510     191.2
27
2013 04 20 11 37 12.431     2013 04 20 11 40 47.029     214.6
2013 04 20 23 23  9.933     2013 04 20 23 26  9.863     179.9
28
2013 04 20 11 46 55.179     2013 04 20 11 50 15.175     200.0
2013 04 20 20 03  1.007     2013 04 20 20 06 15.883     194.9
29
2013 04 20 21 47 41.244     2013 04 20 21 50 35.098     173.9
30
2013 04 20 14 57 55.534     2013 04 20 15 01 15.277     199.7
2013 04 20 23 13 27.053     2013 04 20 23 17 14.398     227.3
31
2013 04 20 13 23 10.096     2013 04 20 13 26 13.303     183.2
2013 04 20 21 38 58.780     2013 04 20 21 42 14.737     196.0
32
2013 04 20 23 21 24.934     2013 04 20 23 25   .609     215.7
33
2013 04 20 10 06 54.865     2013 04 20 10 10 24.611     209.7
2013 04 20 20 08   .180     2013 04 20 20 08 27.736      27.6
34
2013 04 20 20 13  5.621     2013 04 20 20 16 25.997     200.4
35
2013 04 20 15 01 32.098     2013 04 20 15 05 10.068     218.0
2013 04 20 21 35 55.681     2013 04 20 21 39 37.411     221.7
36
2013 04 20 21 45 10.310     2013 04 20 21 45 18.255       7.9
37
2013 04 20 11 45 39.563     2013 04 20 11 49 29.444     229.9
2013 04 20 20 08 40.832     2013 04 20 20 09  7.555      26.7
38
39
2013 04 20 13 26 22.101     2013 04 20 13 29 46.940     204.8
2013 04 20 20 01 32.770     2013 04 20 20 04 23.034     170.3
40
41
2013 04 20 21 46 20.454     2013 04 20 21 49 12.713     172.3
42
2013 04 20 20 06 31.265     2013 04 20 20 09 17.906     166.6
43
44
2013 04 20 13 15 44.644     2013 04 20 13 17   .331      75.7
2013 04 20 23 20  5.004     2013 04 20 23 22 47.477     162.5
45
2013 04 20 23 21 49.973     2013 04 20 23 25 11.609     201.6
46
2013 04 20 11 37 54.911     2013 04 20 11 40 35.166     160.3
2013 04 20 23 23 20.924     2013 04 20 23 24 43.196      82.3
47
2013 04 20 20 11 36.244     2013 04 20 20 14 48.979     192.7
48
49
50
2013 04 20 10 06  3.035     2013 04 20 10 06 49.296      46.3
2013 04 20 21 48  2.179     2013 04 20 21 51 16.445     194.3
51
2013 04 20 21 41 56.422     2013 04 20 21 42 31.467      35.0
52
2013 04 20 15 00 36.808     2013 04 20 15 04  4.320     207.5
2013 04 20 21 36 12.056     2013 04 20 21 38 51.059     159.0
53
2013 04 20 23 21 33.865     2013 04 20 23 24 28.023     174.2
54
2013 04 20 11 52 50.891     2013 04 20 11 52 57.344       6.5
2013 04 20 20 01 49.469     2013 04 20 20 05 31.335     221.9
55
2013 04 20 13 23 15.831     2013 04 20 13 27   .347     224.5
2013 04 20 21 39   .212     2013 04 20 21 39 39.730      39.5
56
57
2013 04 20 20 02 15.045     2013 04 20 20 05 27.538     192.5
58
2013 04 20 10 09 13.129     2013 04 20 10 12  4.352     171.2
2013 04 20 20 08 56.424     2013 04 20 20 12 27.112     210.7
59
2013 04 20 10 08 56.831     2013 04 20 10 12  5.813     189.0
2013 04 20 20 08  2.819     2013 04 20 20 10 47.122     164.3
60
2013 04 20 11 38 51.753     2013 04 20 11 41 26.358     154.6
61
2013 04 20 11 49 36.769     2013 04 20 11 52 55.305     198.5
2013 04 20 18 28  9.747     2013 04 20 18 28 20.065      10.3
62
2013 04 20 10 02 50.169     2013 04 20 10 05 23.704     153.5
2013 04 20 21 49 35.903     2013 04 20 21 52 59.993     204.1
63
64
2013 04 20 11 36 25.736     2013 04 20 11 39 18.255     172.5
2013 04 20 23 24 26.917     2013 04 20 23 27   .419     153.5
65
2013 04 20 13 23 35.677     2013 04 20 13 26 45.320     189.6
2013 04 20 21 38 37.108     2013 04 20 21 39 30.779      53.7
66
2013 04 20 11 42 19.753     2013 04 20 11 44 59.741     160.0
2013 04 20 21 44 19.555     2013 04 20 21 47   .549     161.0
67
2013 04 20 10 02 51.761     2013 04 20 10 06  5.256     193.5
2013 04 20 21 48 41.877     2013 04 20 21 51 53.656     191.8
68
2013 04 20 11 39 23.907     2013 04 20 11 42 29.623     185.7
69
2013 04 20 10 06 40.716     2013 04 20 10 09 48.779     188.1
70
2013 04 20 13 23 33.770     2013 04 20 13 26 28.831     175.1
2013 04 20 21 37 32.573     2013 04 20 21 40 55.331     202.8
71
2013 04 20 21 40 23.717     2013 04 20 21 44  2.788     219.1
72
73
2013 04 20 13 24  2.200     2013 04 20 13 27 47.765     225.6
2013 04 20 19 58 30.382     2013 04 20 19 58 54.526      24.1
74
2013 04 20 13 14 39.333     2013 04 20 13 17 21.254     161.9
75
2013 04 20 13 27 17.496     2013 04 20 13 27 25.382       7.9
2013 04 20 21 36 29.401     2013 04 20 21 40  2.520     213.1
76
2013 04 20 14 59 36.197     2013 04 20 15 02 47.349     191.2
2013 04 20 21 34  1.956     2013 04 20 21 37  5.346     183.4
77
2013 04 20 10 05  6.911     2013 04 20 10 07 40.757     153.8
78
2013 04 20 11 51 37.235     2013 04 20 11 54 39.041     181.8
2013 04 20 18 25 19.498     2013 04 20 18 28  3.371     163.9
79
2013 04 20 11 37 31.647     2013 04 20 11 40 42.092     190.4
80
2013 04 20 11 39 29.728     2013 04 20 11 42  5.744     156.0
81
2013 04 20 11 43 57.969     2013 04 20 11 47  6.231     188.3
2013 04 20 21 43 19.103     2013 04 20 21 43 39.383      20.3
82
2013 04 20 15 03  5.039     2013 04 20 15 06  3.938     178.9
2013 04 20 19 58 28.886     2013 04 20 20 01 12.412     163.5
83
2013 04 20 10 05 23.701     2013 04 20 10 08  5.527     161.8
84
2013 04 20 14 58 42.986     2013 04 20 14 59 56.588      73.6
2013 04 20 21 39 31.716     2013 04 20 21 39 44.807      13.1
85
2013 04 20 11 49 59.220     2013 04 20 11 53 11.780     192.6
2013 04 20 18 24 30.060     2013 04 20 18 28 11.228     221.2
86
2013 04 20 15 02 57.447     2013 04 20 15 05 41.779     164.3
2013 04 20 19 58  5.046     2013 04 20 20 00 52.426     167.4
87
2013 04 20 10 09 50.673     2013 04 20 10 12 26.988     156.3
2013 04 20 20 08  7.819     2013 04 20 20 09  9.706      61.9
88
2013 04 20 13 21  7.906     2013 04 20 13 24 12.700     184.8
2013 04 20 21 37 32.437     2013 04 20 21 38  5.781      33.3
89
2013 04 20 18 27 18.978     2013 04 20 18 30 37.912     198.9
90
2013 04 20 11 44 13.578     2013 04 20 11 46 58.844     165.3
2013 04 20 21 42 26.613     2013 04 20 21 45 51.666     205.1
91
2013 04 20 21 44 57.333     2013 04 20 21 44 59.397       2.1
92
2013 04 20 11 40 22.716     2013 04 20 11 42 57.822     155.1
93
2013 04 20 11 46 30.759     2013 04 20 11 50   .331     209.6
2013 04 20 20 02 42.876     2013 04 20 20 06 27.479     224.6
94
2013 04 20 11 38 17.481     2013 04 20 11 41 55.337     217.9
95
96
97
2013 04 20 21 47 16.398     2013 04 20 21 50  5.345     168.9
98
2013 04 20 13 21  9.694     2013 04 20 13 24 45.799     216.1
2013 04 20 21 37 16.761     2013 04 20 21 40 50.514     213.8
99
2013 04 20 20 06 53.629     2013 04 20 20 09 42.121     168.5
100
2013 04 20 13 25 33.523     2013 04 20 13 28 10.693     157.2
2013 04 20 20 00 23.828     2013 04 20 20 03 18.675     174.8
101
2013 04 20 11 41 14.248     2013 04 20 11 44 28.151     193.9
2013 04 20 21 44 59.474     2013 04 20 21 48  6.985     187.5
102
2013 04 20 13 26 20.908     2013 04 20 13 30  8.442     227.5
2013 04 20 20 01 44.814     2013 04 20 20 04 42.862     178.0
103
2013 04 20 11 50 32.916     2013 04 20 11 53 42.853     189.9
2013 04 20 18 24 57.618     2013 04 20 18 27 56.067     178.4
104
2013 04 20 11 43 29.443     2013 04 20 11 45  9.318      99.9
105
2013 04 20 13 19 36.191     2013 04 20 13 22 11.447     155.3
106
2013 04 20 23 22 51.438     2013 04 20 23 26  7.910     196.5
107
2013 04 20 10 06  9.780     2013 04 20 10 08 45.384     155.6
108
2013 04 20 10 03 29.186     2013 04 20 10 06 40.017     190.8
109
2013 04 20 14 57 55.814     2013 04 20 15 01 23.135     207.3
2013 04 20 23 13 27.713     2013 04 20 23 14 46.640      78.9
110
2013 04 20 21 41 32.211     2013 04 20 21 44 11.441     159.2
111
2013 04 20 13 22 21.545     2013 04 20 13 25  6.396     164.9
2013 04 20 21 39  9.575     2013 04 20 21 41 45.862     156.3
112
2013 04 20 10 03 28.127     2013 04 20 10 06  1.840     153.7
2013 04 20 21 48 50.983     2013 04 20 21 48 56.652       5.7
113
114
2013 04 20 13 17 32.290     2013 04 20 13 20  8.237     155.9
2013 04 20 23 18 15.032     2013 04 20 23 20 49.470     154.4
115
116
2013 04 20 13 25 13.071     2013 04 20 13 26  6.538      53.5
2013 04 20 15 03 13.995     2013 04 20 15 06 58.408     224.4
2013 04 20 19 59 15.406     2013 04 20 20 01 53.478     158.1
117
2013 04 20 13 28 28.071     2013 04 20 13 31 17.926     169.9
2013 04 20 18 23 42.279     2013 04 20 18 26 27.188     164.9
118
2013 04 20 11 43 22.097     2013 04 20 11 44  4.464      42.4
119
2013 04 20 15 01 10.666     2013 04 20 15 03 48.969     158.3
2013 04 20 21 34 59.958     2013 04 20 21 37 50.046     170.1
120
2013 04 20 13 18 15.347     2013 04 20 13 21 35.304     200.0
2013 04 20 23 18 11.551     2013 04 20 23 19  8.367      56.8
121
2013 04 20 13 22 43.813     2013 04 20 13 26 12.781     209.0
2013 04 20 21 37 30.490     2013 04 20 21 40 14.273     163.8
122
2013 04 20 15 00 44.152     2013 04 20 15 03 35.766     171.6
2013 04 20 21 35 41.887     2013 04 20 21 38 19.301     157.4
123
2013 04 20 13 18 10.958     2013 04 20 13 20 47.450     156.5
2013 04 20 23 18  6.453     2013 04 20 23 21  4.495     178.0
124
2013 04 20 11 49 57.248     2013 04 20 11 53 23.108     205.9
2013 04 20 18 26 12.746     2013 04 20 18 26 46.942      34.2
125
2013 04 20 11 48 45.733     2013 04 20 11 51 36.001     170.3
2013 04 20 20 03 15.838     2013 04 20 20 06 19.617     183.8
126
2013 04 20 11 51 17.174     2013 04 20 11 54 58.311     221.1
2013 04 20 13 29 13.553     2013 04 20 13 32 53.959     220.4
2013 04 20 18 24 49.505     2013 04 20 18 27 35.782     166.3
127
2013 04 20 11 52 19.089     2013 04 20 11 54 57.157     158.1
2013 04 20 18 25 46.859     2013 04 20 18 28 53.892     187.0
128
2013 04 20 15 00 56.964     2013 04 20 15 03 34.381     157.4
2013 04 20 21 35  8.705     2013 04 20 21 37 49.198     160.5
129
2013 04 20 13 27  9.372     2013 04 20 13 30  1.362     172.0
2013 04 20 15 04 34.160     2013 04 20 15 04 43.072       8.9
2013 04 20 18 21 50.592     2013 04 20 18 25 24.809     214.2
2013 04 20 19 59 40.670     2013 04 20 20 03 24.350     223.7
130
2013 04 20 10 02 45.125     2013 04 20 10 05 18.681     153.6
2013 04 20 21 49 42.858     2013 04 20 21 53  2.979     200.1
131
2013 04 20 11 50 40.138     2013 04 20 11 53 49.446     189.3
2013 04 20 18 26 30.869     2013 04 20 18 29 34.922     184.1
132
133
2013 04 20 23 20 54.901     2013 04 20 23 23 55.749     180.8
134
2013 04 20 11 46  9.988     2013 04 20 11 49 26.225     196.2
2013 04 20 20 04 42.730     2013 04 20 20 05 20.386      37.7
135
2013 04 20 10 06 27.539     2013 04 20 10 09  3.868     156.3
136
2013 04 20 10 08 20.232     2013 04 20 10 12  6.141     225.9
2013 04 20 20 09 50.724     2013 04 20 20 13 13.200     202.5
137
2013 04 20 10 03 48.892     2013 04 20 10 07 28.808     219.9
138
2013 04 20 21 48 28.813     2013 04 20 21 52  8.312     219.5
139
2013 04 20 13 23 18.025     2013 04 20 13 26 19.309     181.3
2013 04 20 21 37 37.400     2013 04 20 21 40 42.923     185.5
140
2013 04 20 11 49 56.866     2013 04 20 11 52 44.008     167.1
2013 04 20 18 28 36.120     2013 04 20 18 28 48.995      12.9
141
2013 04 20 11 46 53.848     2013 04 20 11 49 30.390     156.5
2013 04 20 20 03 46.296     2013 04 20 20 07 20.051     213.8
142
2013 04 20 23 22 25.636     2013 04 20 23 25 11.885     166.2
143
2013 04 20 13 21 14.032     2013 04 20 13 24 45.566     211.5
2013 04 20 21 39 47.272     2013 04 20 21 42 46.038     178.8
144
2013 04 20 10 10  3.455     2013 04 20 10 11  8.354      64.9
2013 04 20 20 07 47.014     2013 04 20 20 11  7.203     200.2
145
2013 04 20 11 49 55.932     2013 04 20 11 53 23.036     207.1
2013 04 20 18 24 24.253     2013 04 20 18 27 57.013     212.8
146
2013 04 20 13 23 24.507     2013 04 20 13 27  1.172     216.7
2013 04 20 21 38 51.185     2013 04 20 21 39  9.002      17.8
147
2013 04 20 13 13  2.751     2013 04 20 13 15 54.787     172.0
148
2013 04 20 11 50 23.525     2013 04 20 11 53  3.556     160.0
2013 04 20 18 25 34.887     2013 04 20 18 29 16.704     221.8
149
2013 04 20 11 46 57.582     2013 04 20 11 49 44.176     166.6
2013 04 20 20 04 28.762     2013 04 20 20 07 41.592     192.8
150
2013 04 20 20 07 18.764     2013 04 20 20 09 53.749     155.0
151
2013 04 20 11 40  4.810     2013 04 20 11 42 56.569     171.8
152
2013 04 20 13 15 27.254     2013 04 20 13 18 42.950     195.7
2013 04 20 23 19 31.751     2013 04 20 23 23  2.816     211.1
153
2013 04 20 21 46  5.475     2013 04 20 21 49 33.662     208.2
154
2013 04 20 10 03 16.616     2013 04 20 10 03 25.152       8.5
2013 04 20 21 47 40.961     2013 04 20 21 51 26.333     225.4
155
2013 04 20 10 02 33.638     2013 04 20 10 05 36.053     182.4
2013 04 20 21 49 10.559     2013 04 20 21 52  4.819     174.3
156
2013 04 20 14 59 32.202     2013 04 20 15 02  9.166     157.0
2013 04 20 21 34 29.925     2013 04 20 21 38 11.310     221.4
157
2013 04 20 10 06 18.651     2013 04 20 10 09 57.145     218.5
2013 04 20 20 10 44.707     2013 04 20 20 13 53.275     188.6
158
2013 04 20 11 44 56.120     2013 04 20 11 46 46.053     109.9
159
2013 04 20 10 11 54.784     2013 04 20 10 15 33.081     218.3
2013 04 20 18 28  3.639     2013 04 20 18 31 45.820     222.2
160
2013 04 20 11 49 45.921     2013 04 20 11 53 20.307     214.4
2013 04 20 18 30   .311     2013 04 20 18 30 20.723      20.4
161
162
2013 04 20 10 04 45.548     2013 04 20 10 08 14.466     208.9
163
164
2013 04 20 13 24 50.721     2013 04 20 13 27 29.478     158.8
2013 04 20 19 59 39.672     2013 04 20 20 03 28.890     229.2
165
2013 04 20 11 47  7.355     2013 04 20 11 50 29.636     202.3
2013 04 20 20 05 11.153     2013 04 20 20 07 52.391     161.2
166
2013 04 20 13 16 52.872     2013 04 20 13 19 27.361     154.5
2013 04 20 23 18 30.594     2013 04 20 23 21 20.987     170.4
167
2013 04 20 13 26 52.189     2013 04 20 13 29 32.001     159.8
2013 04 20 20 00 40.581     2013 04 20 20 03 44.505     183.9
168
2013 04 20 10 05 39.825     2013 04 20 10 09 22.087     222.3
2013 04 20 20 13 22.749     2013 04 20 20 14 33.970      71.2
169
2013 04 20 10 06  1.845     2013 04 20 10 08 45.912     164.1
170
2013 04 20 13 12 34.866     2013 04 20 13 15 45.445     190.6
171
2013 04 20 15 01 41.643     2013 04 20 15 04 30.548     168.9
2013 04 20 19 56 22.552     2013 04 20 20 00  4.412     221.9
2013 04 20 21 34 21.094     2013 04 20 21 37 58.593     217.5
172
2013 04 20 11 46  1.882     2013 04 20 11 49   .207     178.3
173
2013 04 20 23 20 52.173     2013 04 20 23 23 41.432     169.3
174
2013 04 20 13 28   .751     2013 04 20 13 30 40.617     159.9
2013 04 20 18 23  3.040     2013 04 20 18 26  8.032     185.0
175
2013 04 20 10 03 11.697     2013 04 20 10 05 45.727     154.0
2013 04 20 21 49  8.930     2013 04 20 21 50 57.560     108.6
176
2013 04 20 11 45 39.234     2013 04 20 11 48 15.181     155.9
177
2013 04 20 11 47 38.279     2013 04 20 11 50 48.502     190.2
2013 04 20 20 03 19.314     2013 04 20 20 05 58.898     159.6
178
2013 04 20 13 25 25.664     2013 04 20 13 28  6.854     161.2
2013 04 20 20 00 34.183     2013 04 20 20 03 37.161     183.0
179
2013 04 20 23 15 22.293     2013 04 20 23 18 54.884     212.6
180
2013 04 20 10 13 31.804     2013 04 20 10 13 55.767      24.0
2013 04 20 20 06 18.530     2013 04 20 20 07 42.982      84.5
181
2013 04 20 13 22  7.581     2013 04 20 13 25  5.491     177.9
2013 04 20 21 39 25.253     2013 04 20 21 42  2.443     157.2
182
2013 04 20 13 16  2.068     2013 04 20 13 18 43.182     161.1
2013 04 20 23 20 57.860     2013 04 20 23 21 55.328      57.5
183
2013 04 20 10 04 45.283     2013 04 20 10 07 19.830     154.5
184
2013 04 20 11 50  1.117     2013 04 20 11 52 44.627     163.5
185
186
2013 04 20 15 00 41.612     2013 04 20 15 04 19.095     217.5
2013 04 20 21 36 17.690     2013 04 20 21 39   .994     163.3
187
2013 04 20 23 15 49.875     2013 04 20 23 18 25.051     155.2
188
2013 04 20 11 38 35.810     2013 04 20 11 41 12.422     156.6
189
190
2013 04 20 13 24 51.650     2013 04 20 13 28 21.021     209.4
2013 04 20 19 59 14.835     2013 04 20 20 02 17.510     182.7
191
2013 04 20 13 22 50.937     2013 04 20 13 26 31.723     220.8
2013 04 20 21 37 15.918     2013 04 20 21 40  8.629     172.7
192
2013 04 20 23 22 46.698     2013 04 20 23 25 38.989     172.3
193
2013 04 20 23 20 50.115     2013 04 20 23 23 54.616     184.5
194
2013 04 20 15 02 28.398     2013 04 20 15 05 11.127     162.7
2013 04 20 19 57 35.819     2013 04 20 20 00 50.276     194.5
195
2013 04 20 13 20 56.378     2013 04 20 13 23 51.282     174.9
196
197
2013 04 20 15 00   .725     2013 04 20 15 03 46.915     226.2
2013 04 20 16 37 56.610     2013 04 20 16 41 44.346     227.7
2013 04 20 21 33 56.185     2013 04 20 21 36 33.825     157.6
198
2013 04 20 13 26 12.236     2013 04 20 13 28 56.506     164.3
2013 04 20 20 00 57.983     2013 04 20 20 03 35.413     157.4
199
2013 04 20 11 51 25.092     2013 04 20 11 54 55.639     210.5
2013 04 20 18 27  5.821     2013 04 20 18 29 44.162     158.3
200
2013 04 20 13 25 11.414     2013 04 20 13 27 48.701     157.3
2013 04 20 20 00  3.460     2013 04 20 20 03 23.719     200.3
201
2013 04 20 13 24   .396     2013 04 20 13 26 54.936     174.5
2013 04 20 21 37  8.528     2013 04 20 21 37 51.178      42.6
202
2013 04 20 13 25  3.370     2013 04 20 13 27 52.158     168.8
2013 04 20 20 00 30.422     2013 04 20 20 03 59.633     209.2
203
2013 04 20 11 49 29.109     2013 04 20 11 52 18.253     169.1
204
2013 04 20 10 05 14.465     2013 04 20 10 08 20.245     185.8
205
2013 04 20 20 07   .302     2013 04 20 20 09 40.847     160.5
206
2013 04 20 23 22 21.979     2013 04 20 23 25 16.149     174.2
207
2013 04 20 13 17 41.984     2013 04 20 13 18 29.642      47.7
2013 04 20 23 16 49.829     2013 04 20 23 19 26.726     156.9
208
2013 04 20 15 01 32.946     2013 04 20 15 04 15.876     162.9
2013 04 20 19 56 12.699     2013 04 20 19 56 17.973       5.3
2013 04 20 21 34 37.439     2013 04 20 21 37 56.476     199.0
209
2013 04 20 11 37 12.594     2013 04 20 11 39 46.936     154.3
2013 04 20 23 24 27.172     2013 04 20 23 27 44.099     196.9
210
2013 04 20 23 16  2.935     2013 04 20 23 18 57.269     174.3
211
2013 04 20 20 05 55.943     2013 04 20 20 08 33.987     158.0
212
2013 04 20 11 44 19.639     2013 04 20 11 47 20.597     181.0
213
2013 04 20 10 07 46.212     2013 04 20 10 10 23.815     157.6
2013 04 20 20 09 40.227     2013 04 20 20 12 22.833     162.6
214
2013 04 20 11 48  1.737     2013 04 20 11 51 50.204     228.5
2013 04 20 20 02 43.391     2013 04 20 20 05 27.025     163.6
215
2013 04 20 23 22 50.811     2013 04 20 23 26  8.726     197.9
216
2013 04 20 13 23 10.857     2013 04 20 13 25 49.349     158.5
2013 04 20 21 38 38.991     2013 04 20 21 41 35.042     176.1
217
2013 04 20 11 46  4.293     2013 04 20 11 49 51.800     227.5
218
2013 04 20 11 46 58.323     2013 04 20 11 47 29.420      31.1
2013 04 20 20 02 44.422     2013 04 20 20 05 40.967     176.5
219
2013 04 20 21 40 16.197     2013 04 20 21 43  6.115     169.9
220
2013 04 20 15 01 31.956     2013 04 20 15 04 32.919     181.0
2013 04 20 16 39  4.100     2013 04 20 16 40  1.265      57.2
2013 04 20 19 56 11.782     2013 04 20 19 59 49.517     217.7
2013 04 20 21 34  9.399     2013 04 20 21 37 43.883     214.5
221
222
2013 04 20 10 06 21.439     2013 04 20 10 09 56.511     215.1
223
2013 04 20 20 05 51.449     2013 04 20 20 09  7.831     196.4
224
2013 04 20 11 38 32.603     2013 04 20 11 41 42.713     190.1
225
2013 04 20 10 03 10.155     2013 04 20 10 06 38.035     207.9
226
2013 04 20 15 00 47.102     2013 04 20 15 03 33.248     166.1
2013 04 20 21 35 35.032     2013 04 20 21 38 12.659     157.6
227
2013 04 20 11 49 43.013     2013 04 20 11 52 49.410     186.4
228
2013 04 20 20 06 22.492     2013 04 20 20 09 29.539     187.0
229
2013 04 20 10 08 19.239     2013 04 20 10 10 56.820     157.6
2013 04 20 20 09 30.336     2013 04 20 20 12  5.006     154.7
230
2013 04 20 23 21 24.057     2013 04 20 23 24 26.668     182.6
231
232
2013 04 20 21 48  4.589     2013 04 20 21 50 38.098     153.5
233
2013 04 20 13 27 11.595     2013 04 20 13 29 51.865     160.3
2013 04 20 18 21 55.463     2013 04 20 18 25 48.277     232.8
2013 04 20 20 00  2.705     2013 04 20 20 03 37.203     214.5
234
2013 04 20 11 40 14.794     2013 04 20 11 43 23.653     188.9
235
2013 04 20 11 42 12.226     2013 04 20 11 44 54.574     162.3
2013 04 20 21 43 31.331     2013 04 20 21 46 33.098     181.8
236
2013 04 20 11 48 41.230     2013 04 20 11 52 22.574     221.3
2013 04 20 20 04 26.208     2013 04 20 20 05 21.584      55.4
237
2013 04 20 13 19 44.242     2013 04 20 13 22 20.232     156.0
238
2013 04 20 11 40 58.483     2013 04 20 11 44 33.731     215.2
239
240
241
2013 04 20 13 19 32.548     2013 04 20 13 23  4.085     211.5
242
2013 04 20 15 01 48.366     2013 04 20 15 04 26.304     157.9
2013 04 20 19 56 35.420     2013 04 20 19 57 34.432      59.0
2013 04 20 21 34 45.350     2013 04 20 21 38 20.242     214.9
243
2013 04 20 11 50 20.397     2013 04 20 11 53  2.263     161.9
2013 04 20 18 25 36.248     2013 04 20 18 29 22.369     226.1
244
2013 04 20 13 15  6.134     2013 04 20 13 17 57.365     171.2
245
2013 04 20 13 23 47.536     2013 04 20 13 24 23.771      36.2
246
2013 04 20 21 48 32.369     2013 04 20 21 51  5.898     153.5
247
2013 04 20 21 45 14.759     2013 04 20 21 46 21.048      66.3
248
2013 04 20 21 47 25.755     2013 04 20 21 51  5.626     219.9
249
2013 04 20 21 47 29.357     2013 04 20 21 50 34.523     185.2
250
2013 04 20 23 15  5.798     2013 04 20 23 18 38.574     212.8
251
2013 04 20 21 40 11.867     2013 04 20 21 40 17.816       5.9
252
2013 04 20 10 03 40.338     2013 04 20 10 07  4.448     204.1
253
2013 04 20 15 01 46.899     2013 04 20 15 04 29.625     162.7
2013 04 20 19 56 29.748     2013 04 20 20 00 15.273     225.5
2013 04 20 21 34 29.785     2013 04 20 21 38  8.780     219.0
254
2013 04 20 13 14 37.270     2013 04 20 13 17 19.482     162.2
255
2013 04 20 13 22 17.546     2013 04 20 13 23 16.672      59.1
256
2013 04 20 11 46 22.148     2013 04 20 11 49 36.069     193.9
2013 04 20 20 06 27.937     2013 04 20 20 06 53.383      25.4
257
2013 04 20 23 22 20.200     2013 04 20 23 24 55.701     155.5
258
2013 04 20 11 42 21.961     2013 04 20 11 45 38.665     196.7
2013 04 20 21 44 48.564     2013 04 20 21 47 24.702     156.1
259
2013 04 20 11 47 11.085     2013 04 20 11 49 58.753     167.7
2013 04 20 20 03 33.274     2013 04 20 20 06 41.826     188.6
260
2013 04 20 11 36 49.240     2013 04 20 11 39 28.400     159.2
2013 04 20 23 24 29.184     2013 04 20 23 27 12.844     163.7
261
2013 04 20 13 26 35.001     2013 04 20 13 29 33.385     178.4
2013 04 20 19 59 50.443     2013 04 20 20 02 52.898     182.5
262
2013 04 20 10 07 37.090     2013 04 20 10 10 15.654     158.6
2013 04 20 20 09  4.556     2013 04 20 20 12  6.135     181.6
263
2013 04 20 14 59 11.977     2013 04 20 15 01 52.256     160.3
2013 04 20 21 38 38.576     2013 04 20 21 38 40.549       2.0
264
2013 04 20 10 03 38.371     2013 04 20 10 07 20.297     221.9
2013 04 20 21 47 22.520     2013 04 20 21 47 26.291       3.8
265
266
2013 04 20 11 44 29.208     2013 04 20 11 47  4.283     155.1
2013 04 20 21 42 31.919     2013 04 20 21 43 38.646      66.7
267
2013 04 20 20 05 35.399     2013 04 20 20 09  8.005     212.6
268
2013 04 20 13 26 47.780     2013 04 20 13 29 25.285     157.5
2013 04 20 20 00 29.468     2013 04 20 20 03 29.079     179.6
269
2013 04 20 14 59 26.786     2013 04 20 15 03 15.016     228.2
2013 04 20 21 36  1.991     2013 04 20 21 39 12.823     190.8
270
2013 04 20 11 41 43.269     2013 04 20 11 42 34.858      51.6
2013 04 20 21 45 22.789     2013 04 20 21 47 57.715     154.9
271
2013 04 20 11 50 19.242     2013 04 20 11 52 56.992     157.7
2013 04 20 18 25 23.669     2013 04 20 18 29 12.852     229.2
272
2013 04 20 10 11  5.785     2013 04 20 10 14  9.559     183.8
273
2013 04 20 11 42 35.972     2013 04 20 11 45 49.403     193.4
2013 04 20 21 44 38.757     2013 04 20 21 47 19.692     160.9
274
2013 04 20 11 41 23.464     2013 04 20 11 44 39.692     196.2
2013 04 20 21 46  3.531     2013 04 20 21 46 44.839      41.3
275
2013 04 20 10 07 23.330     2013 04 20 10 09 59.141     155.8
2013 04 20 20 09 34.712     2013 04 20 20 12 38.953     184.2
276
277
2013 04 20 23 20 32.561     2013 04 20 23 24 15.696     223.1
278
2013 04 20 13 12 42.776     2013 04 20 13 16 28.951     226.2
279
2013 04 20 13 21 22.368     2013 04 20 13 24   .233     157.9
2013 04 20 21 38 38.645     2013 04 20 21 42 14.720     216.1
280
2013 04 20 11 40 16.596     2013 04 20 11 40 50.742      34.1
281
2013 04 20 21 36 43.397     2013 04 20 21 40 17.176     213.8
282
2013 04 20 10 11 10.009     2013 04 20 10 14 30.362     200.4
283
2013 04 20 23 20 36.357     2013 04 20 23 23 50.254     193.9
284
2013 04 20 13 17 17.276     2013 04 20 13 20 35.515     198.2
2013 04 20 23 19  8.978     2013 04 20 23 21 57.156     168.2
285
2013 04 20 13 25 52.211     2013 04 20 13 28 30.700     158.5
2013 04 20 20 00 23.591     2013 04 20 20 03  3.889     160.3
286
287
2013 04 20 13 26 57.074     2013 04 20 13 28 39.799     102.7
2013 04 20 20 01 28.176     2013 04 20 20 03 34.910     126.7
288
2013 04 20 23 21 14.096     2013 04 20 23 21 31.229      17.1
289
2013 04 20 21 41 56.147     2013 04 20 21 44 44.673     168.5
290
2013 04 20 11 37 56.240     2013 04 20 11 41 32.573     216.3
2013 04 20 23 22 21.333     2013 04 20 23 23 51.117      89.8
291
2013 04 20 11 40 14.107     2013 04 20 11 43  6.393     172.3
292
2013 04 20 13 23 10.504     2013 04 20 13 24 36.056      85.6
2013 04 20 21 39  5.762     2013 04 20 21 39 34.930      29.2
293
2013 04 20 11 40 51.395     2013 04 20 11 43 42.950     171.6
294
2013 04 20 20 09 49.439     2013 04 20 20 09 57.733       8.3
295
2013 04 20 13 24  5.224     2013 04 20 13 26 59.754     174.5
296
2013 04 20 13 12 43.186     2013 04 20 13 16  1.034     197.8
297
2013 04 20 13 18 22.328     2013 04 20 13 21 51.538     209.2
2013 04 20 23 16 37.805     2013 04 20 23 19 38.975     181.2
298
2013 04 20 11 43 34.935     2013 04 20 11 47  3.460     208.5
2013 04 20 21 43 43.117     2013 04 20 21 44 34.537      51.4
299
300
2013 04 20 11 47 22.503     2013 04 20 11 50 35.689     193.2
2013 04 20 20 05  4.451     2013 04 20 20 07 41.764     157.3
301
2013 04 20 11 43 41.620     2013 04 20 11 47  5.816     204.2
2013 04 20 21 43 36.094     2013 04 20 21 44 10.095      34.0
302
2013 04 20 11 46 54.835     2013 04 20 11 49 31.997     157.2
2013 04 20 20 04  5.218     2013 04 20 20 07 32.654     207.4
303
2013 04 20 13 19 20.955     2013 04 20 13 21 56.757     155.8
304
2013 04 20 11 49  8.805     2013 04 20 11 49 36.586      27.8
2013 04 20 20 01 41.986     2013 04 20 20 01 54.519      12.5
305
2013 04 20 10 03 12.312     2013 04 20 10 06 49.816     217.5
306
2013 04 20 11 37 11.391     2013 04 20 11 40 50.866     219.5
2013 04 20 23 23  6.565     2013 04 20 23 26  6.023     179.5
307
2013 04 20 23 20 49.424     2013 04 20 23 23 39.404     170.0
308
309
2013 04 20 11 39 59.504     2013 04 20 11 42 39.596     160.1
310
2013 04 20 11 48 58.071     2013 04 20 11 52  7.861     189.8
2013 04 20 20 02 41.672     2013 04 20 20 06  9.302     207.6
311
2013 04 20 21 36 42.597     2013 04 20 21 39 31.083     168.5
312
2013 04 20 13 28 51.696     2013 04 20 13 32  2.860     191.2
2013 04 20 18 24 19.182     2013 04 20 18 26 56.824     157.6
313
2013 04 20 20 12 56.486     2013 04 20 20 15 45.457     169.0
314
2013 04 20 14 59  7.870     2013 04 20 15 02 12.941     185.1
2013 04 20 21 38 38.330     2013 04 20 21 39  6.593      28.3
315
2013 04 20 11 44 13.822     2013 04 20 11 47 33.600     199.8
316
2013 04 20 13 20 26.944     2013 04 20 13 23 22.466     175.5
317
2013 04 20 11 47 17.138     2013 04 20 11 47 56.131      39.0
2013 04 20 21 41 27.878     2013 04 20 21 44 41.989     194.1
318
2013 04 20 11 46 32.473     2013 04 20 11 49 56.346     203.9
2013 04 20 20 02 46.681     2013 04 20 20 06 31.961     225.3
319
2013 04 20 11 50 10.547     2013 04 20 11 53 48.456     217.9
2013 04 20 18 26 37.466     2013 04 20 18 30  4.802     207.3
320
2013 04 20 13 21 15.864     2013 04 20 13 24  4.274     168.4
2013 04 20 21 37 50.928     2013 04 20 21 41 40.932     230.0
321
2013 04 20 11 50 37.670     2013 04 20 11 54  4.815     207.1
2013 04 20 18 24 53.181     2013 04 20 18 27 38.655     165.5
322
2013 04 20 13 15 46.184     2013 04 20 13 18 30.192     164.0
323
324
2013 04 20 11 48 11.936     2013 04 20 11 50 48.623     156.7
2013 04 20 20 04 11.846     2013 04 20 20 06 49.837     158.0
325
2013 04 20 13 21 41.291     2013 04 20 13 24 30.415     169.1
2013 04 20 21 39 10.612     2013 04 20 21 42 10.307     179.7
326
2013 04 20 11 50 19.120     2013 04 20 11 53  5.042     165.9
2013 04 20 18 24 59.218     2013 04 20 18 28 35.634     216.4
327
2013 04 20 23 21  1.789     2013 04 20 23 23 39.865     158.1
328
2013 04 20 11 48 23.883     2013 04 20 11 51 59.375     215.5
2013 04 20 20 02 41.891     2013 04 20 20 05 39.493     177.6
329
2013 04 20 23 20 37.174     2013 04 20 23 23 18.304     161.1
330
2013 04 20 21 41   .383     2013 04 20 21 44 46.013     225.6
331
2013 04 20 20 06 47.124     2013 04 20 20 09 36.268     169.1
332
2013 04 20 10 06  4.096     2013 04 20 10 08 39.625     155.5
333
2013 04 20 10 05 48.036     2013 04 20 10 09 16.637     208.6
334
2013 04 20 13 17  2.834     2013 04 20 13 20  1.043     178.2
2013 04 20 23 17 45.714     2013 04 20 23 20 33.488     167.8
335
2013 04 20 20 06 56.043     2013 04 20 20 07  6.088      10.0
336
2013 04 20 11 49 10.276     2013 04 20 11 50 13.152      62.9
2013 04 20 20 02 21.206     2013 04 20 20 03 44.162      83.0
337
2013 04 20 11 46 21.968     2013 04 20 11 47  3.254      41.3
2013 04 20 20 05 34.345     2013 04 20 20 08 30.789     176.4
338
2013 04 20 11 37 39.717     2013 04 20 11 40 20.459     160.7
2013 04 20 23 24   .613     2013 04 20 23 24 20.797      20.2
339
2013 04 20 20 11 54.720     2013 04 20 20 14 47.050     172.3
340
2013 04 20 13 25  6.000     2013 04 20 13 28 46.140     220.1
2013 04 20 20 01 29.814     2013 04 20 20 04 28.938     179.1
341
2013 04 20 11 41 51.089     2013 04 20 11 44 28.087     157.0
2013 04 20 21 43 39.532     2013 04 20 21 47  3.075     203.5
342
2013 04 20 11 49 54.864     2013 04 20 11 52 47.174     172.3
343
2013 04 20 20 05 42.758     2013 04 20 20 08 27.315     164.6
344
2013 04 20 11 41  6.166     2013 04 20 11 44 36.047     209.9
2013 04 20 21 45 13.091     2013 04 20 21 48 15.029     181.9
345
2013 04 20 13 15   .954     2013 04 20 13 17 50.453     169.5
346
2013 04 20 11 49 22.959     2013 04 20 11 50 26.519      63.6
2013 04 20 20 02 29.166     2013 04 20 20 06   .746     211.6
347
2013 04 20 11 48 43.448     2013 04 20 11 48 46.067       2.6
2013 04 20 21 40 35.993     2013 04 20 21 40 56.085      20.1
348
2013 04 20 13 13 22.399     2013 04 20 13 16 50.953     208.6
349
2013 04 20 11 46 16.564     2013 04 20 11 46 48.094      31.5
2013 04 20 21 42 14.024     2013 04 20 21 44 49.599     155.6
350
2013 04 20 11 43 21.368     2013 04 20 11 45 59.270     157.9
2013 04 20 21 43 23.546     2013 04 20 21 46  2.818     159.3
351
2013 04 20 13 17 51.376     2013 04 20 13 20 34.620     163.2
2013 04 20 23 18 30.191     2013 04 20 23 21 19.511     169.3
352
2013 04 20 11 50 53.178     2013 04 20 11 51 33.044      39.9
2013 04 20 13 28 58.157     2013 04 20 13 32 33.081     214.9
2013 04 20 18 24 41.779     2013 04 20 18 27 20.663     158.9
353
2013 04 20 10 05 30.958     2013 04 20 10 05 44.150      13.2
2013 04 20 21 48 51.812     2013 04 20 21 51 25.495     153.7
354
2013 04 20 11 38 44.044     2013 04 20 11 41 17.976     153.9
355
2013 04 20 13 21 51.943     2013 04 20 13 25  7.879     195.9
2013 04 20 21 39 40.868     2013 04 20 21 42 19.219     158.4
356
2013 04 20 11 40 22.386     2013 04 20 11 43  4.280     161.9
357
358
2013 04 20 11 43 55.449     2013 04 20 11 47 29.790     214.3
359
2013 04 20 21 47 44.187     2013 04 20 21 51 18.200     214.0
360
2013 04 20 21 51 53.435     2013 04 20 21 52  6.241      12.8
361
362
2013 04 20 23 16 39.447     2013 04 20 23 19 17.175     157.7
363
2013 04 20 14 58 16.234     2013 04 20 14 59 22.159      65.9
364
2013 04 20 13 13 32.502     2013 04 20 13 16 23.196     170.7
365
2013 04 20 21 44 54.027     2013 04 20 21 48  6.518     192.5
366
2013 04 20 21 49 42.568     2013 04 20 21 50 36.200      53.6
367
2013 04 20 20 09 45.422     2013 04 20 20 10 20.943      35.5
368
2013 04 20 10 06 54.406     2013 04 20 10 09 36.114     161.7
2013 04 20 20 11 43.443     2013 04 20 20 12 45.068      61.6
369
2013 04 20 13 19 49.214     2013 04 20 13 22 42.639     173.4
370
2013 04 20 20 02 14.137     2013 04 20 20 04 56.762     162.6
371
2013 04 20 11 40   .737     2013 04 20 11 43 13.118     192.4
372
2013 04 20 11 50 26.540     2013 04 20 11 51 18.064      51.5
2013 04 20 20 02 44.195     2013 04 20 20 05 24.792     160.6
373
2013 04 20 11 40 57.183     2013 04 20 11 43 37.817     160.6
374
2013 04 20 21 46 34.460     2013 04 20 21 49  9.481     155.0
375
2013 04 20 23 22 42.361     2013 04 20 23 25 16.973     154.6
376
2013 04 20 23 22 19.697     2013 04 20 23 25 56.105     216.4
377
2013 04 20 23 16 23.052     2013 04 20 23 18 59.483     156.4
378
2013 04 20 10 03 44.667     2013 04 20 10 06 20.580     155.9
379
2013 04 20 21 40 54.005     2013 04 20 21 43 43.080     169.1
380
2013 04 20 11 50 16.919     2013 04 20 11 51  2.489      45.6
2013 04 20 18 27  6.517     2013 04 20 18 30 10.915     184.4
381
2013 04 20 13 18 18.925     2013 04 20 13 18 51.647      32.7
382
2013 04 20 13 25 21.414     2013 04 20 13 28   .086     158.7
2013 04 20 20 00 24.557     2013 04 20 20 03 33.147     188.6
383
2013 04 20 21 46 36.260     2013 04 20 21 50  9.994     213.7
384
2013 04 20 20 05 34.859     2013 04 20 20 09 22.588     227.7
385
2013 04 20 10 01 57.139     2013 04 20 10 05 34.682     217.5
2013 04 20 21 49  6.073     2013 04 20 21 51 40.983     154.9
386
2013 04 20 11 47 25.206     2013 04 20 11 50 19.672     174.5
2013 04 20 20 04 47.302     2013 04 20 20 07 28.917     161.6
387
2013 04 20 10 03 13.539     2013 04 20 10 06 17.203     183.7
2013 04 20 21 48 28.081     2013 04 20 21 52  5.176     217.1
388
2013 04 20 10 09  2.994     2013 04 20 10 11 43.220     160.2
2013 04 20 20 08 33.538     2013 04 20 20 11 21.923     168.4
389
2013 04 20 10 05 35.183     2013 04 20 10 08 39.430     184.2
390
2013 04 20 15 00 57.462     2013 04 20 15 03 34.840     157.4
2013 04 20 21 35 10.020     2013 04 20 21 37 50.645     160.6
391
2013 04 20 13 17 52.132     2013 04 20 13 20 47.942     175.8
2013 04 20 23 18 34.976     2013 04 20 23 21 36.568     181.6
392
393
2013 04 20 13 20 46.356     2013 04 20 13 23 57.416     191.1
394
2013 04 20 23 22 17.777     2013 04 20 23 25 16.342     178.6
395
2013 04 20 21 40 28.610     2013 04 20 21 43 45.356     196.7
396
2013 04 20 11 44 56.301     2013 04 20 11 47 38.190     161.9
397
2013 04 20 11 40 50.004     2013 04 20 11 44  1.284     191.3
2013 04 20 21 44 51.868     2013 04 20 21 48 32.066     220.2
398
2013 04 20 20 13  9.686     2013 04 20 20 16 45.315     215.6
399
400
2013 04 20 13 21  8.146     2013 04 20 13 24 21.975     193.8
2013 04 20 21 39 27.272     2013 04 20 21 42 46.627     199.4
401
2013 04 20 14 59 36.627     2013 04 20 15 02 14.770     158.1
2013 04 20 21 34 26.112     2013 04 20 21 37 57.939     211.8
402
2013 04 20 20 06  7.785     2013 04 20 20 09 17.278     189.5
403
2013 04 20 20 12 22.764     2013 04 20 20 15 20.898     178.1
404
2013 04 20 13 16 44.073     2013 04 20 13 19 31.263     167.2
2013 04 20 23 19  5.898     2013 04 20 23 21 47.646     161.7
405
2013 04 20 10 08  8.951     2013 04 20 10 11 22.075     193.1
2013 04 20 20 08 21.150     2013 04 20 20 10 59.574     158.4
406
2013 04 20 21 46 53.311     2013 04 20 21 49 32.518     159.2
407
2013 04 20 10 07 46.247     2013 04 20 10 11  7.821     201.6
2013 04 20 20 08 15.930     2013 04 20 20 11  7.801     171.9
408
2013 04 20 11 49 16.172     2013 04 20 11 51 58.411     162.2
2013 04 20 20 03  3.497     2013 04 20 20 06 45.426     221.9
409
2013 04 20 11 45  6.663     2013 04 20 11 47 51.974     165.3
410
2013 04 20 11 41  4.424     2013 04 20 11 43 38.575     154.2
411
2013 04 20 13 15 22.050     2013 04 20 13 18 49.872     207.8
412
2013 04 20 13 12  8.469     2013 04 20 13 12 27.238      18.8
413
2013 04 20 21 46 16.898     2013 04 20 21 49 58.337     221.4
414
2013 04 20 14 59 50.709     2013 04 20 15 02 43.142     172.4
2013 04 20 21 35 20.365     2013 04 20 21 38 29.917     189.6
415
416
2013 04 20 13 27 55.916     2013 04 20 13 31 41.383     225.5
2013 04 20 18 24  7.807     2013 04 20 18 27 14.778     187.0
417
2013 04 20 15 00 45.545     2013 04 20 15 03 25.652     160.1
2013 04 20 21 35 24.040     2013 04 20 21 38  1.290     157.2
418
2013 04 20 13 27 21.071     2013 04 20 13 31  4.642     223.6
2013 04 20 18 23 27.278     2013 04 20 18 27 21.254     234.0
419
2013 04 20 23 21 25.136     2013 04 20 23 24 10.256     165.1
420
2013 04 20 11 37 47.361     2013 04 20 11 41  6.048     198.7
2013 04 20 23 22 47.991     2013 04 20 23 26 25.154     217.2
421
2013 04 20 13 22  9.957     2013 04 20 13 25 16.825     186.9
2013 04 20 21 39 32.544     2013 04 20 21 42  8.344     155.8
422
2013 04 20 10 11 51.087     2013 04 20 10 11 59.222       8.1
2013 04 20 20 07 38.714     2013 04 20 20 10 22.778     164.1
423
2013 04 20 23 21  1.971     2013 04 20 23 24  2.647     180.7
424
425
2013 04 20 11 51 35.139     2013 04 20 11 54 24.367     169.2
2013 04 20 18 26 30.606     2013 04 20 18 29  7.836     157.2
426
2013 04 20 10 06 30.428     2013 04 20 10 07 30.147      59.7
427
2013 04 20 13 25 15.987     2013 04 20 13 28 10.025     174.0
2013 04 20 20 00 48.000     2013 04 20 20 03 57.378     189.4
428
2013 04 20 13 21 44.016     2013 04 20 13 24 23.515     159.5
2013 04 20 21 38 19.463     2013 04 20 21 41 31.696     192.2
429
2013 04 20 14 58 22.374     2013 04 20 15 02   .411     218.0
430
2013 04 20 23 15 31.021     2013 04 20 23 18 36.690     185.7
431
2013 04 20 11 42 50.023     2013 04 20 11 44  9.537      79.5
2013 04 20 21 44 28.539     2013 04 20 21 47 53.844     205.3
432
2013 04 20 21 47 23.603     2013 04 20 21 50 47.468     203.9
433
2013 04 20 11 45 56.865     2013 04 20 11 48 34.097     157.2
434
2013 04 20 10 10 44.617     2013 04 20 10 14  3.873     199.3
435
2013 04 20 20 05 20.327     2013 04 20 20 08 34.485     194.2
436
2013 04 20 21 46  7.149     2013 04 20 21 46 33.036      25.9
437
2013 04 20 13 27 44.080     2013 04 20 13 30 35.557     171.5
2013 04 20 18 23  2.448     2013 04 20 18 26 31.880     209.4
438
2013 04 20 23 21  6.770     2013 04 20 23 24 44.251     217.5
439
2013 04 20 15 03 47.258     2013 04 20 15 07   .531     193.3
2013 04 20 19 59  2.046     2013 04 20 20 01 45.600     163.6
440
2013 04 20 15 00 19.029     2013 04 20 15 03 11.357     172.3
2013 04 20 21 35 36.873     2013 04 20 21 38 19.880     163.0
441
2013 04 20 11 46   .349     2013 04 20 11 49 16.051     195.7
2013 04 20 20 08 22.670     2013 04 20 20 08 44.836      22.2
442
2013 04 20 10 05 21.091     2013 04 20 10 07 59.595     158.5
443
2013 04 20 11 46 52.881     2013 04 20 11 49 31.122     158.2
2013 04 20 20 03 39.573     2013 04 20 20 07 15.145     215.6
444
2013 04 20 21 40 36.891     2013 04 20 21 43 37.444     180.6
445
2013 04 20 10 06 36.266     2013 04 20 10 10  1.380     205.1
2013 04 20 20 10 35.170     2013 04 20 20 13 36.776     181.6
446
2013 04 20 11 49 37.845     2013 04 20 11 53  2.278     204.4
447
448
2013 04 20 20 05 44.129     2013 04 20 20 05 44.959        .8
449
2013 04 20 13 23 51.786     2013 04 20 13 27  7.144     195.4
450
2013 04 20 21 36  8.143     2013 04 20 21 39 40.811     212.7
451
2013 04 20 11 42 52.387     2013 04 20 11 45 27.682     155.3
2013 04 20 21 43 58.627     2013 04 20 21 46 32.967     154.3
452
2013 04 20 10 03 47.530     2013 04 20 10 06 36.094     168.6
453
2013 04 20 13 20 22.556     2013 04 20 13 23  4.954     162.4
454
2013 04 20 13 28 45.603     2013 04 20 13 31 39.273     173.7
2013 04 20 18 23 58.173     2013 04 20 18 26 36.456     158.3
455
2013 04 20 11 47 40.241     2013 04 20 11 50 37.327     177.1
2013 04 20 20 03 31.025     2013 04 20 20 06 11.709     160.7
456
2013 04 20 13 15 36.675     2013 04 20 13 17 45.052     128.4
2013 04 20 23 20  1.485     2013 04 20 23 22 53.139     171.7
457
2013 04 20 13 25 11.661     2013 04 20 13 29   .292     228.6
2013 04 20 20 01 40.689     2013 04 20 20 04 30.860     170.2
458
2013 04 20 11 46 54.432     2013 04 20 11 49 33.311     158.9
2013 04 20 20 04 10.984     2013 04 20 20 07 36.451     205.5
459
2013 04 20 10 10 47.957     2013 04 20 10 11 13.849      25.9
2013 04 20 20 07 39.644     2013 04 20 20 11  2.746     203.1
460
2013 04 20 11 43  1.740     2013 04 20 11 43 17.542      15.8
2013 04 20 21 44 13.050     2013 04 20 21 45  5.374      52.3
461
2013 04 20 13 20 48.366     2013 04 20 13 23 52.778     184.4
2013 04 20 21 41 59.370     2013 04 20 21 43  3.258      63.9
462
2013 04 20 11 41 28.216     2013 04 20 11 41 38.334      10.1
2013 04 20 21 42 19.516     2013 04 20 21 46  4.630     225.1
463
464
2013 04 20 10 13 48.910     2013 04 20 10 14  8.541      19.6
2013 04 20 20 06  4.183     2013 04 20 20 06 17.773      13.6
465
2013 04 20 13 19  6.267     2013 04 20 13 22 30.246     204.0
466
2013 04 20 11 50 39.722     2013 04 20 11 54 14.150     214.4
2013 04 20 13 28 22.141     2013 04 20 13 28 38.596      16.5
2013 04 20 18 24 50.898     2013 04 20 18 27 32.651     161.8
467
2013 04 20 11 38 49.123     2013 04 20 11 42   .382     191.3
468
2013 04 20 13 18 12.968     2013 04 20 13 20 50.360     157.4
2013 04 20 23 17 46.565     2013 04 20 23 20 37.208     170.6
469
2013 04 20 10 04 15.516     2013 04 20 10 05 37.434      81.9
470
2013 04 20 20 05 34.686     2013 04 20 20 06  5.823      31.1
471
2013 04 20 14 59 10.722     2013 04 20 15 02  6.347     175.6
2013 04 20 21 38 35.401     2013 04 20 21 38 58.517      23.1
472
2013 04 20 13 13 39.725     2013 04 20 13 13 58.913      19.2
473
2013 04 20 21 47 32.933     2013 04 20 21 51  6.854     213.9
474
2013 04 20 11 41 57.677     2013 04 20 11 45 11.128     193.5
2013 04 20 21 42 54.415     2013 04 20 21 46 10.745     196.3
475
2013 04 20 10 08  3.297     2013 04 20 10 10 48.875     165.6
2013 04 20 20 08 51.968     2013 04 20 20 11 33.911     161.9
476
2013 04 20 11 46  3.302     2013 04 20 11 49 20.865     197.6
2013 04 20 20 07 54.909     2013 04 20 20 08 41.974      47.1
477
2013 04 20 13 16 32.030     2013 04 20 13 19  8.332     156.3
2013 04 20 23 18 17.474     2013 04 20 23 21 32.218     194.7
478
2013 04 20 13 26 50.277     2013 04 20 13 29 53.605     183.3
2013 04 20 20 01  8.222     2013 04 20 20 04 19.276     191.1
479
2013 04 20 13 22 20.718     2013 04 20 13 22 46.789      26.1
2013 04 20 23 15 45.908     2013 04 20 23 19 16.510     210.6
480
2013 04 20 11 43 47.674     2013 04 20 11 47 13.641     206.0
2013 04 20 21 43 28.772     2013 04 20 21 43 30.519       1.7
481
2013 04 20 10 09 51.459     2013 04 20 10 13 17.113     205.7
2013 04 20 20 06 54.719     2013 04 20 20 10 40.815     226.1
482
2013 04 20 11 51 18.537     2013 04 20 11 54 30.432     191.9
2013 04 20 18 25 12.016     2013 04 20 18 27 50.498     158.5
483
2013 04 20 21 47  9.176     2013 04 20 21 50 18.171     189.0
484
485
2013 04 20 11 48 54.271     2013 04 20 11 52   .721     186.4
2013 04 20 20 02 48.782     2013 04 20 20 06  9.587     200.8
486
2013 04 20 13 28 50.609     2013 04 20 13 32  4.826     194.2
2013 04 20 18 24 21.476     2013 04 20 18 26 59.109     157.6
487
2013 04 20 13 15 55.564     2013 04 20 13 17  7.236      71.7
2013 04 20 23 20  3.555     2013 04 20 23 22 40.452     156.9
488
2013 04 20 13 21 13.772     2013 04 20 13 24 10.749     177.0
2013 04 20 21 39  9.720     2013 04 20 21 42 36.792     207.1
489
2013 04 20 13 14 46.313     2013 04 20 13 17 45.982     179.7
490
491
2013 04 20 21 36 32.702     2013 04 20 21 39 29.348     176.6
492
2013 04 20 11 46 44.760     2013 04 20 11 49 47.308     182.5
2013 04 20 20 03  6.547     2013 04 20 20 06 44.725     218.2
493
2013 04 20 21 39 56.932     2013 04 20 21 43 34.351     217.4
494
2013 04 20 20 05 37.233     2013 04 20 20 09  5.643     208.4
495
496
2013 04 20 23 15 46.317     2013 04 20 23 18 42.038     175.7
497
2013 04 20 20 12 39.851     2013 04 20 20 15 27.541     167.7
498
2013 04 20 10 04 44.191     2013 04 20 10 07 18.378     154.2
499
2013 04 20 11 51   .040     2013 04 20 11 54 25.636     205.6
2013 04 20 13 28 38.407     2013 04 20 13 28 51.939      13.5
2013 04 20 18 25   .974     2013 04 20 18 27 38.483     157.5
