s2
0
2013 04 20 13 51 22.072     2013 04 20 13 54 32.623     190.6
2013 04 20 22 07 30.773     2013 04 20 22 10 40.910     190.1
1
2013 04 20 00 11  4.348     2013 04 20 00 14 18.149     193.8
2
2013 04 20 13 50  8.148     2013 04 20 13 50 28.401      20.3
2013 04 20 22 05 42.584     2013 04 20 22 08 27.895     165.3
3
2013 04 20 22 14 42.679     2013 04 20 22 18 23.196     220.5
4
2013 04 20 13 53 19.135     2013 04 20 13 54 37.279      78.1
2013 04 20 20 30   .814     2013 04 20 20 33  1.786     181.0
5
2013 04 20 12 14 29.689     2013 04 20 12 17  6.318     156.6
6
2013 04 20 22 09 11.722     2013 04 20 22 12 43.694     212.0
7
2013 04 20 12 10 12.262     2013 04 20 12 12 58.610     166.3
2013 04 20 22 12 53.381     2013 04 20 22 15 50.945     177.6
8
2013 04 20 10 35  2.537     2013 04 20 10 38  6.644     184.1
9
2013 04 20 12 16 57.196     2013 04 20 12 19 39.796     162.6
2013 04 20 20 32 34.058     2013 04 20 20 35 33.048     179.0
10
2013 04 20 00 11  3.433     2013 04 20 00 14 14.842     191.4
11
2013 04 20 13 54 41.589     2013 04 20 13 57 42.138     180.5
2013 04 20 20 28 14.279     2013 04 20 20 31  3.814     169.5
12
2013 04 20 12 14 36.048     2013 04 20 12 17 13.208     157.2
13
2013 04 20 22 05  6.755     2013 04 20 22 08 25.821     199.1
14
2013 04 20 12 10 47.810     2013 04 20 12 14  9.207     201.4
2013 04 20 22 13  9.477     2013 04 20 22 15 49.291     159.8
15
2013 04 20 13 51 16.190     2013 04 20 13 54 56.558     220.4
2013 04 20 22 07 41.635     2013 04 20 22 11  8.549     206.9
16
17
2013 04 20 10 31 39.120     2013 04 20 10 34 12.291     153.2
2013 04 20 22 17 25.644     2013 04 20 22 18 28.466      62.8
18
2013 04 20 12 16 16.869     2013 04 20 12 18 52.616     155.7
2013 04 20 20 32 32.462     2013 04 20 20 35  9.542     157.1
19
2013 04 20 10 33 16.273     2013 04 20 10 35 49.544     153.3
20
2013 04 20 13 53 18.482     2013 04 20 13 56 47.678     209.2
2013 04 20 20 29 34.184     2013 04 20 20 32 50.452     196.3
21
2013 04 20 12 16 37.846     2013 04 20 12 19 21.930     164.1
2013 04 20 20 32 47.423     2013 04 20 20 35 31.171     163.7
22
2013 04 20 12 16 44.285     2013 04 20 12 19 42.465     178.2
2013 04 20 20 31 41.417     2013 04 20 20 34 26.664     165.2
23
2013 04 20 00 14 13.868     2013 04 20 00 17 21.544     187.7
2013 04 20 12 05 25.346     2013 04 20 12 07 59.956     154.6
24
2013 04 20 15 28 27.917     2013 04 20 15 32  7.557     219.6
2013 04 20 22 04 38.060     2013 04 20 22 07 18.108     160.0
25
2013 04 20 20 33 40.480     2013 04 20 20 37 24.811     224.3
26
2013 04 20 15 31 37.139     2013 04 20 15 34 54.251     197.1
2013 04 20 20 27 14.890     2013 04 20 20 29 53.966     159.1
27
2013 04 20 12 07  1.611     2013 04 20 12 09 54.201     172.6
28
2013 04 20 12 16 37.971     2013 04 20 12 19 18.605     160.6
2013 04 20 20 32 42.819     2013 04 20 20 35 25.013     162.2
29
2013 04 20 10 31 32.532     2013 04 20 10 34 39.678     187.1
2013 04 20 22 16 49.421     2013 04 20 22 20 22.741     213.3
30
2013 04 20 22 08 41.202     2013 04 20 22 08 48.600       7.4
31
32
2013 04 20 12 08 14.300     2013 04 20 12 10 54.807     160.5
33
2013 04 20 10 36 41.822     2013 04 20 10 39 30.541     168.7
2013 04 20 20 38  4.045     2013 04 20 20 40 43.437     159.4
34
2013 04 20 08 56 32.000     2013 04 20 08 59 40.018     188.0
2013 04 20 20 42 42.094     2013 04 20 20 45 46.154     184.1
35
2013 04 20 13 53  6.128     2013 04 20 13 56 24.601     198.5
2013 04 20 20 27 33.394     2013 04 20 20 30 53.526     200.1
36
2013 04 20 12 11 24.947     2013 04 20 12 14 25.282     180.3
2013 04 20 22 11 22.840     2013 04 20 22 13 58.014     155.2
37
2013 04 20 20 35 14.555     2013 04 20 20 37 50.297     155.7
38
2013 04 20 12 15 31.444     2013 04 20 12 18 23.994     172.5
2013 04 20 20 31 48.301     2013 04 20 20 34 57.509     189.2
39
2013 04 20 12 17 38.518     2013 04 20 12 21 23.490     225.0
40
2013 04 20 12 15 57.137     2013 04 20 12 18 46.242     169.1
2013 04 20 20 31 59.776     2013 04 20 20 34 45.285     165.5
41
2013 04 20 22 15 27.406     2013 04 20 22 19   .637     213.2
42
2013 04 20 10 37 56.411     2013 04 20 10 41 18.174     201.8
2013 04 20 20 35 37.934     2013 04 20 20 39   .856     202.9
43
2013 04 20 20 42  3.725     2013 04 20 20 44 44.010     160.3
44
2013 04 20 00 10 23.458     2013 04 20 00 10 58.611      35.2
45
2013 04 20 12 07 59.349     2013 04 20 12 10 34.684     155.3
46
2013 04 20 12 06 44.284     2013 04 20 12 07 28.179      43.9
47
2013 04 20 20 41  6.188     2013 04 20 20 44 14.870     188.7
48
2013 04 20 12 09 38.838     2013 04 20 12 12 16.245     157.4
2013 04 20 22 15 52.887     2013 04 20 22 16  1.324       8.4
49
2013 04 20 08 57 52.361     2013 04 20 08 58 57.967      65.6
2013 04 20 20 42 57.337     2013 04 20 20 45 38.102     160.8
50
2013 04 20 10 32 57.418     2013 04 20 10 35 36.994     159.6
51
2013 04 20 12 11 36.953     2013 04 20 12 14 11.181     154.2
2013 04 20 22 12   .441     2013 04 20 22 14 39.080     158.6
52
2013 04 20 13 51 52.447     2013 04 20 13 55 40.977     228.5
2013 04 20 22 04 57.594     2013 04 20 22 08 44.503     226.9
53
2013 04 20 00 12  8.235     2013 04 20 00 15 53.991     225.8
2013 04 20 12 09 12.285     2013 04 20 12 09 59.309      47.0
54
2013 04 20 12 18 44.604     2013 04 20 12 21 32.796     168.2
2013 04 20 18 53 21.829     2013 04 20 18 56 50.626     208.8
55
2013 04 20 20 33 37.777     2013 04 20 20 34 25.232      47.5
56
2013 04 20 22 16 35.364     2013 04 20 22 19 16.797     161.4
57
2013 04 20 12 16 40.703     2013 04 20 12 19 28.668     168.0
2013 04 20 20 31 55.798     2013 04 20 20 34 37.051     161.3
58
59
2013 04 20 10 38 28.231     2013 04 20 10 41 26.651     178.4
60
61
2013 04 20 12 19 18.484     2013 04 20 12 21 55.658     157.2
2013 04 20 18 54 13.080     2013 04 20 18 57 11.266     178.2
62
63
2013 04 20 12 15  1.466     2013 04 20 12 17 44.886     163.4
2013 04 20 20 31 42.203     2013 04 20 20 32  6.210      24.0
64
2013 04 20 12 05 32.606     2013 04 20 12 09  8.863     216.3
65
2013 04 20 20 30   .230     2013 04 20 20 30 18.492      18.3
66
2013 04 20 22 13 11.688     2013 04 20 22 15 15.978     124.3
67
2013 04 20 10 32 22.179     2013 04 20 10 35 31.645     189.5
68
2013 04 20 12 08 47.682     2013 04 20 12 12  1.978     194.3
2013 04 20 22 17  8.835     2013 04 20 22 17 21.780      12.9
69
2013 04 20 10 36  8.656     2013 04 20 10 39 15.502     186.8
2013 04 20 20 38 32.371     2013 04 20 20 41  7.258     154.9
70
2013 04 20 13 53   .033     2013 04 20 13 55 49.291     169.3
2013 04 20 20 32 19.093     2013 04 20 20 32 39.909      20.8
71
2013 04 20 12 15 17.885     2013 04 20 12 15 38.958      21.1
2013 04 20 22 10 20.863     2013 04 20 22 13   .466     159.6
72
2013 04 20 20 42 23.074     2013 04 20 20 45 32.320     189.2
73
2013 04 20 13 53 54.479     2013 04 20 13 56 34.166     159.7
2013 04 20 20 28 31.722     2013 04 20 20 31 24.743     173.0
74
2013 04 20 00 10  1.089     2013 04 20 00 13  5.173     184.1
2013 04 20 13 43 33.882     2013 04 20 13 45  7.269      93.4
75
2013 04 20 13 53 13.337     2013 04 20 13 56   .822     167.5
2013 04 20 20 27 51.550     2013 04 20 20 31 29.383     217.8
76
2013 04 20 15 29 13.780     2013 04 20 15 31 51.385     157.6
2013 04 20 22 03 38.225     2013 04 20 22 06 16.959     158.7
77
2013 04 20 20 39 39.539     2013 04 20 20 43 13.677     214.1
78
2013 04 20 12 21  9.802     2013 04 20 12 23 48.108     158.3
2013 04 20 17 16  4.847     2013 04 20 17 19 59.101     234.3
2013 04 20 18 54  6.687     2013 04 20 18 57 52.352     225.7
79
80
2013 04 20 12 08 11.185     2013 04 20 12 08 19.529       8.3
2013 04 20 22 16 48.911     2013 04 20 22 17 52.461      63.5
81
82
2013 04 20 13 54 17.146     2013 04 20 13 57 52.107     215.0
2013 04 20 15 32  8.866     2013 04 20 15 35 54.559     225.7
2013 04 20 20 27 48.872     2013 04 20 20 30 35.659     166.8
83
2013 04 20 20 40 10.386     2013 04 20 20 43  7.539     177.2
84
2013 04 20 13 50  8.554     2013 04 20 13 50 54.212      45.7
2013 04 20 22 05 44.216     2013 04 20 22 08 29.989     165.8
85
2013 04 20 12 19 37.770     2013 04 20 12 22 15.579     157.8
2013 04 20 18 54 25.965     2013 04 20 18 57  8.668     162.7
86
2013 04 20 13 57 34.457     2013 04 20 13 57 57.777      23.3
2013 04 20 15 32  4.224     2013 04 20 15 35 26.116     201.9
2013 04 20 20 27 29.882     2013 04 20 20 30 11.917     162.0
87
88
2013 04 20 13 50 39.301     2013 04 20 13 53 29.958     170.7
2013 04 20 22 07 38.970     2013 04 20 22 10 15.630     156.7
89
2013 04 20 10 41 53.726     2013 04 20 10 45   .957     187.2
2013 04 20 18 57  4.691     2013 04 20 18 59 43.278     158.6
90
2013 04 20 12 13 20.231     2013 04 20 12 16 46.658     206.4
91
2013 04 20 12 11 18.621     2013 04 20 12 14 42.920     204.3
2013 04 20 22 11  2.751     2013 04 20 22 13 38.121     155.4
92
2013 04 20 12 09  2.204     2013 04 20 12 09  3.226       1.0
2013 04 20 22 14  6.908     2013 04 20 22 17   .246     173.3
93
2013 04 20 12 16 19.341     2013 04 20 12 18 57.502     158.2
2013 04 20 20 32 44.092     2013 04 20 20 35 20.519     156.4
94
2013 04 20 12 08  9.482     2013 04 20 12 10 58.857     169.4
95
2013 04 20 22 16 39.085     2013 04 20 22 19 28.838     169.8
96
2013 04 20 22 16 46.167     2013 04 20 22 19 20.569     154.4
97
2013 04 20 10 31 36.417     2013 04 20 10 35 11.740     215.3
2013 04 20 22 16 18.328     2013 04 20 22 19 58.791     220.5
98
2013 04 20 13 51  1.829     2013 04 20 13 53 38.499     156.7
2013 04 20 22 07 11.657     2013 04 20 22 09 48.636     157.0
99
2013 04 20 10 37 58.622     2013 04 20 10 40 55.177     176.6
2013 04 20 20 36  2.179     2013 04 20 20 39 23.829     201.6
100
2013 04 20 13 54 37.917     2013 04 20 13 57 57.161     199.2
2013 04 20 20 29 52.342     2013 04 20 20 32 36.815     164.5
101
2013 04 20 22 14 25.100     2013 04 20 22 17 36.221     191.1
102
2013 04 20 12 17 57.756     2013 04 20 12 21 18.152     200.4
2013 04 20 18 56 26.783     2013 04 20 18 56 39.925      13.1
103
2013 04 20 12 20  9.938     2013 04 20 12 22 47.704     157.8
2013 04 20 18 54 30.297     2013 04 20 18 57 10.559     160.3
104
105
2013 04 20 13 48 19.266     2013 04 20 13 48 46.277      27.0
106
2013 04 20 00 13 50.475     2013 04 20 00 17 10.547     200.1
2013 04 20 12 05 40.325     2013 04 20 12 08 19.277     159.0
107
2013 04 20 20 39 49.374     2013 04 20 20 42 25.204     155.8
108
109
2013 04 20 22 08 21.098     2013 04 20 22 08 50.479      29.4
110
2013 04 20 12 12 48.370     2013 04 20 12 15 40.436     172.1
2013 04 20 22 10 25.224     2013 04 20 22 14  7.084     221.9
111
2013 04 20 22 07 58.011     2013 04 20 22 11 41.990     224.0
112
113
2013 04 20 00 12 57.909     2013 04 20 00 15 53.010     175.1
114
2013 04 20 13 46 18.429     2013 04 20 13 47  1.856      43.4
115
2013 04 20 22 16 48.736     2013 04 20 22 19 53.190     184.5
116
2013 04 20 13 55  4.311     2013 04 20 13 57 52.082     167.8
2013 04 20 20 28 23.015     2013 04 20 20 31 26.598     183.6
117
2013 04 20 12 19 29.220     2013 04 20 12 23 21.613     232.4
2013 04 20 13 57 33.431     2013 04 20 14 01  5.254     211.8
2013 04 20 18 53  4.352     2013 04 20 18 55 48.865     164.5
118
2013 04 20 12 10 11.583     2013 04 20 12 12 48.697     157.1
2013 04 20 22 12 35.682     2013 04 20 22 15 45.619     189.9
119
2013 04 20 15 30 23.234     2013 04 20 15 33 24.097     180.9
2013 04 20 20 25 48.990     2013 04 20 20 29 43.141     234.2
2013 04 20 22 03 39.565     2013 04 20 22 04 14.358      34.8
120
121
2013 04 20 13 52 31.465     2013 04 20 13 55  8.151     156.7
2013 04 20 22 06  3.535     2013 04 20 22 06  5.308       1.8
122
2013 04 20 15 29 38.138     2013 04 20 15 30 44.056      65.9
2013 04 20 22 04 34.497     2013 04 20 22 08  6.436     211.9
123
124
2013 04 20 18 56 17.865     2013 04 20 18 58 59.314     161.4
125
2013 04 20 12 18  7.278     2013 04 20 12 21  2.517     175.2
126
2013 04 20 12 21  3.714     2013 04 20 12 23 47.885     164.2
2013 04 20 17 15 46.447     2013 04 20 17 19 23.835     217.4
2013 04 20 18 53 36.975     2013 04 20 18 57 23.520     226.5
127
2013 04 20 12 21 31.672     2013 04 20 12 24 32.405     180.7
2013 04 20 17 17   .290     2013 04 20 17 20 29.971     209.7
128
2013 04 20 15 30  5.579     2013 04 20 15 33 14.917     189.3
2013 04 20 22 03 56.660     2013 04 20 22 07 38.849     222.2
129
2013 04 20 13 56 36.499     2013 04 20 13 59 16.445     159.9
2013 04 20 18 51 37.863     2013 04 20 18 54 30.271     172.4
130
131
2013 04 20 18 56  6.360     2013 04 20 18 58 48.072     161.7
132
2013 04 20 22 20 10.546     2013 04 20 22 20 17.623       7.1
133
2013 04 20 12 07 43.141     2013 04 20 12 11 24.385     221.2
134
2013 04 20 20 34 48.700     2013 04 20 20 37 24.761     156.1
135
2013 04 20 10 35 11.853     2013 04 20 10 35 36.952      25.1
2013 04 20 20 39 20.824     2013 04 20 20 41 55.631     154.8
136
137
2013 04 20 10 33 42.546     2013 04 20 10 36 30.576     168.0
138
2013 04 20 10 30 42.927     2013 04 20 10 33 16.901     154.0
2013 04 20 22 18 21.584     2013 04 20 22 21 12.578     171.0
139
2013 04 20 13 52 48.974     2013 04 20 13 55 34.377     165.4
140
2013 04 20 12 19 17.279     2013 04 20 12 22 10.737     173.5
2013 04 20 18 54 44.043     2013 04 20 18 57 38.783     174.7
141
2013 04 20 12 15 49.528     2013 04 20 12 19 29.254     219.7
2013 04 20 20 33 40.939     2013 04 20 20 36 18.880     157.9
142
2013 04 20 12 07 22.164     2013 04 20 12 09 57.422     155.3
143
2013 04 20 22 09 11.206     2013 04 20 22 12 12.282     181.1
144
2013 04 20 10 37 17.090     2013 04 20 10 39 53.958     156.9
2013 04 20 20 37 27.643     2013 04 20 20 40 20.814     173.2
145
2013 04 20 12 19 41.100     2013 04 20 12 22 18.203     157.1
2013 04 20 18 54 16.471     2013 04 20 18 56 57.071     160.6
146
2013 04 20 20 30 21.170     2013 04 20 20 31  3.665      42.5
147
148
2013 04 20 12 19 18.682     2013 04 20 12 23  2.535     223.9
2013 04 20 18 55 32.736     2013 04 20 18 58 12.356     159.6
149
2013 04 20 20 34  7.185     2013 04 20 20 36 54.659     167.5
150
2013 04 20 10 38 32.381     2013 04 20 10 41  9.085     156.7
2013 04 20 20 35 53.430     2013 04 20 20 36  4.100      10.7
151
2013 04 20 22 14 57.487     2013 04 20 22 17 40.706     163.2
152
2013 04 20 00 10 47.043     2013 04 20 00 13 48.537     181.5
153
2013 04 20 22 15 49.739     2013 04 20 22 18 45.821     176.1
154
2013 04 20 10 33 17.757     2013 04 20 10 36  1.080     163.3
155
2013 04 20 10 31 52.474     2013 04 20 10 35 14.423     201.9
156
2013 04 20 15 28 34.683     2013 04 20 15 31 58.098     203.4
2013 04 20 22 04 27.200     2013 04 20 22 07  7.307     160.1
157
2013 04 20 20 40 11.148     2013 04 20 20 43 22.007     190.9
158
2013 04 20 20 35 14.538     2013 04 20 20 38 15.287     180.7
159
2013 04 20 10 41 48.173     2013 04 20 10 44 24.575     156.4
2013 04 20 18 58  3.548     2013 04 20 19 00 39.985     156.4
160
2013 04 20 18 56 21.230     2013 04 20 18 59  7.071     165.8
161
2013 04 20 22 17 11.712     2013 04 20 22 20 26.786     195.1
162
2013 04 20 10 34 30.714     2013 04 20 10 37 24.371     173.7
2013 04 20 20 42 22.449     2013 04 20 20 42 29.299       6.9
163
2013 04 20 10 35 47.416     2013 04 20 10 38 53.466     186.0
2013 04 20 20 36 47.951     2013 04 20 20 40  3.981     196.0
164
2013 04 20 13 54   .449     2013 04 20 13 57  9.282     188.8
2013 04 20 20 29 39.828     2013 04 20 20 32 22.962     163.1
165
2013 04 20 20 34 11.913     2013 04 20 20 37 38.843     206.9
166
2013 04 20 00 09  3.485     2013 04 20 00 12 45.413     221.9
167
2013 04 20 13 55 55.888     2013 04 20 13 59 19.686     203.8
2013 04 20 18 51 45.916     2013 04 20 18 55 25.999     220.1
168
2013 04 20 20 40 44.848     2013 04 20 20 43 26.064     161.2
169
2013 04 20 10 35   .578     2013 04 20 10 38 44.426     223.8
2013 04 20 20 39 11.406     2013 04 20 20 41 58.350     166.9
170
171
2013 04 20 15 31  6.709     2013 04 20 15 33 48.374     161.7
2013 04 20 20 26 11.893     2013 04 20 20 29  8.712     176.8
172
2013 04 20 20 34 36.956     2013 04 20 20 37 16.427     159.5
173
2013 04 20 12 10 52.180     2013 04 20 12 11 28.348      36.2
174
2013 04 20 13 57  8.987     2013 04 20 14 00 22.243     193.3
2013 04 20 18 52 40.553     2013 04 20 18 55 18.658     158.1
175
176
2013 04 20 12 14 20.979     2013 04 20 12 14 37.535      16.6
2013 04 20 20 33 52.378     2013 04 20 20 37 11.352     199.0
177
2013 04 20 12 17 14.871     2013 04 20 12 19 58.290     163.4
2013 04 20 20 32 21.107     2013 04 20 20 35 41.948     200.8
178
2013 04 20 13 54 21.708     2013 04 20 13 58  4.737     223.0
2013 04 20 20 30  9.300     2013 04 20 20 32 50.211     160.9
179
2013 04 20 13 48 54.501     2013 04 20 13 51 36.477     162.0
180
2013 04 20 10 39 57.134     2013 04 20 10 42 32.368     155.2
181
2013 04 20 22 08 17.122     2013 04 20 22 11 56.047     218.9
182
2013 04 20 00 09 35.864     2013 04 20 00 12 18.924     163.1
2013 04 20 13 44 57.209     2013 04 20 13 47  3.460     126.3
183
2013 04 20 20 43 13.812     2013 04 20 20 43 34.004      20.2
184
2013 04 20 12 18 51.555     2013 04 20 12 20   .840      69.3
2013 04 20 18 55 32.034     2013 04 20 18 58 25.606     173.6
185
2013 04 20 13 49 55.446     2013 04 20 13 53 19.642     204.2
2013 04 20 22 05 55.677     2013 04 20 22 09  3.946     188.3
186
2013 04 20 13 52  7.495     2013 04 20 13 55 42.651     215.2
2013 04 20 22 04 56.757     2013 04 20 22 05 43.574      46.8
187
2013 04 20 13 47 38.895     2013 04 20 13 50 43.030     184.1
2013 04 20 23 44 27.331     2013 04 20 23 44 56.121      28.8
188
189
2013 04 20 10 36 12.550     2013 04 20 10 38 47.378     154.8
2013 04 20 20 37 36.492     2013 04 20 20 40 24.844     168.4
190
2013 04 20 13 54 37.109     2013 04 20 13 57 14.911     157.8
2013 04 20 20 28 50.752     2013 04 20 20 31 29.351     158.6
191
2013 04 20 13 52 43.693     2013 04 20 13 55 20.348     156.7
192
2013 04 20 00 13 17.974     2013 04 20 00 14 50.463      92.5
2013 04 20 12 06  6.104     2013 04 20 12 08 47.669     161.6
193
2013 04 20 12 07 46.741     2013 04 20 12 11 29.443     222.7
194
2013 04 20 15 31 33.983     2013 04 20 15 34 56.707     202.7
2013 04 20 20 27 17.991     2013 04 20 20 29 57.690     159.7
195
2013 04 20 13 50 18.470     2013 04 20 13 53 19.560     181.1
2013 04 20 22 07 49.946     2013 04 20 22 10 31.048     161.1
196
2013 04 20 20 44 24.315     2013 04 20 20 45 29.842      65.5
197
2013 04 20 15 29 49.478     2013 04 20 15 32 34.131     164.7
2013 04 20 20 28 21.443     2013 04 20 20 28 37.869      16.4
2013 04 20 22 02 57.448     2013 04 20 22 06 11.712     194.3
198
2013 04 20 13 55  9.584     2013 04 20 13 58 53.125     223.5
2013 04 20 20 29 51.353     2013 04 20 20 33 21.735     210.4
199
2013 04 20 10 42 43.302     2013 04 20 10 46 29.156     225.9
2013 04 20 18 55 52.674     2013 04 20 18 59 36.789     224.1
200
2013 04 20 13 54 17.585     2013 04 20 13 57 32.918     195.3
2013 04 20 20 29 50.255     2013 04 20 20 32 27.543     157.3
201
2013 04 20 13 53 26.785     2013 04 20 13 56 14.728     167.9
2013 04 20 20 28 52.291     2013 04 20 20 32 19.910     207.6
202
2013 04 20 13 53 53.120     2013 04 20 13 54 26.644      33.5
2013 04 20 20 30 22.333     2013 04 20 20 32 59.617     157.3
203
2013 04 20 18 55 21.165     2013 04 20 18 58 50.946     209.8
204
2013 04 20 20 40 38.826     2013 04 20 20 43 23.420     164.6
205
2013 04 20 10 38 11.600     2013 04 20 10 41  1.941     170.3
2013 04 20 20 35 55.991     2013 04 20 20 39 34.200     218.2
206
2013 04 20 12 07 30.531     2013 04 20 12 10  4.528     154.0
207
2013 04 20 13 47 42.609     2013 04 20 13 50 19.880     157.3
208
2013 04 20 15 30 52.902     2013 04 20 15 33 40.816     167.9
2013 04 20 20 26  7.685     2013 04 20 20 29 20.789     193.1
209
210
2013 04 20 00 06 45.696     2013 04 20 00 10  9.813     204.1
2013 04 20 13 47   .155     2013 04 20 13 49 55.482     175.3
2013 04 20 23 45 18.853     2013 04 20 23 48 32.316     193.5
211
2013 04 20 10 41 58.881     2013 04 20 10 42 10.719      11.8
2013 04 20 20 34 48.195     2013 04 20 20 38 28.895     220.7
212
213
2013 04 20 20 38 35.365     2013 04 20 20 42 19.981     224.6
214
2013 04 20 12 17 57.813     2013 04 20 12 20 35.129     157.3
2013 04 20 20 31 17.564     2013 04 20 20 31 26.124       8.6
215
2013 04 20 00 13 51.311     2013 04 20 00 17  9.926     198.6
2013 04 20 12 05 39.176     2013 04 20 12 08 18.383     159.2
216
2013 04 20 13 51 59.955     2013 04 20 13 53 22.494      82.5
217
2013 04 20 12 16  2.475     2013 04 20 12 18 38.211     155.7
2013 04 20 20 32 34.123     2013 04 20 20 35 16.524     162.4
218
2013 04 20 12 16 58.138     2013 04 20 12 19 34.708     156.6
2013 04 20 20 32 10.639     2013 04 20 20 35  2.906     172.3
219
2013 04 20 12 16 19.208     2013 04 20 12 17 24.077      64.9
220
2013 04 20 15 31  3.761     2013 04 20 15 33 41.568     157.8
2013 04 20 20 25 59.385     2013 04 20 20 28 55.063     175.7
221
2013 04 20 10 37 57.876     2013 04 20 10 38 17.364      19.5
222
2013 04 20 10 36 12.195     2013 04 20 10 38 58.934     166.7
2013 04 20 20 38 16.040     2013 04 20 20 40 52.365     156.3
223
2013 04 20 10 41 20.017     2013 04 20 10 41 25.942       5.9
2013 04 20 20 35 31.114     2013 04 20 20 38 20.887     169.8
224
2013 04 20 12 08   .214     2013 04 20 12 11 11.484     191.3
225
226
2013 04 20 15 29 43.444     2013 04 20 15 33 31.273     227.8
2013 04 20 22 04 27.297     2013 04 20 22 07 59.868     212.6
227
2013 04 20 18 55 52.944     2013 04 20 18 58 53.843     180.9
228
2013 04 20 10 37 32.392     2013 04 20 10 41  2.320     209.9
2013 04 20 20 35 52.914     2013 04 20 20 38 51.197     178.3
229
230
2013 04 20 12 07 48.048     2013 04 20 12 10 53.210     185.2
231
2013 04 20 22 16  9.541     2013 04 20 22 18 58.376     168.8
232
2013 04 20 10 32 12.485     2013 04 20 10 34 52.606     160.1
233
2013 04 20 13 56 28.853     2013 04 20 13 59 20.491     171.6
2013 04 20 18 51 48.247     2013 04 20 18 54 50.594     182.3
234
2013 04 20 12 09 42.488     2013 04 20 12 12 51.337     188.8
2013 04 20 22 13 17.158     2013 04 20 22 16 23.031     185.9
235
2013 04 20 12 11 10.689     2013 04 20 12 14 52.690     222.0
2013 04 20 22 12 52.548     2013 04 20 22 16  5.315     192.8
236
2013 04 20 18 59 16.400     2013 04 20 18 59 50.680      34.3
237
2013 04 20 13 48 23.471     2013 04 20 13 48 24.700       1.2
2013 04 20 22 11 23.410     2013 04 20 22 12 15.515      52.1
238
2013 04 20 12 10 49.360     2013 04 20 12 13 35.926     166.6
2013 04 20 22 12 49.128     2013 04 20 22 15 24.794     155.7
239
2013 04 20 10 40 51.972     2013 04 20 10 44 14.497     202.5
2013 04 20 18 56 50.259     2013 04 20 18 59 53.590     183.3
240
2013 04 20 20 41 40.514     2013 04 20 20 44 27.918     167.4
241
2013 04 20 22 09 31.721     2013 04 20 22 12 45.658     193.9
242
2013 04 20 15 31  1.132     2013 04 20 15 34   .972     179.8
2013 04 20 20 26 29.690     2013 04 20 20 29 34.074     184.4
243
2013 04 20 12 19 13.554     2013 04 20 12 23  4.013     230.5
2013 04 20 18 55 36.032     2013 04 20 18 58 16.597     160.6
244
2013 04 20 00 09 46.478     2013 04 20 00 12 29.963     163.5
2013 04 20 13 44 14.657     2013 04 20 13 47 45.294     210.6
245
2013 04 20 13 50 25.122     2013 04 20 13 53  1.453     156.3
2013 04 20 22 06 56.252     2013 04 20 22 09 48.187     171.9
246
2013 04 20 10 32  7.931     2013 04 20 10 34 41.145     153.2
247
2013 04 20 10 37 21.997     2013 04 20 10 37 55.188      33.2
248
2013 04 20 10 30 49.571     2013 04 20 10 34 10.754     201.2
2013 04 20 22 17 19.129     2013 04 20 22 20  9.307     170.2
249
2013 04 20 10 33 10.752     2013 04 20 10 35 46.616     155.9
250
2013 04 20 13 48 54.272     2013 04 20 13 51 48.335     174.1
251
2013 04 20 13 50 27.129     2013 04 20 13 53 33.802     186.7
2013 04 20 22 06 16.706     2013 04 20 22 09  1.313     164.6
252
2013 04 20 20 44 49.172     2013 04 20 20 44 59.309      10.1
253
2013 04 20 15 31  6.981     2013 04 20 15 33 54.213     167.2
2013 04 20 20 26 20.506     2013 04 20 20 29 18.594     178.1
254
2013 04 20 00 10 55.869     2013 04 20 00 13 40.389     164.5
255
2013 04 20 13 49 22.671     2013 04 20 13 51 57.882     155.2
2013 04 20 22 10 48.041     2013 04 20 22 10 50.384       2.3
256
2013 04 20 12 16   .485     2013 04 20 12 18 45.542     165.1
2013 04 20 20 32 58.151     2013 04 20 20 35 37.118     159.0
257
2013 04 20 12 06 38.332     2013 04 20 12 09 35.058     176.7
258
259
2013 04 20 12 16 26.858     2013 04 20 12 19 33.673     186.8
2013 04 20 20 33  9.296     2013 04 20 20 35 56.214     166.9
260
2013 04 20 12 05 35.830     2013 04 20 12 06  4.192      28.4
261
2013 04 20 13 56  5.681     2013 04 20 13 58 44.347     158.7
2013 04 20 18 51  4.791     2013 04 20 18 54 28.896     204.1
262
2013 04 20 10 36 28.623     2013 04 20 10 37 51.451      82.8
2013 04 20 20 38 25.439     2013 04 20 20 41 38.816     193.4
263
2013 04 20 15 28  5.228     2013 04 20 15 31 53.493     228.3
2013 04 20 22 04 34.737     2013 04 20 22 07 27.545     172.8
264
2013 04 20 10 33 33.535     2013 04 20 10 36 20.633     167.1
265
2013 04 20 00 12 10.805     2013 04 20 00 14 44.771     154.0
266
2013 04 20 12 13 11.686     2013 04 20 12 13 34.206      22.5
267
2013 04 20 10 39 41.645     2013 04 20 10 42 59.301     197.7
268
2013 04 20 13 55 57.125     2013 04 20 13 59  4.922     187.8
2013 04 20 18 51 31.699     2013 04 20 18 55 12.980     221.3
269
2013 04 20 13 50 50.374     2013 04 20 13 54 38.595     228.2
2013 04 20 22 05 42.182     2013 04 20 22 08 22.291     160.1
270
271
2013 04 20 12 19 17.714     2013 04 20 12 22 51.452     213.7
2013 04 20 18 55 24.413     2013 04 20 18 58  6.460     162.0
272
2013 04 20 10 40 35.244     2013 04 20 10 43 30.225     175.0
2013 04 20 18 58 24.533     2013 04 20 19 01 42.812     198.3
273
274
2013 04 20 12 10 59.102     2013 04 20 12 13 57.937     178.8
2013 04 20 22 12 54.080     2013 04 20 22 15 30.770     156.7
275
2013 04 20 20 38 57.846     2013 04 20 20 42  9.957     192.1
276
2013 04 20 20 38 59.437     2013 04 20 20 39 40.509      41.1
277
2013 04 20 12 08 22.367     2013 04 20 12 11 42.889     200.5
278
2013 04 20 00 11 55.931     2013 04 20 00 15 34.990     219.1
279
2013 04 20 13 50  4.350     2013 04 20 13 50 17.748      13.4
2013 04 20 22 08 34.658     2013 04 20 22 11 12.499     157.8
280
2013 04 20 12 10 16.781     2013 04 20 12 12 58.055     161.3
2013 04 20 22 12 45.427     2013 04 20 22 15 44.195     178.8
281
2013 04 20 13 51   .684     2013 04 20 13 53 45.998     165.3
2013 04 20 22 06 38.319     2013 04 20 22 09 15.090     156.8
282
2013 04 20 10 40 52.561     2013 04 20 10 43 35.845     163.3
2013 04 20 18 58 13.964     2013 04 20 19 01 21.308     187.3
283
2013 04 20 00 11 34.128     2013 04 20 00 14 53.123     199.0
284
285
2013 04 20 13 55  3.669     2013 04 20 13 58  7.759     184.1
2013 04 20 20 29 34.213     2013 04 20 20 32 36.068     181.9
286
2013 04 20 20 41 32.768     2013 04 20 20 44  9.066     156.3
287
2013 04 20 12 18 45.325     2013 04 20 12 21 48.273     182.9
2013 04 20 18 53 14.930     2013 04 20 18 56 29.709     194.8
288
2013 04 20 12 08 33.268     2013 04 20 12 11  7.510     154.2
289
2013 04 20 12 12 32.291     2013 04 20 12 15  9.625     157.3
2013 04 20 22 11  3.846     2013 04 20 22 14 27.639     203.8
290
2013 04 20 12 07 46.957     2013 04 20 12 10 37.688     170.7
291
2013 04 20 12 09 23.605     2013 04 20 12 12 53.474     209.9
2013 04 20 22 13 34.504     2013 04 20 22 16 41.546     187.0
292
2013 04 20 12 18 31.983     2013 04 20 12 18 37.905       5.9
2013 04 20 20 33 42.062     2013 04 20 20 34 31.965      49.9
293
2013 04 20 12 10   .758     2013 04 20 12 13 29.878     209.1
2013 04 20 22 13 32.835     2013 04 20 22 16 11.673     158.8
294
2013 04 20 10 39 54.924     2013 04 20 10 40 37.429      42.5
2013 04 20 20 36  2.095     2013 04 20 20 38 37.625     155.5
295
2013 04 20 20 30  4.561     2013 04 20 20 33 27.986     203.4
296
2013 04 20 00 15 31.887     2013 04 20 00 15 40.545       8.7
297
2013 04 20 13 48 10.056     2013 04 20 13 50 53.671     163.6
298
299
2013 04 20 10 36 40.628     2013 04 20 10 39 15.371     154.7
2013 04 20 20 37 32.450     2013 04 20 20 40  7.870     155.4
300
2013 04 20 20 33 56.338     2013 04 20 20 37 35.730     219.4
301
302
2013 04 20 12 15 38.788     2013 04 20 12 16  8.327      29.5
2013 04 20 20 33 55.371     2013 04 20 20 36 35.432     160.1
303
2013 04 20 13 48  9.621     2013 04 20 13 49 25.923      76.3
304
2013 04 20 12 19  4.874     2013 04 20 12 21 47.127     162.3
2013 04 20 18 53 43.477     2013 04 20 18 56 50.659     187.2
305
306
2013 04 20 12 07  4.494     2013 04 20 12 09 54.022     169.5
307
2013 04 20 12 11  4.164     2013 04 20 12 11 31.596      27.4
308
2013 04 20 22 10 13.086     2013 04 20 22 13 42.693     209.6
309
2013 04 20 22 14 41.309     2013 04 20 22 17 39.104     177.8
310
2013 04 20 12 18 35.032     2013 04 20 12 21 15.283     160.3
2013 04 20 18 53 47.934     2013 04 20 18 54 11.297      23.4
311
2013 04 20 13 51 31.167     2013 04 20 13 54 35.492     184.3
2013 04 20 22 06  1.113     2013 04 20 22 08 58.782     177.7
312
2013 04 20 12 20 18.818     2013 04 20 12 23 30.548     191.7
2013 04 20 13 57 56.281     2013 04 20 13 59 13.850      77.6
2013 04 20 17 14 55.312     2013 04 20 17 15 27.197      31.9
2013 04 20 18 53 23.783     2013 04 20 18 56 31.747     188.0
313
2013 04 20 08 57  3.860     2013 04 20 09 00 21.940     198.1
2013 04 20 20 41 58.364     2013 04 20 20 45 39.175     220.8
314
2013 04 20 22 05  7.692     2013 04 20 22 07 54.170     166.5
315
316
2013 04 20 13 49 48.839     2013 04 20 13 52 51.474     182.6
2013 04 20 22 07 44.611     2013 04 20 22 10 50.041     185.4
317
2013 04 20 12 14   .492     2013 04 20 12 16 35.462     155.0
318
2013 04 20 12 16 17.625     2013 04 20 12 18 57.550     159.9
2013 04 20 20 32 48.291     2013 04 20 20 35 24.698     156.4
319
2013 04 20 10 44 45.876     2013 04 20 10 45 26.001      40.1
2013 04 20 18 56 28.613     2013 04 20 18 59  5.583     157.0
320
2013 04 20 13 50 31.507     2013 04 20 13 53 39.723     188.2
2013 04 20 22 07 55.277     2013 04 20 22 10 31.519     156.2
321
2013 04 20 12 20 21.832     2013 04 20 12 22 59.815     158.0
2013 04 20 18 54 13.765     2013 04 20 18 57  2.317     168.6
322
2013 04 20 00 09 41.898     2013 04 20 00 12 17.858     156.0
2013 04 20 13 44 45.644     2013 04 20 13 48 27.596     222.0
323
2013 04 20 10 36  8.715     2013 04 20 10 38 43.649     154.9
2013 04 20 20 37 35.990     2013 04 20 20 40 27.474     171.5
324
2013 04 20 12 17  3.453     2013 04 20 12 20 52.180     228.7
2013 04 20 20 32 47.677     2013 04 20 20 33 13.009      25.3
325
2013 04 20 22 08 36.612     2013 04 20 22 11 34.159     177.5
326
2013 04 20 12 19 38.908     2013 04 20 12 22 32.207     173.3
2013 04 20 18 54 53.858     2013 04 20 18 57 33.771     159.9
327
328
2013 04 20 12 18 14.339     2013 04 20 12 20 50.796     156.5
329
330
2013 04 20 12 11 40.527     2013 04 20 12 14 54.277     193.7
2013 04 20 22 11  1.678     2013 04 20 22 13 40.354     158.7
331
2013 04 20 10 37 56.815     2013 04 20 10 40 59.882     183.1
2013 04 20 20 35 56.757     2013 04 20 20 39 16.883     200.1
332
2013 04 20 10 34 45.449     2013 04 20 10 34 55.039       9.6
2013 04 20 20 39 29.663     2013 04 20 20 42 12.358     162.7
333
2013 04 20 10 35 33.467     2013 04 20 10 38 25.347     171.9
2013 04 20 20 38 26.329     2013 04 20 20 41 22.935     176.6
334
2013 04 20 00 08 16.158     2013 04 20 00 11 59.276     223.1
2013 04 20 13 46 22.169     2013 04 20 13 49 36.037     193.9
335
2013 04 20 10 37  5.003     2013 04 20 10 39 48.512     163.5
2013 04 20 20 37  2.360     2013 04 20 20 39 39.746     157.4
336
2013 04 20 12 16 17.475     2013 04 20 12 18 53.690     156.2
2013 04 20 20 32 26.149     2013 04 20 20 35  3.318     157.2
337
2013 04 20 20 34 55.146     2013 04 20 20 38   .184     185.0
338
339
2013 04 20 20 41  1.692     2013 04 20 20 44 35.113     213.4
340
2013 04 20 12 16 24.196     2013 04 20 12 17  6.443      42.2
2013 04 20 20 31   .554     2013 04 20 20 33 46.103     165.5
341
2013 04 20 12 10 38.400     2013 04 20 12 11 24.494      46.1
2013 04 20 22 13 21.683     2013 04 20 22 16 16.082     174.4
342
2013 04 20 18 55 42.416     2013 04 20 18 58 38.010     175.6
343
2013 04 20 10 42 12.209     2013 04 20 10 42 47.475      35.3
344
2013 04 20 22 14 32.544     2013 04 20 22 17 50.237     197.7
345
2013 04 20 00 09 49.325     2013 04 20 00 12 36.070     166.7
2013 04 20 13 44  7.131     2013 04 20 13 47 40.931     213.8
346
2013 04 20 12 16 30.536     2013 04 20 12 19  7.019     156.5
2013 04 20 20 32 22.782     2013 04 20 20 34 59.868     157.1
347
2013 04 20 12 14 42.564     2013 04 20 12 17 18.827     156.3
348
2013 04 20 00 11 45.628     2013 04 20 00 14 55.412     189.8
349
2013 04 20 12 12 52.441     2013 04 20 12 15 27.333     154.9
2013 04 20 22 10 55.115     2013 04 20 22 11 40.638      45.5
350
2013 04 20 12 12 13.542     2013 04 20 12 14  2.112     108.6
351
352
2013 04 20 12 20 43.905     2013 04 20 12 23 33.716     169.8
2013 04 20 17 15 22.415     2013 04 20 17 16 41.178      78.8
2013 04 20 18 53 38.846     2013 04 20 18 57  1.529     202.7
353
2013 04 20 10 31 48.852     2013 04 20 10 34 25.566     156.7
354
355
2013 04 20 22 08 35.558     2013 04 20 22 12 10.779     215.2
356
2013 04 20 22 14 42.027     2013 04 20 22 17 21.973     159.9
357
2013 04 20 20 35 43.368     2013 04 20 20 39 27.299     223.9
358
359
2013 04 20 10 30 55.104     2013 04 20 10 33 57.284     182.2
2013 04 20 22 17 32.651     2013 04 20 22 20 26.663     174.0
360
2013 04 20 10 30 27.569     2013 04 20 10 33 15.066     167.5
2013 04 20 22 18 11.135     2013 04 20 22 20 48.849     157.7
361
2013 04 20 22 10 22.009     2013 04 20 22 13 24.722     182.7
362
2013 04 20 00 06 53.438     2013 04 20 00 07 34.281      40.8
2013 04 20 13 47 22.755     2013 04 20 13 49 57.590     154.8
363
2013 04 20 13 52 43.713     2013 04 20 13 53 37.888      54.2
2013 04 20 22 05 31.011     2013 04 20 22 08 43.389     192.4
364
2013 04 20 00 11  5.410     2013 04 20 00 14 46.141     220.7
365
366
2013 04 20 22 16 45.499     2013 04 20 22 19 26.631     161.1
367
2013 04 20 10 36 52.850     2013 04 20 10 40 12.056     199.2
2013 04 20 20 36 29.568     2013 04 20 20 39  5.075     155.5
368
2013 04 20 10 35 50.638     2013 04 20 10 39 37.023     226.4
2013 04 20 20 38 55.936     2013 04 20 20 41 34.389     158.5
369
2013 04 20 13 49  7.816     2013 04 20 13 52 16.025     188.2
2013 04 20 22 10 20.615     2013 04 20 22 11 28.495      67.9
370
2013 04 20 12 17 48.999     2013 04 20 12 20 45.596     176.6
2013 04 20 20 30 51.605     2013 04 20 20 31 25.158      33.6
371
2013 04 20 12 09 31.637     2013 04 20 12 12 37.555     185.9
2013 04 20 22 13 12.405     2013 04 20 22 16 33.565     201.2
372
2013 04 20 12 17 18.869     2013 04 20 12 19 57.275     158.4
2013 04 20 20 31 49.533     2013 04 20 20 35  4.113     194.6
373
2013 04 20 12 09 50.696     2013 04 20 12 11 21.852      91.2
2013 04 20 22 13 47.097     2013 04 20 22 16 23.248     156.2
374
375
2013 04 20 12 06 57.535     2013 04 20 12 09 33.122     155.6
376
2013 04 20 00 13 37.795     2013 04 20 00 16 40.021     182.2
2013 04 20 12 05 27.315     2013 04 20 12 08 28.059     180.7
377
2013 04 20 00 06 33.589     2013 04 20 00 06 58.544      25.0
2013 04 20 13 47 30.066     2013 04 20 13 50  9.861     159.8
2013 04 20 23 45  8.173     2013 04 20 23 46 30.466      82.3
378
379
2013 04 20 12 12 23.666     2013 04 20 12 16   .700     217.0
2013 04 20 22 10  4.377     2013 04 20 22 13 22.468     198.1
380
2013 04 20 10 41 54.345     2013 04 20 10 45 26.796     212.5
2013 04 20 18 56 41.594     2013 04 20 18 59 24.785     163.2
381
382
2013 04 20 13 54 20.115     2013 04 20 13 57 54.228     214.1
2013 04 20 20 30  3.930     2013 04 20 20 32 42.783     158.9
383
2013 04 20 22 16 24.962     2013 04 20 22 19 18.057     173.1
384
2013 04 20 10 39 54.800     2013 04 20 10 43   .078     185.3
385
2013 04 20 10 31 48.686     2013 04 20 10 34 39.863     171.2
386
2013 04 20 20 33 49.646     2013 04 20 20 37 13.470     203.8
387
2013 04 20 10 32 34.056     2013 04 20 10 35 53.678     199.6
388
2013 04 20 10 38   .467     2013 04 20 10 41 41.770     221.3
389
2013 04 20 10 34 58.155     2013 04 20 10 38 12.243     194.1
2013 04 20 20 38 46.891     2013 04 20 20 41 58.916     192.0
390
2013 04 20 15 30  5.376     2013 04 20 15 33 16.327     191.0
2013 04 20 22 03 57.678     2013 04 20 22 07 40.555     222.9
391
392
2013 04 20 22 16 10.642     2013 04 20 22 19 17.886     187.2
393
2013 04 20 13 50 22.380     2013 04 20 13 53  9.737     167.4
2013 04 20 22 07 34.710     2013 04 20 22 10 19.198     164.5
394
2013 04 20 00 12 57.243     2013 04 20 00 16 37.867     220.6
2013 04 20 12 06  1.307     2013 04 20 12 09  6.429     185.1
395
2013 04 20 12 15 37.311     2013 04 20 12 15 56.365      19.1
2013 04 20 22 10  8.493     2013 04 20 22 12 58.212     169.7
396
2013 04 20 12 13 59.332     2013 04 20 12 17 29.622     210.3
397
2013 04 20 22 14 46.791     2013 04 20 22 17 33.771     167.0
398
2013 04 20 08 56 19.594     2013 04 20 08 59 21.899     182.3
2013 04 20 20 42 59.527     2013 04 20 20 45 52.494     173.0
399
2013 04 20 20 35 38.692     2013 04 20 20 38 53.888     195.2
400
2013 04 20 22 09 10.549     2013 04 20 22 11 55.765     165.2
401
2013 04 20 15 28 45.364     2013 04 20 15 31 55.596     190.2
2013 04 20 22 04 18.871     2013 04 20 22 06 57.258     158.4
402
2013 04 20 10 37 25.042     2013 04 20 10 37 55.145      30.1
2013 04 20 20 35 40.904     2013 04 20 20 38 36.333     175.4
403
2013 04 20 09 00 16.465     2013 04 20 09 00 49.760      33.3
2013 04 20 20 41 36.537     2013 04 20 20 45  2.732     206.2
404
2013 04 20 00 09 24.316     2013 04 20 00 10  6.586      42.3
405
2013 04 20 10 37 43.158     2013 04 20 10 40 40.634     177.5
2013 04 20 20 37 10.042     2013 04 20 20 38 57.397     107.4
406
2013 04 20 10 35 17.793     2013 04 20 10 35 51.170      33.4
2013 04 20 22 15 39.649     2013 04 20 22 16 24.136      44.5
407
2013 04 20 10 37 27.277     2013 04 20 10 40 19.285     172.0
2013 04 20 20 37 26.573     2013 04 20 20 40 49.123     202.5
408
2013 04 20 12 18 29.433     2013 04 20 12 21 34.562     185.1
2013 04 20 18 54 20.469     2013 04 20 18 58 14.138     233.7
409
2013 04 20 20 34  4.017     2013 04 20 20 35 17.373      73.4
410
2013 04 20 22 14  6.478     2013 04 20 22 16 41.071     154.6
411
2013 04 20 00 09  6.916     2013 04 20 00 11 42.801     155.9
2013 04 20 13 45  7.041     2013 04 20 13 47 58.534     171.5
412
2013 04 20 00 15 23.165     2013 04 20 00 16  8.954      45.8
413
2013 04 20 22 16 12.004     2013 04 20 22 19   .222     168.2
414
2013 04 20 15 28 40.081     2013 04 20 15 28 56.380      16.3
2013 04 20 22 05   .156     2013 04 20 22 07 39.349     159.2
415
2013 04 20 12 08 52.758     2013 04 20 12 11 46.090     173.3
416
2013 04 20 12 19 43.070     2013 04 20 12 22 39.296     176.2
2013 04 20 18 53 46.705     2013 04 20 18 56 24.397     157.7
417
2013 04 20 15 29 45.935     2013 04 20 15 33 17.601     211.7
2013 04 20 22 04 19.443     2013 04 20 22 07 45.801     206.4
418
2013 04 20 12 19  2.834     2013 04 20 12 22  9.389     186.6
2013 04 20 18 53 25.324     2013 04 20 18 56 18.161     172.8
419
2013 04 20 00 11 46.753     2013 04 20 00 12 28.420      41.7
2013 04 20 12 10  6.259     2013 04 20 12 10 20.246      14.0
420
2013 04 20 12 07 22.830     2013 04 20 12 10 27.028     184.2
421
2013 04 20 22 08 16.432     2013 04 20 22 10  1.982     105.5
422
2013 04 20 10 37 59.853     2013 04 20 10 40 34.295     154.4
2013 04 20 20 36 39.380     2013 04 20 20 40 12.470     213.1
423
2013 04 20 12 07 44.025     2013 04 20 12 11 16.461     212.4
424
2013 04 20 10 35 55.378     2013 04 20 10 38 29.450     154.1
2013 04 20 20 37 50.362     2013 04 20 20 40 48.666     178.3
425
2013 04 20 12 20 30.017     2013 04 20 12 22 19.414     109.4
2013 04 20 18 55 24.484     2013 04 20 18 58 54.045     209.6
426
2013 04 20 10 36 30.120     2013 04 20 10 39 10.624     160.5
2013 04 20 20 38  2.443     2013 04 20 20 40 37.292     154.8
427
2013 04 20 13 54  4.883     2013 04 20 13 54 12.037       7.2
2013 04 20 20 30 27.675     2013 04 20 20 33  6.954     159.3
428
2013 04 20 13 50 47.864     2013 04 20 13 54 12.438     204.6
2013 04 20 22 07 58.290     2013 04 20 22 10 43.818     165.5
429
2013 04 20 22 05 15.230     2013 04 20 22 08 33.146     197.9
430
2013 04 20 13 48 32.702     2013 04 20 13 51 23.185     170.5
431
432
2013 04 20 10 31  1.974     2013 04 20 10 34 27.894     205.9
2013 04 20 22 17  3.358     2013 04 20 22 20  4.322     181.0
433
2013 04 20 20 34  3.516     2013 04 20 20 37   .112     176.6
434
2013 04 20 10 40 26.128     2013 04 20 10 43 11.145     165.0
2013 04 20 18 58  4.241     2013 04 20 19 01 45.846     221.6
435
2013 04 20 10 42 18.124     2013 04 20 10 43 15.340      57.2
436
2013 04 20 10 34  5.071     2013 04 20 10 36 57.514     172.4
437
2013 04 20 12 22 15.178     2013 04 20 12 22 45.158      30.0
2013 04 20 13 56 45.671     2013 04 20 14 00 27.910     222.2
2013 04 20 18 52 50.980     2013 04 20 18 55 35.222     164.2
438
2013 04 20 00 12 26.453     2013 04 20 00 15 26.413     180.0
439
2013 04 20 13 55 18.865     2013 04 20 13 58 22.263     183.4
2013 04 20 15 32 53.545     2013 04 20 15 34 27.832      94.3
2013 04 20 18 49 58.584     2013 04 20 18 53 33.822     215.2
2013 04 20 20 27 53.594     2013 04 20 20 31 29.768     216.2
440
2013 04 20 15 29 10.747     2013 04 20 15 29 46.580      35.8
2013 04 20 22 04 50.500     2013 04 20 22 07 50.381     179.9
441
2013 04 20 20 34 50.890     2013 04 20 20 37 27.040     156.2
442
2013 04 20 10 34  9.093     2013 04 20 10 34 50.919      41.8
2013 04 20 20 39 19.916     2013 04 20 20 42 45.197     205.3
443
2013 04 20 12 15 53.452     2013 04 20 12 19 24.175     210.7
2013 04 20 20 33 35.433     2013 04 20 20 36 12.906     157.5
444
2013 04 20 12 13 49.534     2013 04 20 12 17  4.792     195.3
445
2013 04 20 20 39 54.349     2013 04 20 20 43 12.250     197.9
446
2013 04 20 18 56  8.589     2013 04 20 18 59  5.691     177.1
447
2013 04 20 10 41 21.465     2013 04 20 10 44  3.415     162.0
2013 04 20 18 57 35.067     2013 04 20 19 00 22.904     167.8
448
2013 04 20 12 15 51.978     2013 04 20 12 18 58.303     186.3
2013 04 20 20 31 42.678     2013 04 20 20 34 27.975     165.3
449
2013 04 20 20 30 20.046     2013 04 20 20 33 48.380     208.3
450
2013 04 20 13 50 44.972     2013 04 20 13 54  9.561     204.6
2013 04 20 22 06  2.332     2013 04 20 22 08 39.154     156.8
451
452
2013 04 20 10 32 50.299     2013 04 20 10 36 30.879     220.6
453
2013 04 20 22 08 48.657     2013 04 20 22 11 48.113     179.5
454
2013 04 20 12 19 54.498     2013 04 20 12 23 32.858     218.4
2013 04 20 13 57 51.471     2013 04 20 14 01 26.635     215.2
2013 04 20 17 14 33.054     2013 04 20 17 14 56.971      23.9
2013 04 20 18 53  8.354     2013 04 20 18 56  6.940     178.6
455
2013 04 20 12 17  6.483     2013 04 20 12 19 59.400     172.9
2013 04 20 20 32 34.617     2013 04 20 20 35 53.512     198.9
456
2013 04 20 00 10 33.988     2013 04 20 00 14 19.540     225.6
457
2013 04 20 12 16 38.796     2013 04 20 12 20 20.181     221.4
2013 04 20 20 31  2.185     2013 04 20 20 33 55.698     173.5
458
2013 04 20 12 15 35.335     2013 04 20 12 15 39.131       3.8
2013 04 20 20 33 59.648     2013 04 20 20 36 40.550     160.9
459
2013 04 20 10 37 18.143     2013 04 20 10 39 53.140     155.0
2013 04 20 20 37 22.917     2013 04 20 20 40 13.883     171.0
460
461
2013 04 20 22 09 14.242     2013 04 20 22 11 50.062     155.8
462
2013 04 20 12 11 30.588     2013 04 20 12 14  9.109     158.5
2013 04 20 22 12 19.733     2013 04 20 22 15   .507     160.8
463
2013 04 20 00 14 22.734     2013 04 20 00 17   .936     158.2
2013 04 20 12 04 51.934     2013 04 20 12 07 39.283     167.3
464
2013 04 20 10 40  8.814     2013 04 20 10 42 44.321     155.5
465
2013 04 20 22 12  9.588     2013 04 20 22 13 11.270      61.7
466
2013 04 20 12 20 26.132     2013 04 20 12 23  5.834     159.7
2013 04 20 18 54  6.506     2013 04 20 18 57   .053     173.5
467
2013 04 20 22 15 15.276     2013 04 20 22 18 55.522     220.2
468
2013 04 20 13 47  4.471     2013 04 20 13 48 46.823     102.4
469
2013 04 20 20 41 18.108     2013 04 20 20 44 16.925     178.8
470
2013 04 20 10 40  8.218     2013 04 20 10 43  1.141     172.9
471
2013 04 20 22 04 58.319     2013 04 20 22 07 46.076     167.8
472
2013 04 20 00 12  8.921     2013 04 20 00 14 44.023     155.1
473
2013 04 20 10 30 54.768     2013 04 20 10 34  8.647     193.9
2013 04 20 22 17 21.386     2013 04 20 22 20 15.310     173.9
474
2013 04 20 12 11 31.369     2013 04 20 12 14 30.953     179.6
2013 04 20 22 12 30.919     2013 04 20 22 15 28.446     177.5
475
2013 04 20 10 37  7.451     2013 04 20 10 40 40.549     213.1
2013 04 20 20 37 47.081     2013 04 20 20 41 30.145     223.1
476
2013 04 20 20 34 51.407     2013 04 20 20 37 27.184     155.8
477
2013 04 20 00 09 18.802     2013 04 20 00 12 30.128     191.3
2013 04 20 13 45 17.634     2013 04 20 13 45 53.422      35.8
478
2013 04 20 12 21 21.389     2013 04 20 12 21 54.485      33.1
2013 04 20 13 55 45.101     2013 04 20 13 55 59.779      14.7
2013 04 20 18 52 16.152     2013 04 20 18 55 58.311     222.2
479
2013 04 20 13 48 48.829     2013 04 20 13 51 23.862     155.0
480
481
2013 04 20 10 39 37.036     2013 04 20 10 42 20.942     163.9
482
2013 04 20 12 20 56.006     2013 04 20 12 23 33.324     157.3
2013 04 20 17 19 39.301     2013 04 20 17 19 54.844      15.5
2013 04 20 18 54  7.690     2013 04 20 18 57 33.205     205.5
483
2013 04 20 10 31 12.864     2013 04 20 10 31 59.072      46.2
2013 04 20 22 16 34.707     2013 04 20 22 19 48.703     194.0
484
2013 04 20 20 35 46.282     2013 04 20 20 38 22.257     156.0
485
2013 04 20 12 18 29.050     2013 04 20 12 21 10.934     161.9
2013 04 20 18 57 28.624     2013 04 20 18 57 54.548      25.9
486
2013 04 20 12 20 20.193     2013 04 20 12 23 28.941     188.7
2013 04 20 13 57 54.963     2013 04 20 13 58 44.676      49.7
2013 04 20 17 14 56.286     2013 04 20 17 15 16.290      20.0
2013 04 20 18 53 26.404     2013 04 20 18 56 33.850     187.4
487
488
2013 04 20 22 08 59.194     2013 04 20 22 11 40.405     161.2
489
2013 04 20 00 11 10.799     2013 04 20 00 13 45.068     154.3
490
2013 04 20 00 12 29.202     2013 04 20 00 15 30.322     181.1
491
2013 04 20 13 51 18.721     2013 04 20 13 54 31.088     192.4
2013 04 20 22 06   .338     2013 04 20 22 08 49.392     169.1
492
2013 04 20 12 16 14.519     2013 04 20 12 19  6.322     171.8
2013 04 20 20 33  4.122     2013 04 20 20 35 40.843     156.7
493
2013 04 20 12 14 16.582     2013 04 20 12 17 45.916     209.3
494
2013 04 20 10 39 38.160     2013 04 20 10 42 57.476     199.3
495
2013 04 20 10 35  7.928     2013 04 20 10 38 10.182     182.3
2013 04 20 20 40 34.655     2013 04 20 20 40 51.124      16.5
496
2013 04 20 13 48 23.106     2013 04 20 13 51  8.322     165.2
497
2013 04 20 08 57  3.570     2013 04 20 09 00 41.660     218.1
2013 04 20 20 41 40.072     2013 04 20 20 45 22.670     222.6
498
2013 04 20 20 42 56.810     2013 04 20 20 43 42.275      45.5
499
2013 04 20 12 20 43.050     2013 04 20 12 23 21.389     158.3
2013 04 20 18 54  4.575     2013 04 20 18 57 15.089     190.5
