s3
0
2013 04 20 13 45 43.907     2013 04 20 13 48 38.727     174.8
2013 04 20 22 02 43.124     2013 04 20 22 05 39.593     176.5
1
2013 04 20 00 03 26.076     2013 04 20 00 03 37.236      11.2
2013 04 20 23 44 25.392     2013 04 20 23 44 33.531       8.1
2
2013 04 20 22 00 41.754     2013 04 20 22 03 38.012     176.3
3
2013 04 20 22 09 59.682     2013 04 20 22 13 16.763     197.1
4
2013 04 20 13 47 41.885     2013 04 20 13 51 20.395     218.5
2013 04 20 20 24 47.949     2013 04 20 20 28  3.222     195.3
5
2013 04 20 12 08 34.193     2013 04 20 12 11 10.446     156.3
6
2013 04 20 22 04 26.769     2013 04 20 22 07 39.721     193.0
7
2013 04 20 12 04 21.187     2013 04 20 12 06 57.191     156.0
2013 04 20 22 07 46.366     2013 04 20 22 11  7.034     200.7
8
2013 04 20 10 28 41.930     2013 04 20 10 32 15.561     213.6
9
2013 04 20 12 11  4.417     2013 04 20 12 13 41.245     156.8
2013 04 20 20 27 34.849     2013 04 20 20 30 22.911     168.1
10
2013 04 20 00 03 58.842     2013 04 20 00 06 46.091     167.2
2013 04 20 23 44 58.474     2013 04 20 23 47 45.564     167.1
11
2013 04 20 13 48 51.467     2013 04 20 13 52  3.849     192.4
2013 04 20 15 26 32.904     2013 04 20 15 26 33.769        .9
2013 04 20 20 23 12.579     2013 04 20 20 25 56.601     164.0
12
2013 04 20 12 08 35.591     2013 04 20 12 11 22.920     167.3
13
2013 04 20 22 00  2.120     2013 04 20 22 03 38.803     216.7
14
2013 04 20 12 05  3.235     2013 04 20 12 08   .718     177.5
2013 04 20 22 08 15.789     2013 04 20 22 10 52.985     157.2
15
2013 04 20 13 45 40.048     2013 04 20 13 48 59.911     199.9
2013 04 20 22 02 55.748     2013 04 20 22 06  5.711     190.0
16
17
2013 04 20 10 25 26.749     2013 04 20 10 28 11.597     164.8
2013 04 20 22 12 44.017     2013 04 20 22 16 14.264     210.2
18
2013 04 20 12 10 19.771     2013 04 20 12 12 58.949     159.2
2013 04 20 20 27 23.914     2013 04 20 20 30  7.515     163.6
19
2013 04 20 10 27  4.856     2013 04 20 10 29 48.231     163.4
20
2013 04 20 13 47 40.368     2013 04 20 13 50 53.371     193.0
2013 04 20 20 24 20.209     2013 04 20 20 27 52.613     212.4
21
2013 04 20 12 10 45.546     2013 04 20 12 13 22.778     157.2
2013 04 20 20 27 44.895     2013 04 20 20 30 23.871     159.0
22
2013 04 20 12 10 40.925     2013 04 20 12 13 56.464     195.5
2013 04 20 20 26 39.249     2013 04 20 20 29 19.206     160.0
23
2013 04 20 00 07  8.618     2013 04 20 00 09 53.563     164.9
2013 04 20 11 59 21.117     2013 04 20 12 02 11.228     170.1
24
2013 04 20 15 22 59.648     2013 04 20 15 26 23.463     203.8
2013 04 20 21 59 39.441     2013 04 20 22 02 26.424     167.0
25
2013 04 20 20 28 46.353     2013 04 20 20 32 10.136     203.8
26
2013 04 20 15 26  5.706     2013 04 20 15 29 14.000     188.3
2013 04 20 20 22  8.071     2013 04 20 20 24 50.758     162.7
27
2013 04 20 12 01 12.378     2013 04 20 12 03 50.474     158.1
28
2013 04 20 12 10 44.547     2013 04 20 12 13 20.763     156.2
2013 04 20 20 27 39.760     2013 04 20 20 30 18.187     158.4
29
2013 04 20 10 25  9.476     2013 04 20 10 28 49.797     220.3
2013 04 20 22 12  5.981     2013 04 20 22 15 16.778     190.8
30
31
32
2013 04 20 12 02  8.100     2013 04 20 12 05  8.816     180.7
33
2013 04 20 10 30 41.389     2013 04 20 10 33 18.315     156.9
2013 04 20 20 32 59.997     2013 04 20 20 35 37.200     157.2
34
2013 04 20 08 49 58.029     2013 04 20 08 53 40.598     222.6
2013 04 20 20 37 45.117     2013 04 20 20 40 33.438     168.3
35
2013 04 20 13 47 13.570     2013 04 20 13 50 48.998     215.4
2013 04 20 20 22 20.983     2013 04 20 20 25 54.192     213.2
36
2013 04 20 12 05 16.680     2013 04 20 12 08 42.660     206.0
2013 04 20 22 06 24.669     2013 04 20 22 09  5.842     161.2
37
2013 04 20 20 30  5.919     2013 04 20 20 32 48.287     162.4
38
2013 04 20 12 09 27.670     2013 04 20 12 12 37.921     190.3
2013 04 20 20 26 33.108     2013 04 20 20 30   .935     207.8
39
2013 04 20 12 15 11.122     2013 04 20 12 15 40.258      29.1
2013 04 20 20 25 12.853     2013 04 20 20 26 33.054      80.2
40
2013 04 20 12 09 54.256     2013 04 20 12 12 59.263     185.0
2013 04 20 20 26 48.024     2013 04 20 20 29 45.978     178.0
41
2013 04 20 22 10 43.854     2013 04 20 22 13 54.729     190.9
42
2013 04 20 10 31 36.646     2013 04 20 10 32 12.320      35.7
2013 04 20 20 30 42.589     2013 04 20 20 33 46.790     184.2
43
2013 04 20 20 36 49.337     2013 04 20 20 39 48.187     178.9
44
2013 04 20 00 03 26.074     2013 04 20 00 06 51.633     205.6
2013 04 20 23 44 25.794     2013 04 20 23 47 51.021     205.2
45
2013 04 20 12 01 55.644     2013 04 20 12 04 46.034     170.4
46
2013 04 20 12 01  4.014     2013 04 20 12 04 30.569     206.6
47
2013 04 20 20 36  9.879     2013 04 20 20 39  1.363     171.5
48
2013 04 20 12 03 34.770     2013 04 20 12 06 28.426     173.7
49
2013 04 20 20 37 42.713     2013 04 20 20 40 42.759     180.0
50
2013 04 20 10 26 53.402     2013 04 20 10 29 28.003     154.6
51
2013 04 20 12 05 37.281     2013 04 20 12 08 19.209     161.9
2013 04 20 22 07  6.100     2013 04 20 22 09 43.362     157.3
52
2013 04 20 13 49 51.603     2013 04 20 13 50  7.957      16.4
2013 04 20 22 00 11.944     2013 04 20 22 03 42.313     210.4
53
2013 04 20 00 05  9.225     2013 04 20 00 08 19.754     190.5
54
2013 04 20 12 12 44.197     2013 04 20 12 15 43.885     179.7
2013 04 20 18 47 58.124     2013 04 20 18 51 42.035     223.9
55
56
2013 04 20 22 11 31.024     2013 04 20 22 14 31.187     180.2
57
2013 04 20 12 10 38.623     2013 04 20 12 13 41.012     182.4
2013 04 20 20 26 52.353     2013 04 20 20 29 30.657     158.3
58
59
2013 04 20 10 32 29.824     2013 04 20 10 35 12.391     162.6
60
2013 04 20 12 01 35.969     2013 04 20 12 01 50.606      14.6
61
2013 04 20 12 13 23.088     2013 04 20 12 16   .594     157.5
2013 04 20 18 48 51.198     2013 04 20 18 52  1.645     190.4
62
2013 04 20 10 25 30.231     2013 04 20 10 26 30.925      60.7
63
2013 04 20 12 08 58.993     2013 04 20 12 11 57.053     178.1
2013 04 20 20 30 42.207     2013 04 20 20 30 43.840       1.6
64
2013 04 20 00 07 18.287     2013 04 20 00 07 25.692       7.4
2013 04 20 11 59 50.505     2013 04 20 12 02 57.599     187.1
65
2013 04 20 20 29  1.953     2013 04 20 20 29  2.904       1.0
66
2013 04 20 22 08 29.091     2013 04 20 22 11 53.831     204.7
67
2013 04 20 10 26 26.635     2013 04 20 10 29 13.791     167.2
68
2013 04 20 12 03  2.617     2013 04 20 12 05 53.963     171.3
69
2013 04 20 10 30 12.225     2013 04 20 10 32 58.839     166.6
2013 04 20 20 33 24.495     2013 04 20 20 36  4.646     160.2
70
2013 04 20 13 47 18.570     2013 04 20 13 49 59.543     161.0
71
2013 04 20 22 05 26.939     2013 04 20 22 08  4.390     157.5
72
2013 04 20 20 37  3.218     2013 04 20 20 40 41.873     218.7
73
2013 04 20 13 48  6.482     2013 04 20 13 50 52.617     166.1
2013 04 20 20 23 21.025     2013 04 20 20 26 24.426     183.4
74
2013 04 20 00 02 24.671     2013 04 20 00 06  6.475     221.8
2013 04 20 13 38  2.207     2013 04 20 13 41 22.732     200.5
2013 04 20 23 43 24.003     2013 04 20 23 47  6.228     222.2
75
2013 04 20 13 47 23.232     2013 04 20 13 50 21.754     178.5
2013 04 20 20 22 37.761     2013 04 20 20 26 30.970     233.2
76
2013 04 20 15 23 38.978     2013 04 20 15 26 16.218     157.2
2013 04 20 21 58 43.675     2013 04 20 22 01 22.045     158.4
77
2013 04 20 10 27 48.462     2013 04 20 10 28 59.503      71.0
2013 04 20 20 37 37.787     2013 04 20 20 38 24.056      46.3
78
2013 04 20 12 15 15.089     2013 04 20 12 17 52.435     157.3
2013 04 20 17 10 32.467     2013 04 20 17 10 41.501       9.0
2013 04 20 18 49   .311     2013 04 20 18 52 30.952     210.6
79
80
2013 04 20 12 02 31.315     2013 04 20 12 06  9.010     217.7
81
82
2013 04 20 13 48 25.430     2013 04 20 13 52 16.357     230.9
2013 04 20 15 26 37.296     2013 04 20 15 30 13.657     216.4
2013 04 20 20 22 46.602     2013 04 20 20 25 28.964     162.4
83
2013 04 20 20 34 52.368     2013 04 20 20 38 14.696     202.3
84
2013 04 20 22 00 43.262     2013 04 20 22 03 40.207     176.9
85
2013 04 20 12 13 42.862     2013 04 20 12 16 19.961     157.1
2013 04 20 18 49  6.620     2013 04 20 18 51 57.165     170.5
86
2013 04 20 15 26 32.520     2013 04 20 15 29 45.996     193.5
2013 04 20 20 22 26.505     2013 04 20 20 25  6.112     159.6
87
2013 04 20 10 32 34.318     2013 04 20 10 34  4.115      89.8
88
2013 04 20 13 44 58.687     2013 04 20 13 47 39.032     160.3
2013 04 20 22 02 40.782     2013 04 20 22 05 23.492     162.7
89
2013 04 20 10 35 38.941     2013 04 20 10 39  6.406     207.5
2013 04 20 18 51 49.851     2013 04 20 18 54 27.894     158.0
90
2013 04 20 12 07 35.244     2013 04 20 12 10 38.658     183.4
91
2013 04 20 12 05  8.116     2013 04 20 12 05  8.867        .8
2013 04 20 22 06  4.045     2013 04 20 22 08 46.431     162.4
92
2013 04 20 12 03 22.214     2013 04 20 12 07  3.266     221.1
2013 04 20 22 09   .204     2013 04 20 22 12 16.296     196.1
93
2013 04 20 12 10 24.805     2013 04 20 12 13   .896     156.1
2013 04 20 20 27 36.688     2013 04 20 20 30 17.490     160.8
94
2013 04 20 12 02 19.360     2013 04 20 12 04 56.172     156.8
95
2013 04 20 22 11 32.633     2013 04 20 22 14 45.284     192.7
96
2013 04 20 22 11 48.707     2013 04 20 22 14 28.310     159.6
97
2013 04 20 10 29 15.023     2013 04 20 10 29 24.468       9.4
2013 04 20 22 11 35.483     2013 04 20 22 14 52.217     196.7
98
2013 04 20 13 45 16.426     2013 04 20 13 47 53.180     156.8
2013 04 20 22 02 15.826     2013 04 20 22 04 54.461     158.6
99
2013 04 20 10 31 41.299     2013 04 20 10 35  1.692     200.4
2013 04 20 20 31  6.799     2013 04 20 20 34  9.727     182.9
100
2013 04 20 13 48 58.390     2013 04 20 13 52  4.597     186.2
2013 04 20 20 24 49.804     2013 04 20 20 27 29.959     160.2
101
2013 04 20 22 09 38.910     2013 04 20 22 12 32.832     173.9
102
2013 04 20 12 11 54.171     2013 04 20 12 15 33.323     219.2
2013 04 20 20 25 20.242     2013 04 20 20 25 31.119      10.9
103
2013 04 20 12 14 14.965     2013 04 20 12 16 52.244     157.3
2013 04 20 18 49 16.293     2013 04 20 18 51 54.808     158.5
104
105
2013 04 20 13 42 46.225     2013 04 20 13 46 25.462     219.2
106
2013 04 20 00 06 47.789     2013 04 20 00 09 39.971     172.2
2013 04 20 11 59 33.621     2013 04 20 12 02 33.100     179.5
107
2013 04 20 10 28 45.298     2013 04 20 10 29  3.666      18.4
2013 04 20 20 34 37.853     2013 04 20 20 37 26.178     168.3
108
109
110
2013 04 20 12 06 42.388     2013 04 20 12 09 55.797     193.4
2013 04 20 22 05 41.436     2013 04 20 22 09  1.852     200.4
111
2013 04 20 13 45 26.138     2013 04 20 13 46 21.843      55.7
2013 04 20 22 03 13.540     2013 04 20 22 06 37.911     204.4
112
2013 04 20 10 26 10.275     2013 04 20 10 27 30.076      79.8
113
2013 04 20 00 05 22.503     2013 04 20 00 08 54.305     211.8
114
2013 04 20 00 01 16.280     2013 04 20 00 03 10.610     114.3
2013 04 20 13 40 46.319     2013 04 20 13 44 18.424     212.1
2013 04 20 23 42 16.025     2013 04 20 23 44 15.628     119.6
115
2013 04 20 22 11 40.022     2013 04 20 22 15 11.867     211.8
116
2013 04 20 13 49 15.582     2013 04 20 13 52 11.921     176.3
2013 04 20 20 23 23.221     2013 04 20 20 26 17.917     174.7
117
2013 04 20 12 17 21.020     2013 04 20 12 17 36.915      15.9
2013 04 20 13 51 51.788     2013 04 20 13 55 14.505     202.7
2013 04 20 18 47 51.543     2013 04 20 18 50 32.419     160.9
118
2013 04 20 12 04 16.436     2013 04 20 12 06 51.598     155.2
2013 04 20 22 07 27.194     2013 04 20 22 11  2.961     215.8
119
2013 04 20 15 24 51.932     2013 04 20 15 27 44.208     172.3
2013 04 20 20 20 36.585     2013 04 20 20 20 40.941       4.4
2013 04 20 21 58 54.129     2013 04 20 22 02 43.539     229.4
120
121
2013 04 20 13 46 45.895     2013 04 20 13 49 23.312     157.4
2013 04 20 22 01 19.967     2013 04 20 22 03  2.990     103.0
122
2013 04 20 15 24  9.188     2013 04 20 15 27 53.657     224.5
2013 04 20 21 59 47.714     2013 04 20 22 03  5.215     197.5
123
2013 04 20 13 41 11.251     2013 04 20 13 41 58.785      47.5
124
2013 04 20 18 50 57.697     2013 04 20 18 53 48.470     170.8
125
2013 04 20 12 12 16.821     2013 04 20 12 15  1.243     164.4
126
2013 04 20 12 15  5.648     2013 04 20 12 17 56.731     171.1
2013 04 20 17 10 15.176     2013 04 20 17 14  2.569     227.4
2013 04 20 18 48 30.335     2013 04 20 18 52  2.523     212.2
127
2013 04 20 12 15 40.169     2013 04 20 12 18 32.219     172.0
2013 04 20 17 11 28.061     2013 04 20 17 15  9.747     221.7
2013 04 20 18 49 14.593     2013 04 20 18 49 18.380       3.8
128
2013 04 20 15 24 34.946     2013 04 20 15 27 34.067     179.1
2013 04 20 21 59 10.199     2013 04 20 22 02 37.627     207.4
129
2013 04 20 13 50 52.412     2013 04 20 13 53 30.240     157.8
2013 04 20 18 46 18.747     2013 04 20 18 49 18.411     179.7
130
2013 04 20 10 25 22.899     2013 04 20 10 26  5.445      42.5
131
2013 04 20 18 50 52.959     2013 04 20 18 53 31.593     158.6
132
133
134
2013 04 20 20 29 41.836     2013 04 20 20 32 21.159     159.3
135
2013 04 20 10 29 21.402     2013 04 20 10 32 54.305     212.9
2013 04 20 20 34 10.756     2013 04 20 20 36 55.164     164.4
136
137
2013 04 20 10 27 41.979     2013 04 20 10 30 18.106     156.1
138
2013 04 20 10 24 28.884     2013 04 20 10 27 17.691     168.8
2013 04 20 22 13 31.879     2013 04 20 22 16 13.007     161.1
139
2013 04 20 13 47  6.802     2013 04 20 13 49 45.492     158.7
140
2013 04 20 12 13 26.144     2013 04 20 12 16 10.320     164.2
2013 04 20 18 49 22.194     2013 04 20 18 52 29.195     187.0
141
2013 04 20 12 10  4.085     2013 04 20 12 13 21.583     197.5
2013 04 20 20 28 35.859     2013 04 20 20 31 13.741     157.9
142
2013 04 20 12 01 18.206     2013 04 20 12 04  8.878     170.7
143
2013 04 20 22 04 22.691     2013 04 20 22 07 11.424     168.7
144
2013 04 20 10 31 11.656     2013 04 20 10 33 47.226     155.6
2013 04 20 20 32 28.051     2013 04 20 20 35 10.419     162.4
145
2013 04 20 12 13 44.532     2013 04 20 12 16 24.674     160.1
2013 04 20 18 48 57.893     2013 04 20 18 51 44.973     167.1
146
2013 04 20 20 29 11.552     2013 04 20 20 29 20.720       9.2
147
148
2013 04 20 12 13 30.699     2013 04 20 12 16 57.462     206.8
2013 04 20 18 50 13.773     2013 04 20 18 53   .542     166.8
149
2013 04 20 12 09 48.636     2013 04 20 12 10  8.330      19.7
2013 04 20 20 29  5.846     2013 04 20 20 31 46.143     160.3
150
2013 04 20 10 32 20.744     2013 04 20 10 35  9.408     168.7
2013 04 20 20 31  1.886     2013 04 20 20 34 48.856     227.0
151
2013 04 20 22 09 52.843     2013 04 20 22 12 55.003     182.2
152
2013 04 20 00 03 40.031     2013 04 20 00 06 22.125     162.1
2013 04 20 23 44 39.634     2013 04 20 23 47 21.624     162.0
153
2013 04 20 22 11  1.082     2013 04 20 22 13 44.865     163.8
154
2013 04 20 10 27 15.479     2013 04 20 10 29 50.339     154.9
155
2013 04 20 10 25 58.860     2013 04 20 10 28 54.511     175.7
156
2013 04 20 15 23  5.746     2013 04 20 15 26 15.085     189.3
2013 04 20 21 59 28.664     2013 04 20 22 02 15.559     166.9
157
2013 04 20 20 35 15.086     2013 04 20 20 38  8.232     173.1
158
2013 04 20 20 29 58.004     2013 04 20 20 33 20.245     202.2
159
2013 04 20 10 35 42.208     2013 04 20 10 38 19.380     157.2
2013 04 20 18 52 46.173     2013 04 20 18 55 26.710     160.5
160
2013 04 20 18 50 59.786     2013 04 20 18 53 57.268     177.5
161
2013 04 20 22 12  1.879     2013 04 20 22 15 46.676     224.8
162
2013 04 20 10 28 31.752     2013 04 20 10 31 10.301     158.5
163
2013 04 20 10 29 27.142     2013 04 20 10 33  2.349     215.2
2013 04 20 20 31 28.803     2013 04 20 20 35 11.413     222.6
164
2013 04 20 13 48 20.729     2013 04 20 13 51 17.186     176.5
2013 04 20 20 24 30.203     2013 04 20 20 27 21.886     171.7
165
2013 04 20 20 29 16.553     2013 04 20 20 32 25.075     188.5
166
2013 04 20 00 02  3.487     2013 04 20 00 05 12.543     189.1
2013 04 20 13 39 59.461     2013 04 20 13 43 45.948     226.5
2013 04 20 23 43  3.178     2013 04 20 23 46 11.960     188.8
167
2013 04 20 13 50 15.534     2013 04 20 13 53 27.862     192.3
2013 04 20 18 46 23.251     2013 04 20 18 50 16.230     233.0
2013 04 20 20 24 17.816     2013 04 20 20 24 26.076       8.3
168
2013 04 20 20 35 41.788     2013 04 20 20 38 19.047     157.3
169
2013 04 20 10 29  8.707     2013 04 20 10 32 22.564     193.9
2013 04 20 20 33 55.617     2013 04 20 20 37  3.228     187.6
170
171
2013 04 20 15 25 33.112     2013 04 20 15 28 11.748     158.6
2013 04 20 20 21  2.547     2013 04 20 20 24  7.167     184.6
172
2013 04 20 20 29 25.606     2013 04 20 20 32 16.838     171.2
173
174
2013 04 20 13 51 27.357     2013 04 20 13 54 32.036     184.7
2013 04 20 18 47 24.262     2013 04 20 18 50  4.870     160.6
175
2013 04 20 10 25 56.017     2013 04 20 10 27 46.228     110.2
176
2013 04 20 12 08 37.866     2013 04 20 12 12 20.455     222.6
2013 04 20 20 28 34.703     2013 04 20 20 32 17.033     222.3
177
2013 04 20 12 11 22.298     2013 04 20 12 13 59.531     157.2
2013 04 20 20 27 24.537     2013 04 20 20 30 29.646     185.1
178
2013 04 20 13 48 43.204     2013 04 20 13 52 10.512     207.3
2013 04 20 20 25  5.665     2013 04 20 20 27 44.215     158.6
179
2013 04 20 13 43  2.238     2013 04 20 13 45 58.436     176.2
180
2013 04 20 10 33 48.254     2013 04 20 10 36 30.031     161.8
181
2013 04 20 22 03 32.411     2013 04 20 22 06 52.081     199.7
182
2013 04 20 00 02 21.993     2013 04 20 00 04 59.085     157.1
2013 04 20 13 39 24.914     2013 04 20 13 42 44.279     199.4
2013 04 20 23 43 21.525     2013 04 20 23 45 58.652     157.1
183
2013 04 20 10 27 32.469     2013 04 20 10 31 17.524     225.1
184
2013 04 20 12 13  4.335     2013 04 20 12 16 43.813     219.5
2013 04 20 18 50  9.733     2013 04 20 18 53 16.432     186.7
185
2013 04 20 13 43 59.331     2013 04 20 13 47 46.863     227.5
2013 04 20 22 00 51.348     2013 04 20 22 04 16.837     205.5
186
2013 04 20 13 46 13.340     2013 04 20 13 46 43.042      29.7
2013 04 20 22 00 11.940     2013 04 20 22 03 56.742     224.8
187
2013 04 20 00 00   .000     2013 04 20 00 02 38.792     158.8
2013 04 20 13 41 42.047     2013 04 20 13 45  9.834     207.8
2013 04 20 23 39 54.687     2013 04 20 23 43 38.184     223.5
188
189
2013 04 20 10 30   .716     2013 04 20 10 32 47.239     166.5
2013 04 20 20 32 20.947     2013 04 20 20 35 29.247     188.3
190
2013 04 20 13 48 50.339     2013 04 20 13 51 31.980     161.6
2013 04 20 20 23 46.009     2013 04 20 20 26 24.423     158.4
191
2013 04 20 13 46 56.622     2013 04 20 13 49 37.349     160.7
2013 04 20 22 01   .169     2013 04 20 22 01 15.413      15.2
192
2013 04 20 00 06 19.613     2013 04 20 00 09 33.899     194.3
2013 04 20 11 59 58.561     2013 04 20 12 03  2.452     183.9
193
194
2013 04 20 15 26  2.717     2013 04 20 15 29 16.122     193.4
2013 04 20 20 22 10.862     2013 04 20 20 24 54.709     163.8
195
2013 04 20 13 44 39.665     2013 04 20 13 47 26.462     166.8
2013 04 20 22 02 49.038     2013 04 20 22 05 41.271     172.2
196
197
2013 04 20 15 24 11.508     2013 04 20 15 27  3.259     171.8
2013 04 20 21 58  8.595     2013 04 20 22 01 12.535     183.9
198
2013 04 20 13 49 30.369     2013 04 20 13 52 59.615     209.2
2013 04 20 20 24 54.523     2013 04 20 20 28 10.396     195.9
199
2013 04 20 10 40 15.485     2013 04 20 10 40 36.525      21.0
2013 04 20 18 50 47.223     2013 04 20 18 54 13.997     206.8
200
2013 04 20 13 48 38.095     2013 04 20 13 51 40.414     182.3
2013 04 20 20 24 43.878     2013 04 20 20 27 23.842     160.0
201
2013 04 20 13 47 44.972     2013 04 20 13 50 25.435     160.5
2013 04 20 20 23 38.125     2013 04 20 20 27 22.036     223.9
202
2013 04 20 13 48 15.488     2013 04 20 13 52  3.309     227.8
2013 04 20 20 25 15.203     2013 04 20 20 27 56.498     161.3
203
2013 04 20 12 12 27.670     2013 04 20 12 13 54.266      86.6
2013 04 20 18 49 55.434     2013 04 20 18 53 44.212     228.8
204
2013 04 20 20 35 23.274     2013 04 20 20 38 28.371     185.1
205
2013 04 20 10 31 55.447     2013 04 20 10 35  7.203     191.8
2013 04 20 20 31  2.159     2013 04 20 20 34 18.742     196.6
206
2013 04 20 12 01 27.854     2013 04 20 12 04 14.701     166.8
207
2013 04 20 00 00   .000     2013 04 20 00 00 16.417      16.4
2013 04 20 13 41 57.776     2013 04 20 13 44 33.279     155.5
2013 04 20 23 40 43.145     2013 04 20 23 41 17.557      34.4
208
2013 04 20 15 25 20.268     2013 04 20 15 28  2.824     162.6
2013 04 20 20 20 57.093     2013 04 20 20 24 19.970     202.9
209
2013 04 20 11 59 55.374     2013 04 20 12 00  5.324      10.0
210
2013 04 20 00 00   .000     2013 04 20 00 02 40.325     160.3
2013 04 20 13 41  3.824     2013 04 20 13 44 21.385     197.6
2013 04 20 23 40 42.264     2013 04 20 23 43 39.773     177.5
211
2013 04 20 20 29 54.209     2013 04 20 20 33 13.811     199.6
212
213
2013 04 20 10 30 21.868     2013 04 20 10 30 35.026      13.2
2013 04 20 20 33 42.699     2013 04 20 20 37  3.073     200.4
214
2013 04 20 12 11 59.789     2013 04 20 12 14 42.970     163.2
2013 04 20 20 26 24.010     2013 04 20 20 30 17.123     233.1
215
2013 04 20 00 06 48.356     2013 04 20 00 09 39.619     171.3
2013 04 20 11 59 32.357     2013 04 20 12 02 32.316     180.0
216
2013 04 20 13 46 23.822     2013 04 20 13 49 58.949     215.1
217
2013 04 20 12 10  5.655     2013 04 20 12 12 44.167     158.5
2013 04 20 20 27 22.870     2013 04 20 20 30 16.813     173.9
218
2013 04 20 12 10 59.972     2013 04 20 12 13 42.452     162.5
2013 04 20 20 27 10.157     2013 04 20 20 29 53.929     163.8
219
220
2013 04 20 15 25 28.937     2013 04 20 15 28  6.652     157.7
2013 04 20 20 20 50.315     2013 04 20 20 23 53.309     183.0
221
222
2013 04 20 10 30 11.183     2013 04 20 10 32 47.265     156.1
2013 04 20 20 33  4.728     2013 04 20 20 35 52.950     168.2
223
2013 04 20 20 30 30.508     2013 04 20 20 33 11.563     161.1
224
2013 04 20 12 02 14.785     2013 04 20 12 05  3.824     169.0
225
226
2013 04 20 15 24 14.257     2013 04 20 15 27 47.928     213.7
2013 04 20 21 59 40.499     2013 04 20 22 02 58.700     198.2
227
2013 04 20 18 50 29.362     2013 04 20 18 53 45.676     196.3
228
2013 04 20 10 34 24.384     2013 04 20 10 35 12.606      48.2
2013 04 20 20 30 54.186     2013 04 20 20 33 40.132     165.9
229
2013 04 20 10 30 56.316     2013 04 20 10 31 17.955      21.6
2013 04 20 20 33  6.212     2013 04 20 20 33 59.639      53.4
230
2013 04 20 12 01 36.695     2013 04 20 12 05 12.474     215.8
231
2013 04 20 22 11  3.320     2013 04 20 22 14 14.462     191.1
232
2013 04 20 10 25 55.266     2013 04 20 10 28 56.977     181.7
2013 04 20 22 11 52.390     2013 04 20 22 12 47.184      54.8
233
2013 04 20 13 50 46.478     2013 04 20 13 53 31.820     165.3
2013 04 20 18 46 27.982     2013 04 20 18 49 39.483     191.5
234
2013 04 20 12 03 56.462     2013 04 20 12 06 44.421     168.0
2013 04 20 22 08  8.892     2013 04 20 22 11 40.326     211.4
235
2013 04 20 12 05 27.880     2013 04 20 12 08 42.117     194.2
2013 04 20 22 08  6.383     2013 04 20 22 11  1.942     175.6
236
237
2013 04 20 13 42 50.702     2013 04 20 13 46 38.372     227.7
238
2013 04 20 12 04 58.335     2013 04 20 12 07 34.538     156.2
2013 04 20 22 07 48.764     2013 04 20 22 10 34.747     166.0
239
2013 04 20 10 34 35.156     2013 04 20 10 38 22.049     226.9
2013 04 20 18 51 25.609     2013 04 20 18 54 46.351     200.7
240
2013 04 20 20 36 24.095     2013 04 20 20 39 33.949     189.9
241
2013 04 20 22 04 24.327     2013 04 20 22 08  1.500     217.2
242
2013 04 20 15 25 29.416     2013 04 20 15 28 21.561     172.1
2013 04 20 20 21 19.419     2013 04 20 20 24 33.160     193.7
243
2013 04 20 12 13 25.816     2013 04 20 12 16 58.529     212.7
2013 04 20 18 50 16.636     2013 04 20 18 53  5.133     168.5
244
2013 04 20 00 02 15.355     2013 04 20 00 05 26.380     191.0
2013 04 20 13 38 41.186     2013 04 20 13 41 45.798     184.6
2013 04 20 23 43 14.730     2013 04 20 23 46 26.093     191.4
245
2013 04 20 13 44 36.497     2013 04 20 13 47 19.697     163.2
2013 04 20 22 01 53.313     2013 04 20 22 05   .082     186.8
246
2013 04 20 10 25 58.220     2013 04 20 10 28 37.847     159.6
2013 04 20 22 12 14.917     2013 04 20 22 12 34.094      19.2
247
248
2013 04 20 10 27 19.884     2013 04 20 10 28 22.416      62.5
2013 04 20 22 12 29.172     2013 04 20 22 15  9.801     160.6
249
2013 04 20 10 26 56.132     2013 04 20 10 29 48.582     172.5
250
2013 04 20 13 42 59.661     2013 04 20 13 46 13.039     193.4
251
2013 04 20 13 44 32.594     2013 04 20 13 47 59.191     206.6
2013 04 20 22 01 15.687     2013 04 20 22 04 11.600     175.9
252
253
2013 04 20 15 25 34.189     2013 04 20 15 28 16.427     162.2
2013 04 20 20 21 10.923     2013 04 20 20 24 17.224     186.3
254
2013 04 20 00 03 23.872     2013 04 20 00 06 37.854     194.0
2013 04 20 23 44 23.238     2013 04 20 23 47 37.579     194.3
255
2013 04 20 13 43 35.356     2013 04 20 13 46 14.380     159.0
256
2013 04 20 12 10  8.541     2013 04 20 12 12 45.899     157.4
2013 04 20 20 27 48.012     2013 04 20 20 30 36.456     168.4
257
2013 04 20 00 05 26.680     2013 04 20 00 09 16.115     229.4
2013 04 20 12 00 27.550     2013 04 20 12 03 53.307     205.8
258
2013 04 20 22 08 27.802     2013 04 20 22 08 33.371       5.6
259
2013 04 20 12 10 38.526     2013 04 20 12 13 29.744     171.2
2013 04 20 20 28  7.717     2013 04 20 20 30 48.036     160.3
260
2013 04 20 11 59 56.003     2013 04 20 12 03 26.075     210.1
261
2013 04 20 13 50 21.225     2013 04 20 13 52 58.623     157.4
2013 04 20 18 45 43.701     2013 04 20 18 49 18.029     214.3
2013 04 20 20 23 31.558     2013 04 20 20 24 12.755      41.2
262
2013 04 20 10 30 36.840     2013 04 20 10 33 59.397     202.6
2013 04 20 20 33 29.512     2013 04 20 20 36 24.957     175.4
263
2013 04 20 15 22 37.505     2013 04 20 15 26  8.638     211.1
2013 04 20 21 59 33.287     2013 04 20 22 02 38.097     184.8
264
2013 04 20 10 27 32.658     2013 04 20 10 30  8.468     155.8
265
2013 04 20 00 04 47.309     2013 04 20 00 07 34.379     167.1
266
2013 04 20 12 07 29.275     2013 04 20 12 11  8.218     218.9
267
2013 04 20 10 33 23.885     2013 04 20 10 37  7.290     223.4
268
2013 04 20 13 50 16.134     2013 04 20 13 53 14.225     178.1
2013 04 20 18 46  9.233     2013 04 20 18 50  3.004     233.8
2013 04 20 20 24  9.075     2013 04 20 20 24 46.415      37.3
269
2013 04 20 13 48 55.043     2013 04 20 13 49  6.431      11.4
2013 04 20 22 00 48.335     2013 04 20 22 03 26.550     158.2
270
2013 04 20 22 09  4.042     2013 04 20 22 09 21.018      17.0
271
2013 04 20 12 13 29.423     2013 04 20 12 16 46.946     197.5
2013 04 20 18 50  4.627     2013 04 20 18 52 55.309     170.7
272
2013 04 20 10 34 35.680     2013 04 20 10 37 17.482     161.8
2013 04 20 18 52 57.075     2013 04 20 18 56 37.968     220.9
273
274
2013 04 20 12 05 11.107     2013 04 20 12 07 53.281     162.2
2013 04 20 22 07 58.548     2013 04 20 22 10 36.193     157.6
275
2013 04 20 10 30  1.238     2013 04 20 10 30 33.816      32.6
2013 04 20 20 34  1.821     2013 04 20 20 36 56.164     174.3
276
277
2013 04 20 12 04 41.915     2013 04 20 12 06  3.643      81.7
278
279
2013 04 20 13 44 30.211     2013 04 20 13 48 16.424     226.2
2013 04 20 22 03 39.667     2013 04 20 22 06 17.484     157.8
280
2013 04 20 12 04 23.819     2013 04 20 12 06 58.656     154.8
2013 04 20 22 07 38.281     2013 04 20 22 11   .378     202.1
281
2013 04 20 13 45  9.222     2013 04 20 13 48  7.769     178.5
2013 04 20 22 01 42.038     2013 04 20 22 04 21.346     159.3
282
2013 04 20 10 34 50.096     2013 04 20 10 37 26.478     156.4
2013 04 20 18 52 47.757     2013 04 20 18 56 15.463     207.7
283
2013 04 20 00 04 31.106     2013 04 20 00 07 22.836     171.7
2013 04 20 23 45 30.756     2013 04 20 23 48 22.292     171.5
284
285
2013 04 20 13 49 23.003     2013 04 20 13 52 16.822     173.8
2013 04 20 20 24 34.621     2013 04 20 20 27 26.915     172.3
286
2013 04 20 20 36 20.424     2013 04 20 20 39 11.143     170.7
287
2013 04 20 12 12 43.477     2013 04 20 12 16  1.372     197.9
2013 04 20 18 47 52.318     2013 04 20 18 51 20.405     208.1
288
2013 04 20 12 02 30.912     2013 04 20 12 05 17.605     166.7
289
2013 04 20 12 06 30.198     2013 04 20 12 09 20.537     170.3
2013 04 20 22 06 18.632     2013 04 20 22 09 23.569     184.9
290
2013 04 20 12 01 57.225     2013 04 20 12 04 34.555     157.3
291
2013 04 20 12 03 40.309     2013 04 20 12 06 43.509     183.2
2013 04 20 22 08 26.011     2013 04 20 22 11 59.110     213.1
292
293
2013 04 20 12 04 17.226     2013 04 20 12 07 20.184     183.0
2013 04 20 22 08 30.147     2013 04 20 22 11 23.884     173.7
294
2013 04 20 20 30 53.156     2013 04 20 20 33 35.896     162.7
295
2013 04 20 13 47 11.856     2013 04 20 13 47 44.147      32.3
2013 04 20 20 24 49.576     2013 04 20 20 28 30.951     221.4
296
297
2013 04 20 13 42 28.001     2013 04 20 13 45  4.087     156.1
298
299
2013 04 20 10 30 29.272     2013 04 20 10 33 14.848     165.6
2013 04 20 20 32 22.480     2013 04 20 20 35  7.149     164.7
300
2013 04 20 20 29  1.946     2013 04 20 20 32 21.204     199.3
301
302
2013 04 20 12 09 54.569     2013 04 20 12 13 35.673     221.1
2013 04 20 20 28 51.482     2013 04 20 20 31 29.212     157.7
303
2013 04 20 13 42 36.194     2013 04 20 13 46  4.902     208.7
304
2013 04 20 12 13  5.789     2013 04 20 12 15 56.624     170.8
2013 04 20 18 48 21.068     2013 04 20 18 51 41.326     200.3
305
306
2013 04 20 12 01 14.392     2013 04 20 12 03 51.199     156.8
307
308
2013 04 20 22 05  3.949     2013 04 20 22 05 24.007      20.1
309
2013 04 20 22 09 33.746     2013 04 20 22 12 56.079     202.3
310
2013 04 20 12 12 41.308     2013 04 20 12 15 18.066     156.8
2013 04 20 18 52 36.429     2013 04 20 18 52 39.977       3.5
311
2013 04 20 13 45 37.823     2013 04 20 13 48 59.905     202.1
2013 04 20 22 01 11.406     2013 04 20 22 03 59.499     168.1
312
2013 04 20 12 14 18.063     2013 04 20 12 17 43.133     205.1
2013 04 20 13 52 14.302     2013 04 20 13 56  3.466     229.2
2013 04 20 17 13 19.498     2013 04 20 17 13 35.326      15.8
2013 04 20 18 48 14.306     2013 04 20 18 51 12.768     178.5
313
2013 04 20 08 53  5.426     2013 04 20 08 54 23.586      78.2
2013 04 20 20 37  5.814     2013 04 20 20 40 22.047     196.2
314
2013 04 20 22 00  6.980     2013 04 20 22 03  4.174     177.2
315
316
2013 04 20 13 44 10.414     2013 04 20 13 46 57.903     167.5
2013 04 20 22 02 39.267     2013 04 20 22 06  3.962     204.7
317
2013 04 20 12 08  2.790     2013 04 20 12 10 41.934     159.1
318
2013 04 20 12 10 23.939     2013 04 20 12 12 59.960     156.0
2013 04 20 20 27 40.850     2013 04 20 20 30 21.698     160.8
319
2013 04 20 18 51 12.027     2013 04 20 18 53 51.744     159.7
320
2013 04 20 13 44 53.489     2013 04 20 13 47 45.668     172.2
2013 04 20 22 02 57.837     2013 04 20 22 05 38.715     160.9
321
2013 04 20 12 14 24.970     2013 04 20 12 17  6.818     161.8
2013 04 20 18 49  1.965     2013 04 20 18 51 44.866     162.9
322
2013 04 20 00 02 22.669     2013 04 20 00 05  3.103     160.4
2013 04 20 13 39 12.986     2013 04 20 13 42 27.141     194.2
2013 04 20 23 43 22.148     2013 04 20 23 46  2.720     160.6
323
2013 04 20 10 29 56.717     2013 04 20 10 32 43.668     167.0
2013 04 20 20 32 19.794     2013 04 20 20 35 32.462     192.7
324
2013 04 20 12 11 17.517     2013 04 20 12 14 44.859     207.3
2013 04 20 20 27 54.618     2013 04 20 20 31 40.611     226.0
325
2013 04 20 13 44 41.378     2013 04 20 13 44 46.768       5.4
2013 04 20 22 03 47.403     2013 04 20 22 06 33.997     166.6
326
2013 04 20 12 13 47.614     2013 04 20 12 16 31.986     164.4
2013 04 20 18 49 35.168     2013 04 20 18 52 21.752     166.6
327
2013 04 20 00 04 14.645     2013 04 20 00 07 52.799     218.2
2013 04 20 23 45 14.383     2013 04 20 23 48 52.170     217.8
328
2013 04 20 12 12 17.630     2013 04 20 12 14 57.119     159.5
329
330
2013 04 20 12 05 31.113     2013 04 20 12 09 13.117     222.0
2013 04 20 22 06  7.308     2013 04 20 22 08 44.668     157.4
331
2013 04 20 10 31 38.653     2013 04 20 10 35  7.365     208.7
2013 04 20 20 31  1.186     2013 04 20 20 34  2.967     181.8
332
2013 04 20 10 28 55.467     2013 04 20 10 32 32.805     217.3
2013 04 20 20 34 14.951     2013 04 20 20 37 16.287     181.3
333
2013 04 20 10 29 33.985     2013 04 20 10 32 11.950     158.0
2013 04 20 20 33  8.901     2013 04 20 20 36 29.175     200.3
334
2013 04 20 00 01 16.089     2013 04 20 00 04 26.651     190.6
2013 04 20 13 40 46.293     2013 04 20 13 43 39.340     173.0
2013 04 20 23 42 15.780     2013 04 20 23 45 26.068     190.3
335
2013 04 20 10 30 49.541     2013 04 20 10 33 52.571     183.0
2013 04 20 20 31 57.071     2013 04 20 20 34 34.659     157.6
336
2013 04 20 12 10 19.118     2013 04 20 12 13  1.477     162.4
2013 04 20 20 27 17.581     2013 04 20 20 30  1.312     163.7
337
2013 04 20 20 29 57.382     2013 04 20 20 32 48.379     171.0
338
339
2013 04 20 20 36  8.397     2013 04 20 20 39 18.689     190.3
340
2013 04 20 20 25 58.405     2013 04 20 20 28 38.737     160.3
341
2013 04 20 12 04 56.989     2013 04 20 12 08 26.348     209.4
2013 04 20 22 08 32.473     2013 04 20 22 11 15.553     163.1
342
2013 04 20 12 12 53.817     2013 04 20 12 14  3.200      69.4
2013 04 20 18 50 19.678     2013 04 20 18 53 29.183     189.5
343
2013 04 20 20 29 12.856     2013 04 20 20 29 17.306       4.4
344
2013 04 20 22 09 47.233     2013 04 20 22 12 46.012     178.8
345
2013 04 20 00 02 17.010     2013 04 20 00 05 33.595     196.6
2013 04 20 13 38 33.987     2013 04 20 13 41 41.060     187.1
2013 04 20 23 43 16.375     2013 04 20 23 46 33.317     196.9
346
2013 04 20 12 10 32.077     2013 04 20 12 13 14.983     162.9
2013 04 20 20 27 16.883     2013 04 20 20 29 55.553     158.7
347
2013 04 20 12 08 42.831     2013 04 20 12 11 27.753     164.9
348
2013 04 20 00 04  7.763     2013 04 20 00 07 58.587     230.8
2013 04 20 23 45  7.081     2013 04 20 23 48 58.359     231.3
349
2013 04 20 12 06 55.150     2013 04 20 12 09 33.088     157.9
2013 04 20 22 06 12.807     2013 04 20 22 09 50.288     217.5
350
2013 04 20 12 06 30.814     2013 04 20 12 09 53.100     202.3
351
352
2013 04 20 12 14 44.899     2013 04 20 12 17 43.778     178.9
2013 04 20 17 09 50.788     2013 04 20 17 09 59.069       8.3
2013 04 20 18 48 30.722     2013 04 20 18 51 41.511     190.8
353
2013 04 20 10 25 43.017     2013 04 20 10 28 18.266     155.2
2013 04 20 22 12 41.676     2013 04 20 22 13 51.075      69.4
354
2013 04 20 12 01 30.932     2013 04 20 12 02  3.531      32.6
355
2013 04 20 22 03 50.673     2013 04 20 22 07  6.884     196.2
356
2013 04 20 22 09 38.542     2013 04 20 22 12 35.122     176.6
357
2013 04 20 20 34 13.126     2013 04 20 20 34 35.804      22.7
358
359
2013 04 20 10 24 32.434     2013 04 20 10 28  6.792     214.4
2013 04 20 22 12 43.632     2013 04 20 22 15 26.269     162.6
360
2013 04 20 10 24  7.442     2013 04 20 10 27 21.882     194.4
2013 04 20 22 13 16.665     2013 04 20 22 15 53.958     157.3
361
2013 04 20 22 05 15.394     2013 04 20 22 08 40.045     204.7
362
2013 04 20 00 00   .000     2013 04 20 00 03 22.725     202.7
2013 04 20 13 41 33.288     2013 04 20 13 44 15.977     162.7
2013 04 20 23 40 54.614     2013 04 20 23 44 22.125     207.5
363
2013 04 20 22 00 26.611     2013 04 20 22 03 56.271     209.7
364
365
366
2013 04 20 22 11 52.591     2013 04 20 22 14 29.926     157.3
367
2013 04 20 10 30 32.285     2013 04 20 10 31 19.703      47.4
2013 04 20 20 31 22.229     2013 04 20 20 34  1.883     159.7
368
2013 04 20 10 29 58.674     2013 04 20 10 33 15.232     196.6
2013 04 20 20 33 51.427     2013 04 20 20 36 28.617     157.2
369
2013 04 20 13 43 30.348     2013 04 20 13 46 21.289     170.9
370
2013 04 20 12 11 46.793     2013 04 20 12 14 58.639     191.8
2013 04 20 20 25 57.427     2013 04 20 20 29 43.941     226.5
371
2013 04 20 12 03 45.155     2013 04 20 12 06 31.126     166.0
2013 04 20 22 08  2.617     2013 04 20 22 11 52.192     229.6
372
2013 04 20 12 11 19.771     2013 04 20 12 14  6.222     166.5
2013 04 20 20 26 52.143     2013 04 20 20 29 52.618     180.5
373
2013 04 20 12 04  9.037     2013 04 20 12 07 29.923     200.9
2013 04 20 22 08 45.883     2013 04 20 22 11 34.107     168.2
374
2013 04 20 22 10 29.612     2013 04 20 22 14 18.829     229.2
375
2013 04 20 12 00 53.145     2013 04 20 12 03 44.919     171.8
376
2013 04 20 00 06 31.151     2013 04 20 00 09 13.357     162.2
2013 04 20 11 59 15.418     2013 04 20 12 02 47.046     211.6
377
2013 04 20 00 00   .000     2013 04 20 00 03  7.559     187.6
2013 04 20 13 41 37.494     2013 04 20 13 44 31.701     174.2
2013 04 20 23 40 35.039     2013 04 20 23 44  6.956     211.9
378
379
2013 04 20 12 09 55.958     2013 04 20 12 10 20.958      25.0
2013 04 20 22 05 18.317     2013 04 20 22 08 19.300     181.0
380
2013 04 20 10 35 38.261     2013 04 20 10 35 57.354      19.1
2013 04 20 18 51 28.727     2013 04 20 18 54  7.768     159.0
381
382
2013 04 20 13 48 41.386     2013 04 20 13 52   .452     199.1
2013 04 20 20 24 59.346     2013 04 20 20 27 37.583     158.2
383
2013 04 20 22 11 35.677     2013 04 20 22 14 17.770     162.1
384
2013 04 20 10 33 38.218     2013 04 20 10 37  6.679     208.5
385
2013 04 20 10 25 49.026     2013 04 20 10 28 26.251     157.2
386
2013 04 20 20 28 53.869     2013 04 20 20 32   .143     186.3
387
2013 04 20 10 26 40.078     2013 04 20 10 29 34.168     174.1
388
2013 04 20 10 32  7.186     2013 04 20 10 35 21.456     194.3
389
2013 04 20 10 29  3.070     2013 04 20 10 31 54.026     171.0
2013 04 20 20 33 27.341     2013 04 20 20 37  7.133     219.8
390
2013 04 20 15 24 34.826     2013 04 20 15 27 35.344     180.5
2013 04 20 21 59 11.266     2013 04 20 22 02 39.293     208.0
391
392
2013 04 20 22 11  1.634     2013 04 20 22 14 36.634     215.0
393
2013 04 20 13 44 41.110     2013 04 20 13 47 19.552     158.4
2013 04 20 22 02 32.924     2013 04 20 22 05 30.165     177.2
394
2013 04 20 00 05 57.661     2013 04 20 00 09  4.167     186.5
2013 04 20 11 59 49.052     2013 04 20 12 03 25.972     216.9
395
2013 04 20 22 05 17.888     2013 04 20 22 07 59.122     161.2
396
2013 04 20 12 08 14.355     2013 04 20 12 11 21.578     187.2
397
2013 04 20 22 09 55.809     2013 04 20 22 12 34.974     159.2
398
2013 04 20 08 49 46.298     2013 04 20 08 53 21.724     215.4
2013 04 20 20 38   .283     2013 04 20 20 40 42.051     161.8
399
2013 04 20 20 30 20.243     2013 04 20 20 34   .512     220.3
400
2013 04 20 22 04 18.654     2013 04 20 22 06 57.927     159.3
401
2013 04 20 15 23 15.608     2013 04 20 15 26 13.776     178.2
2013 04 20 21 59 21.262     2013 04 20 22 02  4.764     163.5
402
2013 04 20 20 30 41.590     2013 04 20 20 33 25.820     164.2
403
2013 04 20 20 36 42.551     2013 04 20 20 39 46.995     184.4
404
2013 04 20 00 02 26.536     2013 04 20 00 05 51.213     204.7
2013 04 20 23 43 26.253     2013 04 20 23 46 50.605     204.4
405
2013 04 20 10 31 44.716     2013 04 20 10 34 26.341     161.6
2013 04 20 20 32 17.520     2013 04 20 20 35 44.009     206.5
406
2013 04 20 22 10 58.224     2013 04 20 22 14 32.767     214.5
407
2013 04 20 10 31 27.654     2013 04 20 10 34  6.271     158.6
2013 04 20 20 32 31.605     2013 04 20 20 35 34.460     182.9
408
2013 04 20 12 12 39.953     2013 04 20 12 15 32.010     172.1
2013 04 20 18 52 48.883     2013 04 20 18 53  7.347      18.5
409
2013 04 20 20 32 54.067     2013 04 20 20 33  2.177       8.1
410
2013 04 20 12 03 57.080     2013 04 20 12 05 18.569      81.5
2013 04 20 22 09  8.563     2013 04 20 22 11 48.843     160.3
411
2013 04 20 00 01 40.896     2013 04 20 00 04 34.394     173.5
2013 04 20 13 39 27.452     2013 04 20 13 42  5.844     158.4
2013 04 20 23 42 40.315     2013 04 20 23 45 34.065     173.8
412
413
2013 04 20 22 11 21.461     2013 04 20 22 14  1.134     159.7
414
2013 04 20 15 23 12.207     2013 04 20 15 27  5.529     233.3
2013 04 20 22 00  5.868     2013 04 20 22 02 44.062     158.2
415
2013 04 20 12 02 43.754     2013 04 20 12 06  3.262     199.5
416
2013 04 20 12 13 42.622     2013 04 20 12 16 50.932     188.3
2013 04 20 18 48 30.844     2013 04 20 18 51 10.202     159.4
417
2013 04 20 15 24 16.377     2013 04 20 15 27 35.034     198.7
2013 04 20 21 59 32.145     2013 04 20 22 02 45.046     192.9
418
2013 04 20 12 13  1.045     2013 04 20 12 16 22.606     201.6
2013 04 20 18 48  4.772     2013 04 20 18 51  7.499     182.7
419
2013 04 20 00 04 49.385     2013 04 20 00 08 12.585     203.2
420
2013 04 20 12 01 36.216     2013 04 20 12 04 20.593     164.4
421
2013 04 20 22 03 32.638     2013 04 20 22 07  4.235     211.6
422
2013 04 20 10 31 51.275     2013 04 20 10 34 31.120     159.8
2013 04 20 20 31 45.298     2013 04 20 20 34 57.109     191.8
423
2013 04 20 12 05 14.540     2013 04 20 12 05 38.326      23.8
424
2013 04 20 10 29 46.917     2013 04 20 10 32 25.656     158.7
2013 04 20 20 32 32.896     2013 04 20 20 35 54.830     201.9
425
2013 04 20 12 14 41.130     2013 04 20 12 18 20.476     219.3
2013 04 20 18 50 17.778     2013 04 20 18 53 32.357     194.6
426
2013 04 20 10 30 26.718     2013 04 20 10 33  1.564     154.8
2013 04 20 20 32 53.566     2013 04 20 20 35 35.585     162.0
427
2013 04 20 13 48 27.149     2013 04 20 13 50   .660      93.5
2013 04 20 20 25 23.327     2013 04 20 20 28  1.511     158.2
428
2013 04 20 13 45 11.133     2013 04 20 13 48 16.715     185.6
2013 04 20 22 03  6.391     2013 04 20 22 05 46.113     159.7
429
2013 04 20 22 00 10.569     2013 04 20 22 03 46.173     215.6
430
2013 04 20 13 42 38.336     2013 04 20 13 45 47.446     189.1
431
432
2013 04 20 10 27 59.260     2013 04 20 10 28 39.955      40.7
2013 04 20 22 12 15.732     2013 04 20 22 15  2.491     166.8
433
2013 04 20 12 08 53.247     2013 04 20 12 12 41.982     228.7
2013 04 20 20 28 48.311     2013 04 20 20 32  3.814     195.5
434
2013 04 20 10 34 24.252     2013 04 20 10 37  1.043     156.8
2013 04 20 18 55 59.275     2013 04 20 18 56 42.060      42.8
435
436
2013 04 20 10 27 45.573     2013 04 20 10 31  4.853     199.3
437
2013 04 20 13 51  4.903     2013 04 20 13 54 36.004     211.1
2013 04 20 18 47 32.286     2013 04 20 18 50 23.190     170.9
438
2013 04 20 00 05 19.126     2013 04 20 00 08   .326     161.2
439
2013 04 20 13 49 29.154     2013 04 20 13 52 43.757     194.6
2013 04 20 15 27 21.165     2013 04 20 15 31  9.992     228.8
2013 04 20 18 44 38.098     2013 04 20 18 48 22.163     224.1
2013 04 20 20 22 56.076     2013 04 20 20 26 19.671     203.6
440
2013 04 20 15 23 42.309     2013 04 20 15 27 31.512     229.2
2013 04 20 22 00   .817     2013 04 20 22 02 51.330     170.5
441
2013 04 20 20 29 41.787     2013 04 20 20 32 25.451     163.7
442
2013 04 20 10 28 18.699     2013 04 20 10 31 46.223     207.5
2013 04 20 20 33 58.961     2013 04 20 20 34  9.140      10.2
443
2013 04 20 12 10  7.442     2013 04 20 12 13 17.278     189.8
2013 04 20 20 28 30.000     2013 04 20 20 31  8.087     158.1
444
2013 04 20 12 07 41.966     2013 04 20 12 11 22.576     220.6
445
2013 04 20 20 34 59.219     2013 04 20 20 37 57.587     178.4
446
2013 04 20 18 50 45.296     2013 04 20 18 53 57.333     192.0
447
2013 04 20 10 35  9.770     2013 04 20 10 38  4.740     175.0
2013 04 20 18 52 12.319     2013 04 20 18 55 14.210     181.9
448
2013 04 20 12 09 47.058     2013 04 20 12 13 13.868     206.8
2013 04 20 20 26 31.163     2013 04 20 20 29 28.463     177.3
449
2013 04 20 20 25  4.474     2013 04 20 20 28 51.806     227.3
450
2013 04 20 13 44 49.694     2013 04 20 13 48 36.209     226.5
2013 04 20 22 01  5.738     2013 04 20 22 03 45.720     160.0
451
2013 04 20 12 05 43.920     2013 04 20 12 06 48.650      64.7
2013 04 20 22 07 48.326     2013 04 20 22 09 23.012      94.7
452
2013 04 20 10 26 58.666     2013 04 20 10 30  8.809     190.1
453
2013 04 20 13 43 22.331     2013 04 20 13 43 45.972      23.6
2013 04 20 22 03 43.368     2013 04 20 22 07  2.117     198.7
454
2013 04 20 12 13 52.645     2013 04 20 12 14 49.640      57.0
2013 04 20 13 52  9.561     2013 04 20 13 55 36.056     206.5
2013 04 20 17 13  2.606     2013 04 20 17 13 14.377      11.8
2013 04 20 18 47 57.783     2013 04 20 18 50 48.823     171.0
455
2013 04 20 12 11 15.999     2013 04 20 12 13 58.129     162.1
2013 04 20 20 27 37.932     2013 04 20 20 30 41.246     183.3
456
2013 04 20 00 03 34.745     2013 04 20 00 06 45.692     190.9
2013 04 20 23 44 34.443     2013 04 20 23 47 45.102     190.7
457
2013 04 20 12 14  2.060     2013 04 20 12 14 37.648      35.6
2013 04 20 20 26  1.732     2013 04 20 20 28 46.909     165.2
458
2013 04 20 12 09 51.411     2013 04 20 12 13 40.354     228.9
2013 04 20 20 28 56.136     2013 04 20 20 31 33.988     157.9
459
2013 04 20 10 31 10.988     2013 04 20 10 33 48.263     157.3
2013 04 20 20 32 22.791     2013 04 20 20 35  3.989     161.2
460
461
2013 04 20 22 04 16.662     2013 04 20 22 06 57.343     160.7
462
2013 04 20 12 05 36.316     2013 04 20 12 08 11.319     155.0
2013 04 20 22 07 26.435     2013 04 20 22 10  3.816     157.4
463
2013 04 20 00 07  5.968     2013 04 20 00 09 44.415     158.4
2013 04 20 11 58 42.318     2013 04 20 12 01 55.807     193.5
464
2013 04 20 10 33 59.631     2013 04 20 10 36 42.376     162.7
465
466
2013 04 20 12 14 28.614     2013 04 20 12 17 13.720     165.1
2013 04 20 18 48 55.539     2013 04 20 18 51 41.983     166.4
467
2013 04 20 22 13 50.873     2013 04 20 22 14 16.419      25.5
468
2013 04 20 13 41 31.436     2013 04 20 13 44 55.361     203.9
469
2013 04 20 20 35 59.644     2013 04 20 20 39 24.802     205.2
470
2013 04 20 10 33 53.289     2013 04 20 10 37  5.822     192.5
471
2013 04 20 15 22 28.802     2013 04 20 15 23  8.413      39.6
2013 04 20 21 59 57.451     2013 04 20 22 02 56.197     178.7
472
2013 04 20 00 04 42.298     2013 04 20 00 07 36.644     174.3
473
2013 04 20 10 24 30.671     2013 04 20 10 25  9.120      38.4
2013 04 20 22 12 32.339     2013 04 20 22 15 14.915     162.6
474
2013 04 20 12 05 43.434     2013 04 20 12 08 26.280     162.8
2013 04 20 22 07 42.266     2013 04 20 22 10 27.408     165.1
475
2013 04 20 10 31 13.915     2013 04 20 10 34 20.597     186.7
2013 04 20 20 32 54.122     2013 04 20 20 36 13.602     199.5
476
2013 04 20 20 29 43.243     2013 04 20 20 32 24.752     161.5
477
2013 04 20 00 02 13.970     2013 04 20 00 05  1.753     167.8
2013 04 20 13 39 46.089     2013 04 20 13 43 18.789     212.7
2013 04 20 23 43 13.603     2013 04 20 23 46  1.224     167.6
478
2013 04 20 13 50  5.572     2013 04 20 13 51 34.243      88.7
2013 04 20 18 46 52.833     2013 04 20 18 48 13.563      80.7
479
2013 04 20 13 43   .694     2013 04 20 13 45 41.142     160.4
480
481
2013 04 20 10 33 34.888     2013 04 20 10 36 11.028     156.1
482
2013 04 20 12 15   .362     2013 04 20 12 17 38.852     158.5
2013 04 20 18 49   .028     2013 04 20 18 52 12.682     192.7
483
2013 04 20 22 11 49.098     2013 04 20 22 14 44.849     175.8
484
2013 04 20 20 30 36.734     2013 04 20 20 33 21.077     164.3
485
2013 04 20 12 12 35.870     2013 04 20 12 15 13.044     157.2
486
2013 04 20 12 14 19.582     2013 04 20 12 17 41.289     201.7
2013 04 20 13 52 12.994     2013 04 20 13 56  6.050     233.1
2013 04 20 17 13 30.249     2013 04 20 17 13 38.482       8.2
2013 04 20 18 48 16.895     2013 04 20 18 51 14.879     178.0
487
2013 04 20 00 03 14.271     2013 04 20 00 06 54.403     220.1
2013 04 20 23 44 14.009     2013 04 20 23 47 53.775     219.8
488
2013 04 20 22 04  5.920     2013 04 20 22 06 43.823     157.9
489
2013 04 20 00 03 46.420     2013 04 20 00 06 35.356     168.9
2013 04 20 23 44 45.849     2013 04 20 23 47 35.023     169.2
490
2013 04 20 00 04 52.638     2013 04 20 00 08 32.543     219.9
491
2013 04 20 13 45 24.635     2013 04 20 13 48 56.408     211.8
2013 04 20 22 01  9.088     2013 04 20 22 03 51.407     162.3
492
2013 04 20 12 10 24.069     2013 04 20 12 13  4.953     160.9
2013 04 20 20 27 57.865     2013 04 20 20 30 36.789     158.9
493
2013 04 20 12 08  8.655     2013 04 20 12 08 16.265       7.6
494
2013 04 20 10 33 20.235     2013 04 20 10 37  5.646     225.4
495
2013 04 20 10 28 47.614     2013 04 20 10 32 18.815     211.2
496
2013 04 20 13 42 29.628     2013 04 20 13 45 31.490     181.9
497
2013 04 20 20 36 47.652     2013 04 20 20 40  5.405     197.8
498
2013 04 20 10 27 21.202     2013 04 20 10 27 53.904      32.7
499
2013 04 20 12 14 46.207     2013 04 20 12 17 28.455     162.2
2013 04 20 18 48 55.632     2013 04 20 18 51 55.506     179.9
