0 38.3681 89.3115 2 26 7
1 10.4563 74.9644 4 19 9
2 41.2015 79.1710 8 26 6
3 15.2556 105.8367 1 15 7
4 43.1257 98.8311 7 20 7
5 32.4211 104.0224 9 28 5
6 33.1837 94.7777 1 21 5
7 18.4192 96.0450 5 17 7
8 19.6756 115.1825 9 20 7
9 39.4036 111.4331 5 29 5
10 14.2849 80.3541 7 20 5
11 51.1561 95.5766 4 20 7
12 33.6027 103.0839 6 26 9
13 40.6396 76.3808 9 21 6
14 20.1388 99.3341 5 19 5
15 37.8678 90.8885 5 26 7
16 20.0066 131.6911 8 29 5
17 6.1638 111.0735 1 27 7
18 38.1470 108.1460 9 23 5
19 11.4676 113.8992 9 16 8
20 43.3630 97.0214 10 28 9
21 38.4108 110.6496 4 28 5
22 41.6891 107.6288 6 27 7
23 3.7852 85.4652 3 16 9
24 44.6969 75.9635 4 15 5
25 36.1460 117.2487 3 27 7
26 51.8347 88.5327 6 21 7
27 7.9463 90.8189 1 27 6
28 38.5743 110.2515 9 26 6
29 8.3080 109.0369 9 21 8
30 39.2607 74.2535 8 19 5
31 38.9361 96.4979 2 28 5
32 13.6540 89.7331 7 24 9
33 21.8040 122.2443 5 24 9
34 6.9017 132.2455 4 26 7
35 47.9955 89.0164 9 17 9
36 25.3165 94.7752 6 21 5
37 30.1480 115.1956 7 25 5
38 37.7082 104.4316 2 21 5
39 46.8752 109.5010 10 23 7
40 38.7557 105.7385 10 25 9
41 12.8326 106.7541 4 15 8
42 30.0020 120.4114 10 25 7
43 7.3658 127.4379 4 17 5
44 16.2196 81.7500 7 19 8
45 12.3367 89.7514 6 23 5
46 7.1535 93.6756 5 25 5
47 12.1919 129.8246 3 22 8
48 17.9807 92.5134 2 16 8
49 4.3656 128.8970 7 17 8
50 9.7943 114.6355 3 20 8
51 23.7884 96.9434 9 17 9
52 46.0755 84.3876 3 28 7
53 10.5726 83.8697 4 29 9
54 46.6694 114.5695 4 16 5
55 38.8336 99.4627 4 25 5
56 7.4095 103.3299 10 20 7
57 40.8185 107.8595 2 23 7
58 24.6172 131.4415 7 16 9
59 27.2954 126.6684 3 26 9
60 9.1379 96.6583 2 28 8
61 46.4370 118.2783 4 19 9
62 4.5870 117.7146 10 22 8
63 35.5234 103.5883 2 23 5
64 3.0866 90.6093 3 23 8
65 40.0332 98.2894 3 29 9
66 20.1975 103.5884 10 18 8
67 7.6069 115.6068 10 29 7
68 13.6855 95.1630 2 17 6
69 19.8920 122.3264 2 17 7
70 43.2637 92.9079 5 24 6
71 29.0922 93.5643 6 25 5
72 4.4567 126.8660 4 19 6
73 47.4313 93.3998 2 22 5
74 14.4364 73.3306 3 22 6
75 46.3648 90.3142 10 28 6
76 48.3754 73.5003 4 21 7
77 12.0924 121.6314 8 24 7
78 50.8721 126.1658 3 29 7
79 4.1812 97.1403 2 16 8
80 11.9479 96.7568 7 19 9
81 25.0316 108.9807 10 24 7
82 52.0600 93.3778 1 21 5
83 12.4229 123.4162 5 17 9
84 41.0857 79.2323 8 26 5
85 47.1512 119.6863 9 15 6
86 52.4993 91.2628 5 26 6
87 27.1160 131.2137 4 27 7
88 36.6277 85.7546 2 23 7
89 41.4316 130.5195 9 26 8
90 28.0797 105.0692 10 23 5
91 26.2815 93.9423 3 23 6
92 14.7073 98.4646 4 24 7
93 37.8300 109.0041 4 22 7
94 11.6991 92.5558 9 26 7
95 6.6076 103.0159 3 23 8
96 7.9626 104.9348 4 25 7
97 9.9850 108.5135 1 17 6
98 38.4029 85.1172 8 28 5
99 28.7115 121.1842 4 26 9
100 46.7282 101.4767 1 23 9
101 16.3250 103.8378 5 15 7
102 46.5099 110.9570 6 22 7
103 48.5425 121.7698 9 28 6
104 23.5359 110.2782 4 16 8
105 29.3302 84.2015 2 26 9
106 5.0550 85.4651 10 23 6
107 15.2243 124.0272 5 23 8
108 5.9265 122.0079 9 18 9
109 39.2079 74.7548 4 16 6
110 29.2522 97.9538 6 22 8
111 37.0108 92.5995 1 21 6
112 6.7512 118.6796 3 19 5
113 5.2908 78.7255 5 20 5
114 23.1784 79.3012 7 20 7
115 5.1912 102.7962 2 27 6
116 51.1817 97.5961 1 23 6
117 52.3447 116.2535 6 22 8
118 18.6503 95.1349 2 22 7
119 49.8119 81.2349 2 25 6
120 24.1143 85.0889 10 29 8
121 42.7799 89.5411 4 21 7
122 47.1306 82.0693 9 24 6
123 24.5262 81.6765 2 20 7
124 42.3346 126.4668 9 23 5
125 42.2706 116.3486 2 25 6
126 52.1989 124.2459 4 23 8
127 50.4184 130.4491 3 27 9
128 48.9487 80.5956 8 19 8
129 52.5749 106.6824 1 22 6
130 4.2170 117.7104 1 17 9
131 44.3964 127.8889 2 26 7
132 4.1607 100.2412 4 28 6
133 15.3816 87.0410 10 28 8
134 31.7432 114.5845 1 15 6
135 16.9935 123.4233 7 24 7
136 21.6954 132.7091 2 20 8
137 12.1095 116.6310 1 28 6
138 3.2390 109.2921 10 20 6
139 42.9040 91.8885 2 26 8
140 45.3840 120.3510 9 25 5
141 35.4176 112.2259 9 20 9
142 10.2925 88.6809 5 22 5
143 33.1467 92.8118 1 21 9
144 24.0444 122.2672 9 23 8
145 47.7981 119.2327 9 22 5
146 39.2741 99.4511 1 17 8
147 7.3624 73.7064 3 20 9
148 44.6195 124.1035 2 21 9
149 34.5005 114.4954 8 27 7
150 28.9513 123.5696 9 23 6
151 12.6463 100.4224 7 17 8
152 15.1772 79.3160 9 16 8
153 11.6485 105.3921 6 16 7
154 10.8233 115.5513 2 18 9
155 5.9973 115.4024 8 18 7
156 45.1735 75.3125 7 23 8
157 15.2165 128.3708 5 29 8
158 27.9720 113.5280 2 29 8
159 38.1839 132.7202 7 24 7
160 41.7598 126.3611 5 27 7
161 3.3445 103.1662 8 27 5
162 14.6810 118.4465 10 23 8
163 22.2239 116.5156 3 22 9
164 45.4067 98.2159 10 16 5
165 34.5334 117.4633 7 25 9
166 20.7489 78.3971 7 20 6
167 49.5112 107.5124 6 25 5
168 13.1397 127.3560 5 29 6
169 16.2918 122.0410 2 15 6
170 5.7731 73.9990 7 23 9
171 52.2557 82.6763 7 26 9
172 31.4844 113.0830 4 27 9
173 15.4592 86.2060 1 17 8
174 52.1198 112.7160 7 20 9
175 5.9473 118.0871 3 25 9
176 31.1062 109.8566 4 24 5
177 40.2096 112.4175 3 19 7
178 45.7612 102.0006 10 28 9
179 33.3009 78.0173 3 19 8
180 32.9839 127.2828 3 27 7
181 36.0286 93.0731 7 22 5
182 18.8750 75.8773 10 21 9
183 11.1715 120.6541 2 16 9
184 43.3867 123.2889 4 17 6
185 39.0201 79.1417 3 19 8
186 46.1249 85.3925 7 19 5
187 30.8437 74.1733 1 25 6
188 8.0979 96.5542 8 28 9
189 21.3068 118.9709 10 24 7
190 48.9088 96.5253 10 20 9
191 43.7381 89.6906 4 15 9
192 6.6886 86.0143 3 16 5
193 15.6512 87.1167 5 20 8
194 51.6000 88.6852 3 18 6
195 35.4342 85.6001 4 22 9
196 4.7828 124.5756 5 26 9
197 51.3519 74.5888 7 22 8
198 47.5454 105.4027 2 23 6
199 45.9082 132.3010 2 17 9
200 45.9896 99.8192 2 18 6
201 44.4939 94.3505 9 28 9
202 44.4113 101.5365 8 16 6
203 41.7075 122.1035 2 20 5
204 11.6941 124.7592 9 18 8
205 29.0025 121.8882 8 16 5
206 10.5675 89.1241 4 27 7
207 28.1162 77.0979 4 19 5
208 51.3612 82.3307 7 17 5
209 3.6712 93.8662 3 16 5
210 28.2707 73.0682 1 27 8
211 32.6018 119.6261 10 24 6
212 26.2074 109.3098 8 18 5
213 20.3406 127.2806 4 18 9
214 43.3836 112.7950 5 24 6
215 5.0132 85.4151 9 23 9
216 39.7598 94.1295 3 26 6
217 37.3680 107.5758 7 26 9
218 40.4565 109.7677 9 21 7
219 34.7527 97.8655 8 25 7
220 52.7327 81.6101 7 27 5
221 19.9879 112.3047 8 21 6
222 20.2487 121.1216 6 21 8
223 30.1930 117.9604 7 26 9
224 11.1029 93.5895 3 15 7
225 4.9212 122.3274 8 15 9
226 47.4729 81.7033 7 24 5
227 41.9621 124.2932 4 25 9
228 29.1425 119.3957 5 22 5
229 22.1240 128.3381 4 19 5
230 13.7851 87.9891 2 20 8
231 8.2938 102.2208 9 20 8
232 8.8098 111.1991 2 22 8
233 51.5422 107.4912 6 19 8
234 16.6516 96.5515 3 25 6
235 21.3765 101.1533 4 19 5
236 38.8377 123.2151 5 19 6
237 29.5512 84.8307 9 23 6
238 20.4134 97.2459 7 19 8
239 39.1836 127.3102 9 16 7
240 8.1082 126.3896 4 29 8
241 28.0811 88.5974 2 17 7
242 51.1716 84.1303 10 24 6
243 44.3464 124.1925 4 22 5
244 16.5533 73.6654 4 29 7
245 37.1884 82.5657 8 27 5
246 7.4822 112.2821 7 17 9
247 18.8058 111.8637 3 29 5
248 6.6804 107.5111 9 28 7
249 11.6113 113.2226 3 24 9
250 34.1669 77.4023 1 28 9
251 39.6566 80.9735 10 26 6
252 6.5645 122.9964 10 16 7
253 51.8885 83.3943 5 16 6
254 12.6925 75.6831 5 22 9
255 33.6914 80.3046 9 28 5
256 36.5556 108.9892 6 16 9
257 9.4624 86.2697 9 22 7
258 19.9476 106.1606 2 16 7
259 37.4207 111.9731 8 28 9
260 3.4370 91.9274 10 17 7
261 51.6345 103.9511 3 28 8
262 20.9926 125.3653 3 18 5
263 43.6895 75.0667 9 29 5
264 11.6281 116.3003 9 17 8
265 9.7993 79.0477 6 16 6
266 27.6661 106.8781 8 25 5
267 35.3150 124.4618 8 15 7
268 49.9122 106.3895 5 26 7
269 43.0093 81.2398 1 17 7
270 17.9945 107.0114 7 24 7
271 44.6947 123.3800 8 29 9
272 33.8036 131.5202 9 25 8
273 20.6963 106.4451 8 24 6
274 20.7996 98.4192 10 17 7
275 19.2277 126.2796 1 27 8
276 23.5121 113.2794 4 21 7
277 16.4935 88.5954 10 16 5
278 6.3331 75.9400 10 22 7
279 34.4268 89.0864 6 26 6
280 18.7734 95.7534 6 15 7
281 39.9164 83.3490 3 20 8
282 34.9421 131.2567 3 16 5
283 12.5821 81.6285 9 27 8
284 21.0621 82.9862 4 15 7
285 48.0316 102.1202 8 26 7
286 9.4696 126.9303 5 25 7
287 47.7089 114.1121 2 25 5
288 14.0253 90.9326 5 26 7
289 27.2364 98.2799 5 17 5
290 10.4516 91.9945 3 24 8
291 15.6496 97.0584 4 29 7
292 38.5353 99.8554 8 28 7
293 17.6402 98.1960 8 20 7
294 27.6602 116.9414 10 18 7
295 41.6458 98.7281 8 17 8
296 6.2398 74.6091 2 26 8
297 29.2771 78.8559 8 29 8
298 23.7891 109.2907 6 27 6
299 22.7803 119.9323 5 22 9
300 35.3306 117.5890 1 18 8
301 24.1391 109.2981 6 28 5
302 34.8429 113.1878 1 26 8
303 28.8371 83.2263 1 20 9
304 47.0528 116.1576 5 21 6
305 5.0821 122.8402 7 17 6
306 8.1310 90.6975 2 24 8
307 15.6172 86.1766 1 16 8
308 25.1093 89.8569 7 20 7
309 12.5608 99.3394 9 22 6
310 44.1016 116.3605 5 23 8
311 42.6823 84.1152 4 16 9
312 52.3195 120.1536 5 18 8
313 9.1988 132.8812 4 19 8
314 42.7066 77.2086 3 16 6
315 25.8184 110.2233 9 15 7
316 33.9596 84.3807 4 17 7
317 31.2076 102.3591 4 15 5
318 37.6207 109.1937 1 27 7
319 42.7813 128.0397 3 21 8
320 35.9861 86.6962 5 26 6
321 49.7149 121.7791 8 25 7
322 18.2406 75.2106 7 29 6
323 21.1208 118.8232 9 27 8
324 38.8052 116.4601 4 21 8
325 34.9041 91.1785 2 18 6
326 46.2981 121.7186 8 21 9
327 13.4975 83.7524 1 22 8
328 43.8249 114.0967 6 15 9
329 16.1379 85.0977 7 19 6
330 26.9030 94.9190 4 25 7
331 29.0019 120.9086 7 17 8
332 15.6168 122.8209 2 18 6
333 18.0956 120.2620 6 29 8
334 23.3215 77.0113 5 29 9
335 24.9820 119.9055 2 22 8
336 38.4404 107.8318 6 25 6
337 32.2276 117.7392 5 22 5
338 4.8445 95.4426 6 16 5
339 12.3658 130.9604 6 28 8
340 43.6434 105.5210 7 27 9
341 19.7382 100.9250 6 24 9
342 42.7840 123.8292 6 28 9
343 34.5924 121.3594 5 25 8
344 15.9074 104.4090 3 26 5
345 16.1580 73.5834 8 16 6
346 39.1300 108.3964 2 27 6
347 33.7926 103.5073 6 26 8
348 8.4181 76.2545 2 22 9
349 27.5405 99.9715 10 17 9
350 24.6677 103.7946 6 27 5
351 23.1699 81.8329 8 22 7
352 51.9059 122.4922 8 22 8
353 6.1145 112.4004 5 29 9
354 8.8233 96.2421 5 17 9
355 35.0741 93.5835 4 29 6
356 13.7623 100.1824 8 24 9
357 24.1478 113.7602 2 26 5
358 24.8565 110.3348 1 15 7
359 5.9635 108.1393 4 28 9
360 3.5526 107.8911 10 25 6
361 26.1273 90.7506 3 26 8
362 27.6865 75.3548 8 20 5
363 39.9185 77.7826 1 15 5
364 9.0095 74.4615 5 19 5
365 20.1271 109.0958 5 22 7
366 8.3887 105.8600 4 17 6
367 26.4685 118.2925 7 19 9
368 18.9675 123.7797 9 17 5
369 31.8659 82.9909 5 19 6
370 44.6965 111.0485 4 25 5
371 16.0723 96.0486 1 16 8
372 41.7545 110.5029 2 25 9
373 17.1731 98.9324 3 21 9
374 13.4738 108.2681 3 20 5
375 8.9806 87.9350 8 18 6
376 5.7742 84.1699 5 21 9
377 28.7254 74.9373 8 25 9
378 7.2024 119.9401 10 20 5
379 30.4131 95.8925 4 16 5
380 42.8304 130.0136 2 18 6
381 24.3570 87.5239 2 20 8
382 45.8114 101.3011 2 24 5
383 9.6911 106.1946 2 15 6
384 35.3083 125.3112 5 26 6
385 5.8220 113.5935 9 16 7
386 35.6914 116.3947 5 24 8
387 8.2713 116.4705 5 29 7
388 25.7402 128.0808 9 20 7
389 16.0984 120.4793 6 26 7
390 48.9044 80.7065 1 29 8
391 23.0059 82.8297 10 29 8
392 7.1288 101.6482 8 23 6
393 35.8788 84.6876 3 26 7
394 7.8988 84.9846 7 22 6
395 30.0231 94.1139 8 17 6
396 30.0511 106.8419 4 26 5
397 15.0187 102.9459 7 28 9
398 5.8988 132.0605 10 20 5
399 25.8916 114.0775 2 22 8
400 32.9440 91.4968 4 25 8
401 45.8198 75.0576 10 15 7
402 29.7514 118.7586 9 29 9
403 10.4776 131.5826 6 27 8
404 19.4812 79.9612 3 21 6
405 24.9512 124.9662 3 17 8
406 11.9794 108.3739 7 27 9
407 24.1733 124.0305 10 23 9
408 43.0573 118.4058 10 29 9
409 28.8831 109.8844 5 29 9
410 16.6284 100.1815 1 16 9
411 19.4540 73.1184 3 29 9
412 4.6001 75.9449 2 24 7
413 10.3591 105.4929 6 24 6
414 44.8604 78.7180 4 19 8
415 16.6438 90.2547 4 17 8
416 49.8351 117.9799 3 29 5
417 47.8030 80.7898 10 22 7
418 48.7189 115.1080 5 19 6
419 11.6462 83.9871 5 17 5
420 9.0637 92.1181 10 16 8
421 36.0274 93.8237 9 28 7
422 26.6910 123.0695 1 21 8
423 14.9934 87.2365 9 20 8
424 19.9216 119.0545 10 22 6
425 47.1999 129.7207 8 20 7
426 21.3582 121.1538 10 17 7
427 44.7944 102.7946 5 16 6
428 36.6361 88.5248 3 27 6
429 40.3217 76.8568 10 22 9
430 32.8156 76.6924 8 19 5
431 21.4901 109.0098 7 19 8
432 7.6090 107.7511 10 25 7
433 31.8570 110.8472 8 25 7
434 33.5591 130.2937 7 27 8
435 36.0814 122.7117 10 22 9
436 15.8493 113.8450 1 17 6
437 50.7549 112.8468 7 21 7
438 9.7063 82.0572 10 19 5
439 52.8758 98.2432 1 15 9
440 46.0673 80.4878 7 22 5
441 31.2641 114.1490 10 17 6
442 13.6089 121.2074 2 24 7
443 35.6432 111.8870 3 15 6
444 33.8173 99.5273 6 28 5
445 16.1279 128.2631 1 16 9
446 41.5029 125.2537 6 22 5
447 38.1127 130.0376 2 27 5
448 39.5906 104.9012 10 17 9
449 40.6955 99.5536 10 20 7
450 41.5350 81.3900 5 25 9
451 22.2739 103.9218 6 15 6
452 9.2360 117.9436 4 25 8
453 31.1210 87.2490 4 29 7
454 52.7365 118.1252 6 27 5
455 39.5221 112.8975 8 16 6
456 15.7668 81.2167 1 21 8
457 43.7922 106.4159 7 17 6
458 34.6696 113.4803 6 27 7
459 24.2738 121.9492 2 20 6
460 22.1598 110.1889 4 17 7
461 32.0332 90.0481 5 28 5
462 22.8480 97.8386 8 27 6
463 3.0013 83.6695 3 27 7
464 33.6536 127.6710 4 21 6
465 26.7474 87.1755 5 21 6
466 50.1911 121.8173 8 21 5
467 8.4374 99.3710 9 19 9
468 25.5267 80.4907 7 17 6
469 8.6192 125.3274 1 18 6
470 35.2430 126.2744 7 24 8
471 43.0246 76.6196 6 25 8
472 9.5741 78.5734 9 20 8
473 6.5849 107.8219 7 18 5
474 22.5104 99.5478 9 21 6
475 22.9823 125.7392 8 21 8
476 31.4023 114.3843 4 19 5
477 20.0117 77.2650 1 18 8
478 48.3820 109.8673 6 27 6
479 32.0590 78.7789 6 18 6
480 24.4533 109.6105 2 19 9
481 31.0949 128.1761 7 19 9
482 50.6795 124.6874 5 29 7
483 9.1906 107.6728 10 16 5
484 28.3700 116.2176 1 18 9
485 43.7239 116.2454 5 20 5
486 52.2010 120.2987 6 18 8
487 16.8056 82.1352 4 15 7
488 33.3904 90.6055 7 24 5
489 12.9864 77.1797 1 18 6
490 6.5140 77.7278 4 26 6
491 42.5392 83.2880 1 26 6
492 37.0634 110.2528 6 15 7
493 35.9669 100.2832 8 28 8
494 35.2230 124.2842 4 17 5
495 19.8642 115.4018 9 24 5
496 31.9425 76.5751 4 27 7
497 10.1977 132.4589 5 15 8
498 10.6758 121.2443 7 29 7
499 50.6321 123.2483 4 26 8
