s5
0
 2013 04 20 05 15 57.006     2013 04 20 05 18 46.594     169.6
 2013 04 20 17 07 49.895     2013 04 20 17 11 24.816     214.9
1
2
 2013 04 20 04 40 49.609     2013 04 20 04 43 28.674     159.1
3
 2013 04 20 10 47   .617     2013 04 20 10 49 53.657     173.0
4
 2013 04 20 06 46 27.432     2013 04 20 06 49 13.738     166.3
 2013 04 20 20 22 32.700     2013 04 20 20 26   .061     207.4
5
6
 2013 04 20 05 25 10.313     2013 04 20 05 28  3.253     172.9
 2013 04 20 15 24 40.257     2013 04 20 15 27 21.463     161.2
7
 2013 04 20 03 48 17.385     2013 04 20 03 51  5.879     168.5
 2013 04 20 13 51 35.734     2013 04 20 13 55 19.963     224.2
8
 2013 04 20 07 28 19.702     2013 04 20 07 31 16.660     177.0
 2013 04 20 22 50  4.317     2013 04 20 22 53 19.791     195.5
9
 2013 04 20 18 44 29.291     2013 04 20 18 47 58.187     208.9
10
 2013 04 20 08 40 37.784     2013 04 20 08 43 30.953     173.2
11
 2013 04 20 06 51  8.930     2013 04 20 06 54 53.766     224.8
 2013 04 20 18 40 10.165     2013 04 20 18 43 46.005     215.8
12
 2013 04 20 02 43  2.637     2013 04 20 02 45 50.163     167.5
 2013 04 20 18 06 35.217     2013 04 20 18 09 39.101     183.9
13
 2013 04 20 20 29 14.197     2013 04 20 20 32 50.463     216.3
14
 2013 04 20 23 28   .982     2013 04 20 23 30 40.912     159.9
15
 2013 04 20 05 31 28.931     2013 04 20 05 34 52.049     203.1
 2013 04 20 12 05 58.595     2013 04 20 12 09 51.015     232.4
16
 2013 04 20 05 59 43.234     2013 04 20 06 02 17.105     153.9
 2013 04 20 19 34 29.548     2013 04 20 19 38 14.564     225.0
17
 2013 04 20 13 19 35.400     2013 04 20 13 22 17.370     162.0
18
 2013 04 20 05 58 26.856     2013 04 20 06 01 14.723     167.9
 2013 04 20 19 35 55.428     2013 04 20 19 38 40.195     164.8
19
20
 2013 04 20 03 41 26.716     2013 04 20 03 44 31.685     185.0
 2013 04 20 15 33 34.990     2013 04 20 15 36 46.214     191.2
21
 2013 04 20 09 25 55.023     2013 04 20 09 28 44.286     169.3
 2013 04 20 17 41 46.648     2013 04 20 17 44 25.004     158.4
22
23
 2013 04 20 08 23 46.049     2013 04 20 08 27  3.104     197.1
24
 2013 04 20 17 50 43.271     2013 04 20 17 53 17.005     153.7
25
 2013 04 20 16 35 46.426     2013 04 20 16 38 26.844     160.4
 2013 04 20 23 09 55.926     2013 04 20 23 12 45.834     169.9
26
 2013 04 20 03 48 30.258     2013 04 20 03 51 11.524     161.3
 2013 04 20 13 51 25.893     2013 04 20 13 55  3.732     217.8
27
 2013 04 20 02 52 26.142     2013 04 20 02 55 40.704     194.6
28
 2013 04 20 12 28  1.543     2013 04 20 12 30 35.535     154.0
29
 2013 04 20 05 05 32.370     2013 04 20 05 08 15.976     163.6
 2013 04 20 20 28 29.979     2013 04 20 20 31  6.195     156.2
30
31
 2013 04 20 03 58  8.117     2013 04 20 04 01 13.638     185.5
 2013 04 20 10 32 22.008     2013 04 20 10 35  2.576     160.6
32
33
34
35
 2013 04 20 00 00   .000     2013 04 20 00 02 44.545     164.5
 2013 04 20 08 15 27.153     2013 04 20 08 18 54.616     207.5
 2013 04 20 23 37 38.269     2013 04 20 23 41  8.036     209.8
36
 2013 04 20 03 25  2.225     2013 04 20 03 27 49.530     167.3
 2013 04 20 22 08 26.021     2013 04 20 22 11  6.041     160.0
37
 2013 04 20 10 12 11.266     2013 04 20 10 16  1.883     230.6
 2013 04 20 18 28  6.826     2013 04 20 18 31 19.198     192.4
38
 2013 04 20 20 59 21.964     2013 04 20 21 02 41.797     199.8
39
 2013 04 20 00 50 39.030     2013 04 20 00 53 20.797     161.8
 2013 04 20 05 49 43.107     2013 04 20 05 49 51.353       8.2
 2013 04 20 07 23 59.759     2013 04 20 07 27 31.791     212.0
40
41
42
 2013 04 20 06 17 54.637     2013 04 20 06 21 31.131     216.5
43
 2013 04 20 00 34 43.310     2013 04 20 00 38  5.933     202.6
 2013 04 20 12 23  3.181     2013 04 20 12 24 32.231      89.1
44
 2013 04 20 06 07 37.841     2013 04 20 06 07 59.637      21.8
45
 2013 04 20 03 43 30.944     2013 04 20 03 44 45.125      74.2
 2013 04 20 15 32 28.658     2013 04 20 15 33 15.281      46.6
46
 2013 04 20 03 52 40.846     2013 04 20 03 55 29.474     168.6
47
 2013 04 20 01 55 43.140     2013 04 20 01 58 50.232     187.1
 2013 04 20 17 17 59.060     2013 04 20 17 21  8.747     189.7
48
 2013 04 20 19 18 43.612     2013 04 20 19 21 18.297     154.7
49
 2013 04 20 02 19 48.721     2013 04 20 02 20  1.113      12.4
 2013 04 20 10 38 11.652     2013 04 20 10 40 51.595     159.9
50
 2013 04 20 02 16 39.938     2013 04 20 02 20 26.118     226.2
51
 2013 04 20 11 53 54.767     2013 04 20 11 54 22.154      27.4
 2013 04 20 13 28 21.951     2013 04 20 13 32  4.468     222.5
 2013 04 20 18 24 28.212     2013 04 20 18 27 13.269     165.1
52
 2013 04 20 01 32 42.577     2013 04 20 01 35 23.177     160.6
 2013 04 20 09 49  3.140     2013 04 20 09 51 58.204     175.1
53
 2013 04 20 02 26  5.508     2013 04 20 02 28 43.835     158.3
 2013 04 20 07 21  2.895     2013 04 20 07 24  1.220     178.3
54
 2013 04 20 20 18 15.378     2013 04 20 20 20 53.800     158.4
55
 2013 04 20 01 52 16.378     2013 04 20 01 55 27.610     191.2
 2013 04 20 18 56  5.952     2013 04 20 18 58 52.221     166.3
56
 2013 04 20 10 56 28.753     2013 04 20 10 59 54.656     205.9
 2013 04 20 20 56 14.190     2013 04 20 20 56 23.221       9.0
57
 2013 04 20 10 04 47.588     2013 04 20 10 07 36.139     168.6
58
 2013 04 20 07 44 32.665     2013 04 20 07 48 10.866     218.2
59
 2013 04 20 03 41 34.724     2013 04 20 03 44 17.539     162.8
 2013 04 20 15 33  5.916     2013 04 20 15 36 36.497     210.6
60
61
 2013 04 20 10 12 55.960     2013 04 20 10 15 51.303     175.3
 2013 04 20 18 30 14.354     2013 04 20 18 32 53.240     158.9
62
 2013 04 20 16 34 39.395     2013 04 20 16 37 16.938     157.5
 2013 04 20 23 09 34.742     2013 04 20 23 12 32.517     177.8
63
 2013 04 20 13 20 58.399     2013 04 20 13 23 55.019     176.6
 2013 04 20 21 39   .582     2013 04 20 21 42 51.211     230.6
64
 2013 04 20 00 21 55.106     2013 04 20 00 24 52.050     176.9
 2013 04 20 15 43 42.785     2013 04 20 15 46 18.704     155.9
65
 2013 04 20 03 11 54.217     2013 04 20 03 15  5.801     191.6
 2013 04 20 04 49 33.468     2013 04 20 04 53 26.313     232.8
 2013 04 20 08 06 31.394     2013 04 20 08 10 23.276     231.9
 2013 04 20 09 44 50.403     2013 04 20 09 48  3.643     193.2
66
 2013 04 20 08 42  7.236     2013 04 20 08 45 12.904     185.7
 2013 04 20 15 16  8.375     2013 04 20 15 18 45.827     157.5
67
 2013 04 20 17 20 47.074     2013 04 20 17 23 24.199     157.1
68
 2013 04 20 13 19 17.470     2013 04 20 13 19 39.180      21.7
69
 2013 04 20 16 24  7.964     2013 04 20 16 27  7.312     179.3
70
 2013 04 20 17 01   .049     2013 04 20 17 02 51.649     111.6
71
 2013 04 20 17 51 22.483     2013 04 20 17 54 17.807     175.3
72
 2013 04 20 22 04  3.469     2013 04 20 22 05 49.741     106.3
73
 2013 04 20 10 16 11.293     2013 04 20 10 19 13.192     181.9
 2013 04 20 16 50 34.843     2013 04 20 16 53 25.997     171.2
74
75
 2013 04 20 12 25  5.108     2013 04 20 12 28 15.762     190.7
76
77
 2013 04 20 11 51  5.384     2013 04 20 11 54  6.486     181.1
 2013 04 20 18 25 18.247     2013 04 20 18 27 57.554     159.3
78
 2013 04 20 16 23 17.275     2013 04 20 16 24 42.313      85.0
79
 2013 04 20 16 28 34.299     2013 04 20 16 31 27.976     173.7
80
 2013 04 20 07 00 43.116     2013 04 20 07 03 50.565     187.4
81
 2013 04 20 06 18 46.542     2013 04 20 06 21 23.651     157.1
82
 2013 04 20 07 50 16.205     2013 04 20 07 53   .451     164.2
 2013 04 20 16 06 53.454     2013 04 20 16 07 29.847      36.4
83
84
 2013 04 20 08 13  6.382     2013 04 20 08 16 10.052     183.7
85
 2013 04 20 06 16 43.050     2013 04 20 06 19 49.057     186.0
 2013 04 20 14 32 21.637     2013 04 20 14 34 59.306     157.7
86
87
 2013 04 20 17 09  4.895     2013 04 20 17 11 43.588     158.7
88
 2013 04 20 05 16 53.502     2013 04 20 05 16 55.298       1.8
 2013 04 20 18 45   .830     2013 04 20 18 45  7.363       6.5
89
90
91
 2013 04 20 04 12 44.949     2013 04 20 04 13 23.956      39.0
 2013 04 20 21 19 52.202     2013 04 20 21 20 42.783      50.6
92
 2013 04 20 12 24 11.871     2013 04 20 12 24 29.253      17.4
93
 2013 04 20 07 52 21.848     2013 04 20 07 54 57.090     155.2
 2013 04 20 16 07 19.027     2013 04 20 16 10 20.428     181.4
94
 2013 04 20 10 59 43.416     2013 04 20 10 59 50.224       6.8
 2013 04 20 20 54 46.188     2013 04 20 20 57 20.756     154.6
95
 2013 04 20 14 10 22.437     2013 04 20 14 12 58.445     156.0
 2013 04 20 22 25 56.726     2013 04 20 22 28 44.616     167.9
96
 2013 04 20 17 44 39.807     2013 04 20 17 47 14.447     154.6
97
 2013 04 20 11 40 27.957     2013 04 20 11 43  9.650     161.7
98
 2013 04 20 12 40 38.116     2013 04 20 12 43 14.447     156.3
 2013 04 20 17 35 30.918     2013 04 20 17 38 35.790     184.9
99
 2013 04 20 22 00 43.306     2013 04 20 22 03 24.223     160.9
