s3
0
 2013 04 20 17 32 19.945     2013 04 20 17 35  1.920     162.0
1
 2013 04 20 21 31 42.332     2013 04 20 21 34 19.106     156.8
2
 2013 04 20 05 03 18.772     2013 04 20 05 06 26.239     187.5
 2013 04 20 13 22  6.588     2013 04 20 13 25  3.474     176.9
3
 2013 04 20 11 10 16.243     2013 04 20 11 13 23.830     187.6
 2013 04 20 23 02 52.435     2013 04 20 23 05 29.149     156.7
4
5
 2013 04 20 12 02 55.478     2013 04 20 12 05 43.920     168.4
6
 2013 04 20 05 48   .137     2013 04 20 05 50 53.845     173.7
7
 2013 04 20 14 15 52.065     2013 04 20 14 18 29.639     157.6
8
9
 2013 04 20 05 35 50.585     2013 04 20 05 39 27.997     217.4
10
 2013 04 20 09 03 16.303     2013 04 20 09 04 16.822      60.5
 2013 04 20 15 40 45.813     2013 04 20 15 44  6.902     201.1
11
 2013 04 20 07 14 45.328     2013 04 20 07 17 21.050     155.7
 2013 04 20 19 04 50.832     2013 04 20 19 07 32.720     161.9
12
 2013 04 20 03 04 51.426     2013 04 20 03 06  1.957      70.5
 2013 04 20 18 30 55.601     2013 04 20 18 33 34.273     158.7
13
 2013 04 20 03 50 41.977     2013 04 20 03 54 31.213     229.2
14
15
 2013 04 20 05 54 36.096     2013 04 20 05 57 15.249     159.2
 2013 04 20 12 29 56.960     2013 04 20 12 32 55.617     178.7
16
 2013 04 20 06 21 52.914     2013 04 20 06 23 29.041      96.1
17
 2013 04 20 13 42 33.093     2013 04 20 13 42 44.694      11.6
18
19
 2013 04 20 11 19 48.480     2013 04 20 11 20  8.905      20.4
20
 2013 04 20 15 57 37.627     2013 04 20 16 00 30.803     173.2
21
 2013 04 20 09 49  6.707     2013 04 20 09 51 57.500     170.8
 2013 04 20 18 05 39.271     2013 04 20 18 08 46.572     187.3
22
 2013 04 20 15 04 58.294     2013 04 20 15 07 41.180     162.9
23
 2013 04 20 08 47 13.883     2013 04 20 08 49 58.879     165.0
 2013 04 20 20 40 19.798     2013 04 20 20 40 36.306      16.5
24
 2013 04 20 06 32 23.670     2013 04 20 06 33  9.873      46.2
 2013 04 20 18 14  6.004     2013 04 20 18 14 27.192      21.2
25
 2013 04 20 16 59 28.286     2013 04 20 17 02 45.027     196.7
 2013 04 20 21 59 48.320     2013 04 20 21 59 52.905       4.6
 2013 04 20 23 33 58.623     2013 04 20 23 37 51.240     232.6
26
 2013 04 20 14 15 38.436     2013 04 20 14 18 16.826     158.4
27
 2013 04 20 03 15 12.699     2013 04 20 03 17 58.798     166.1
28
 2013 04 20 12 50 49.153     2013 04 20 12 51 32.374      43.2
 2013 04 20 22 56 45.040     2013 04 20 22 59 33.407     168.4
29
 2013 04 20 05 27 39.216     2013 04 20 05 29  5.584      86.4
 2013 04 20 20 52 35.342     2013 04 20 20 55 49.727     194.4
30
 2013 04 20 10 21  5.211     2013 04 20 10 24 10.209     185.0
31
 2013 04 20 04 20 57.615     2013 04 20 04 23 34.992     157.4
 2013 04 20 10 55 34.886     2013 04 20 10 58 22.931     168.0
32
 2013 04 20 19 53 26.760     2013 04 20 19 53 41.371      14.6
33
 2013 04 20 03 23 45.862     2013 04 20 03 26 37.427     171.6
 2013 04 20 13 26  5.556     2013 04 20 13 29  6.476     180.9
34
 2013 04 20 02 40 22.735     2013 04 20 02 43 30.474     187.7
35
36
 2013 04 20 03 47 40.630     2013 04 20 03 50 22.068     161.4
 2013 04 20 22 32 44.685     2013 04 20 22 35 57.824     193.1
37
 2013 04 20 10 36  2.254     2013 04 20 10 38 43.218     161.0
 2013 04 20 18 52 34.019     2013 04 20 18 55 12.491     158.5
38
 2013 04 20 21 24 11.179     2013 04 20 21 26 57.515     166.3
39
 2013 04 20 01 12 42.465     2013 04 20 01 15 55.542     193.1
 2013 04 20 06 08 53.889     2013 04 20 06 12 20.084     206.2
40
 2013 04 20 08 48 35.228     2013 04 20 08 51 22.891     167.7
 2013 04 20 20 39 14.729     2013 04 20 20 42 14.742     180.0
41
 2013 04 20 11 49 17.488     2013 04 20 11 52 46.506     209.0
42
 2013 04 20 13 22 39.100     2013 04 20 13 23  3.652      24.6
43
44
 2013 04 20 16 39 21.657     2013 04 20 16 42 48.919     207.3
45
46
 2013 04 20 04 15 18.211     2013 04 20 04 18 11.099     172.9
 2013 04 20 12 37  5.859     2013 04 20 12 38  9.755      63.9
47
 2013 04 20 02 18 25.299     2013 04 20 02 21  5.163     159.9
 2013 04 20 17 42 14.416     2013 04 20 17 44 57.156     162.7
48
 2013 04 20 19 42 31.131     2013 04 20 19 46  6.225     215.1
49
 2013 04 20 11 00 48.608     2013 04 20 11 01 57.533      68.9
50
51
 2013 04 20 12 14  9.858     2013 04 20 12 17 12.845     183.0
 2013 04 20 18 48 36.976     2013 04 20 18 51 19.252     162.3
52
 2013 04 20 01 54 55.505     2013 04 20 01 57 56.016     180.5
 2013 04 20 10 12 26.099     2013 04 20 10 15 11.888     165.8
53
 2013 04 20 02 48 24.472     2013 04 20 02 51 20.720     176.2
 2013 04 20 07 44 10.401     2013 04 20 07 46 49.833     159.4
54
55
 2013 04 20 02 14 58.810     2013 04 20 02 17 40.564     161.8
 2013 04 20 19 20 17.525     2013 04 20 19 23  5.472     167.9
56
57
 2013 04 20 20 37 38.262     2013 04 20 20 38 56.045      77.8
58
 2013 04 20 08 08  4.482     2013 04 20 08 10 43.651     159.2
 2013 04 20 18 10 58.513     2013 04 20 18 13 45.201     166.7
59
 2013 04 20 15 57 23.131     2013 04 20 16 00  6.307     163.2
60
 2013 04 20 12 43 17.889     2013 04 20 12 46 48.640     210.8
61
 2013 04 20 18 54  6.236     2013 04 20 18 57 18.409     192.2
62
 2013 04 20 16 58 21.834     2013 04 20 17 01 34.299     192.5
 2013 04 20 23 34 22.909     2013 04 20 23 37  2.446     159.5
63
 2013 04 20 22 04  8.871     2013 04 20 22 06 48.080     159.2
64
 2013 04 20 00 44 19.890     2013 04 20 00 47  3.716     163.8
 2013 04 20 16 07 15.944     2013 04 20 16 10 34.364     198.4
65
 2013 04 20 03 34 36.845     2013 04 20 03 37 22.110     165.3
 2013 04 20 08 29 56.375     2013 04 20 08 33 17.089     200.7
 2013 04 20 10 07 27.638     2013 04 20 10 07 35.832       8.2
66
 2013 04 20 09 05 26.767     2013 04 20 09 08  4.244     157.5
 2013 04 20 15 39 40.346     2013 04 20 15 42 44.936     184.6
67
 2013 04 20 00 40  5.480     2013 04 20 00 43 33.473     208.0
 2013 04 20 17 44 37.138     2013 04 20 17 47 41.714     184.6
68
 2013 04 20 00 01  9.730     2013 04 20 00 03 52.686     163.0
 2013 04 20 13 39 56.699     2013 04 20 13 42 33.187     156.5
 2013 04 20 23 42  9.195     2013 04 20 23 44 52.314     163.1
69
 2013 04 20 03 11 34.962     2013 04 20 03 14 51.891     196.9
 2013 04 20 16 48 10.878     2013 04 20 16 51  7.811     176.9
70
71
 2013 04 20 06 29 49.066     2013 04 20 06 32 38.894     169.8
72
 2013 04 20 05 25 53.691     2013 04 20 05 29  9.206     195.5
73
 2013 04 20 10 39 39.734     2013 04 20 10 42 16.833     157.1
 2013 04 20 17 14 38.355     2013 04 20 17 17 18.628     160.3
74
75
76
 2013 04 20 08 46 53.716     2013 04 20 08 49 32.675     159.0
77
 2013 04 20 12 14 43.320     2013 04 20 12 17 20.528     157.2
 2013 04 20 18 49 18.380     2013 04 20 18 52 10.699     172.3
78
 2013 04 20 03 13 58.264     2013 04 20 03 16 41.391     163.1
79
 2013 04 20 16 52 35.125     2013 04 20 16 55 27.620     172.5
80
81
 2013 04 20 06 41 27.449     2013 04 20 06 44 29.078     181.6
 2013 04 20 13 17 51.972     2013 04 20 13 21 24.343     212.4
82
 2013 04 20 08 13 11.990     2013 04 20 08 16 10.703     178.7
 2013 04 20 16 31 29.324     2013 04 20 16 34 12.291     163.0
83
 2013 04 20 02 22  5.921     2013 04 20 02 24 51.886     166.0
 2013 04 20 16 01 49.471     2013 04 20 16 05 38.079     228.6
84
 2013 04 20 00 20 10.646     2013 04 20 00 23 14.875     184.2
 2013 04 20 08 36 26.329     2013 04 20 08 39  6.706     160.4
85
 2013 04 20 06 39 46.330     2013 04 20 06 42 28.354     162.0
 2013 04 20 14 55 53.501     2013 04 20 14 59   .929     187.4
86
 2013 04 20 05 53  8.679     2013 04 20 05 53 46.730      38.1
 2013 04 20 14 10 33.364     2013 04 20 14 10 55.742      22.4
87
 2013 04 20 17 32 41.150     2013 04 20 17 36 15.880     214.7
88
 2013 04 20 05 36 21.104     2013 04 20 05 38 59.140     158.0
89
 2013 04 20 05 25 58.762     2013 04 20 05 29 33.408     214.6
 2013 04 20 20 53 18.752     2013 04 20 20 54 10.306      51.6
90
91
 2013 04 20 04 35 52.453     2013 04 20 04 38 58.000     185.5
 2013 04 20 21 41 39.930     2013 04 20 21 44 32.467     172.5
92
 2013 04 20 00 55 39.091     2013 04 20 00 59 10.157     211.1
 2013 04 20 12 44 39.918     2013 04 20 12 47 17.416     157.5
93
 2013 04 20 08 15  5.825     2013 04 20 08 18 21.098     195.3
94
 2013 04 20 11 19 43.036     2013 04 20 11 22 27.748     164.7
 2013 04 20 21 18 34.573     2013 04 20 21 20 18.699     104.1
95
 2013 04 20 14 33 38.476     2013 04 20 14 37 12.837     214.4
 2013 04 20 22 49 46.458     2013 04 20 22 49 55.611       9.2
96
 2013 04 20 08 10  3.717     2013 04 20 08 13 49.072     225.4
 2013 04 20 18 08 11.945     2013 04 20 18 11 57.706     225.8
97
 2013 04 20 12 03 41.043     2013 04 20 12 07   .579     199.5
 2013 04 20 22 08 43.601     2013 04 20 22 11 58.464     194.9
98
 2013 04 20 13 04  1.480     2013 04 20 13 06 57.963     176.5
 2013 04 20 17 59 48.592     2013 04 20 18 02 32.766     164.2
99
 2013 04 20 07 03 55.452     2013 04 20 07 06 58.517     183.1
 2013 04 20 22 24 33.480     2013 04 20 22 25  5.456      32.0
