s6
0
 2013 04 20 05 04 19.807     2013 04 20 05 06 50.716     150.9
1
2
 2013 04 20 04 28 51.934     2013 04 20 04 32  1.203     189.3
3
 2013 04 20 10 36 57.053     2013 04 20 10 38 12.503      75.5
4
 2013 04 20 06 34 42.709     2013 04 20 06 37 14.740     152.0
 2013 04 20 20 10  6.314     2013 04 20 20 12 47.738     161.4
5
 2013 04 20 23 08 18.862     2013 04 20 23 11 46.887     208.0
6
 2013 04 20 05 13  1.323     2013 04 20 05 16 39.181     217.9
 2013 04 20 15 12 12.307     2013 04 20 15 14 51.041     158.7
7
 2013 04 20 03 36 44.732     2013 04 20 03 39 16.047     151.3
8
 2013 04 20 07 16 34.506     2013 04 20 07 19 10.343     155.8
 2013 04 20 22 37 23.003     2013 04 20 22 40  2.365     159.4
9
 2013 04 20 18 32 10.706     2013 04 20 18 34 50.701     160.0
10
 2013 04 20 08 28 46.471     2013 04 20 08 31 20.316     153.8
 2013 04 20 16 42   .057     2013 04 20 16 42 34.425      34.4
11
12
 2013 04 20 02 31 32.407     2013 04 20 02 34  7.626     155.2
 2013 04 20 17 53 38.613     2013 04 20 17 57 22.068     223.5
13
 2013 04 20 04 54 21.071     2013 04 20 04 55 27.042      66.0
 2013 04 20 20 16 44.540     2013 04 20 20 19 42.308     177.8
14
 2013 04 20 23 14 57.845     2013 04 20 23 17 40.225     162.4
15
 2013 04 20 05 22 50.065     2013 04 20 05 23 25.000      34.9
 2013 04 20 13 31 28.200     2013 04 20 13 31 52.930      24.7
16
 2013 04 20 05 47 42.073     2013 04 20 05 50 35.578     173.5
 2013 04 20 19 22 12.574     2013 04 20 19 24 58.683     166.1
17
 2013 04 20 13 07 19.244     2013 04 20 13 09 54.065     154.8
 2013 04 20 23 04 13.909     2013 04 20 23 05 20.978      67.1
18
 2013 04 20 05 46 42.755     2013 04 20 05 49 17.461     154.7
 2013 04 20 19 23 15.468     2013 04 20 19 25 49.244     153.8
19
 2013 04 20 22 19 19.373     2013 04 20 22 19 29.515      10.1
20
 2013 04 20 03 30  3.851     2013 04 20 03 32 34.284     150.4
21
 2013 04 20 09 13 35.832     2013 04 20 09 17  1.485     205.7
 2013 04 20 17 28 59.723     2013 04 20 17 32   .104     180.4
22
 2013 04 20 04 22 16.002     2013 04 20 04 25 44.941     208.9
23
24
 2013 04 20 17 37 56.495     2013 04 20 17 40 48.245     171.8
25
 2013 04 20 16 23 16.890     2013 04 20 16 25 51.683     154.8
 2013 04 20 22 57  3.836     2013 04 20 22 59 40.157     156.3
26
 2013 04 20 03 36 52.240     2013 04 20 03 39 27.326     155.1
27
28
 2013 04 20 12 15 36.367     2013 04 20 12 18 27.710     171.3
29
 2013 04 20 04 53 54.211     2013 04 20 04 56 27.326     153.1
 2013 04 20 20 15 32.567     2013 04 20 20 18 30.853     178.3
30
 2013 04 20 23 15  7.055     2013 04 20 23 18 39.499     212.4
31
 2013 04 20 03 46 15.534     2013 04 20 03 49 48.216     212.7
 2013 04 20 10 20  6.870     2013 04 20 10 22 59.653     172.8
32
 2013 04 20 09 03 49.853     2013 04 20 09 04 43.488      53.6
33
34
 2013 04 20 12 00 51.956     2013 04 20 12 04 18.335     206.4
35
 2013 04 20 08 03 51.526     2013 04 20 08 06 39.183     167.7
 2013 04 20 23 24 55.869     2013 04 20 23 27 47.050     171.2
36
 2013 04 20 03 13 19.038     2013 04 20 03 16 18.359     179.3
 2013 04 20 21 55 35.184     2013 04 20 21 58 11.354     156.2
37
 2013 04 20 18 15  2.763     2013 04 20 18 15 30.899      28.1
38
39
 2013 04 20 00 39 14.353     2013 04 20 00 41 48.565     154.2
 2013 04 20 07 12 21.232     2013 04 20 07 15 23.230     182.0
40
41
 2013 04 20 02 53 11.240     2013 04 20 02 56 41.986     210.7
42
 2013 04 20 06 06 21.885     2013 04 20 06 09 21.700     179.8
 2013 04 20 14 21 19.917     2013 04 20 14 24 41.987     202.1
43
 2013 04 20 00 23 38.734     2013 04 20 00 26 14.462     155.7
 2013 04 20 12 11 15.529     2013 04 20 12 14  6.622     171.1
44
 2013 04 20 05 56 17.150     2013 04 20 05 59 21.100     184.0
45
 2013 04 20 03 32 20.913     2013 04 20 03 35 12.659     171.7
 2013 04 20 15 20 30.183     2013 04 20 15 23 25.870     175.7
46
 2013 04 20 03 40 42.642     2013 04 20 03 44  7.656     205.0
47
 2013 04 20 01 43 51.942     2013 04 20 01 47 35.907     224.0
 2013 04 20 17 08 11.820     2013 04 20 17 09   .987      49.2
48
 2013 04 20 10 47 34.419     2013 04 20 10 51 21.849     227.4
 2013 04 20 19 05 52.254     2013 04 20 19 08 44.398     172.1
49
 2013 04 20 02 08 37.278     2013 04 20 02 11 58.870     201.6
 2013 04 20 10 26  3.161     2013 04 20 10 28 41.363     158.2
50
 2013 04 20 02 05 29.820     2013 04 20 02 08 23.915     174.1
 2013 04 20 12 03 58.634     2013 04 20 12 04 51.138      52.5
51
 2013 04 20 13 16 13.202     2013 04 20 13 19 29.125     195.9
 2013 04 20 18 11 39.624     2013 04 20 18 14 39.301     179.7
52
 2013 04 20 01 20 58.858     2013 04 20 01 24  8.020     189.2
 2013 04 20 09 36 40.894     2013 04 20 09 40 11.173     210.3
53
 2013 04 20 02 14 32.012     2013 04 20 02 17  8.416     156.4
 2013 04 20 07 08 58.976     2013 04 20 07 12 11.809     192.8
54
 2013 04 20 08 13 38.702     2013 04 20 08 17 18.326     219.6
 2013 04 20 20 05 23.580     2013 04 20 20 08  7.424     163.8
55
 2013 04 20 01 40 31.333     2013 04 20 01 44  8.449     217.1
 2013 04 20 18 43 13.499     2013 04 20 18 46 27.109     193.6
56
 2013 04 20 10 44 39.313     2013 04 20 10 47 22.804     163.5
 2013 04 20 20 43 58.747     2013 04 20 20 47  3.982     185.2
57
 2013 04 20 09 52 49.360     2013 04 20 09 55 20.878     151.5
58
59
 2013 04 20 03 29 58.992     2013 04 20 03 32 32.884     153.9
60
 2013 04 20 01 59 11.055     2013 04 20 01 59 11.727        .7
61
 2013 04 20 10 00 59.962     2013 04 20 10 03 32.499     152.5
 2013 04 20 18 17 18.716     2013 04 20 18 20 24.270     185.6
62
 2013 04 20 16 22  6.584     2013 04 20 16 24 45.760     159.2
 2013 04 20 22 56 19.436     2013 04 20 22 59 44.672     205.2
63
 2013 04 20 13 08 50.471     2013 04 20 13 11 22.459     152.0
64
 2013 04 20 00 10 11.539     2013 04 20 00 13 43.204     211.7
 2013 04 20 15 31  3.521     2013 04 20 15 34  3.084     179.6
65
 2013 04 20 03 00  6.672     2013 04 20 03 03 46.122     219.5
 2013 04 20 04 37 58.125     2013 04 20 04 41 32.184     214.1
 2013 04 20 07 58 29.576     2013 04 20 07 58 33.207       3.6
 2013 04 20 09 33  1.794     2013 04 20 09 35 51.897     170.1
66
 2013 04 20 08 29 55.536     2013 04 20 08 33 28.336     212.8
 2013 04 20 10 07 31.990     2013 04 20 10 07 41.059       9.1
 2013 04 20 15 03 39.054     2013 04 20 15 06 19.886     160.8
67
 2013 04 20 01 44  4.480     2013 04 20 01 45 13.965      69.5
 2013 04 20 17 08  4.267     2013 04 20 17 11   .676     176.4
68
69
 2013 04 20 16 14 36.419     2013 04 20 16 15  4.989      28.6
70
 2013 04 20 06 47 24.650     2013 04 20 06 51   .936     216.3
 2013 04 20 16 48 53.007     2013 04 20 16 51 45.667     172.7
71
 2013 04 20 17 38 57.442     2013 04 20 17 41 27.603     150.2
72
 2013 04 20 21 51 28.814     2013 04 20 21 54 38.792     190.0
73
 2013 04 20 10 03 52.536     2013 04 20 10 07 22.608     210.1
 2013 04 20 16 37 49.221     2013 04 20 16 41   .877     191.7
74
 2013 04 20 02 38 18.113     2013 04 20 02 41 47.177     209.1
 2013 04 20 16 14 37.010     2013 04 20 16 18  5.310     208.3
75
 2013 04 20 00 21 38.669     2013 04 20 00 21 43.184       4.5
 2013 04 20 12 13  5.994     2013 04 20 12 15 40.528     154.5
76
77
 2013 04 20 11 38 40.828     2013 04 20 11 42  8.919     208.1
 2013 04 20 18 12 31.582     2013 04 20 18 15 22.202     170.6
78
 2013 04 20 16 11 15.582     2013 04 20 16 14  4.652     169.1
79
 2013 04 20 02 35 34.511     2013 04 20 02 39  7.955     213.4
 2013 04 20 16 15 40.394     2013 04 20 16 19 19.521     219.1
80
 2013 04 20 06 49  5.411     2013 04 20 06 51 38.835     153.4
 2013 04 20 16 47  4.074     2013 04 20 16 50 45.532     221.5
81
 2013 04 20 06 06 49.249     2013 04 20 06 09 44.278     175.0
 2013 04 20 14 19 49.296     2013 04 20 14 23 27.195     217.9
82
 2013 04 20 07 38  3.303     2013 04 20 07 41 23.177     199.9
83
84
 2013 04 20 08 00 51.178     2013 04 20 08 04 28.915     217.7
85
 2013 04 20 06 04 33.806     2013 04 20 06 08 22.850     229.0
 2013 04 20 14 19 49.055     2013 04 20 14 22 46.053     177.0
86
 2013 04 20 06 53 11.592     2013 04 20 06 56 56.266     224.7
 2013 04 20 15 09   .320     2013 04 20 15 12 33.227     212.9
87
 2013 04 20 05 04 23.238     2013 04 20 05 07 33.766     190.5
 2013 04 20 16 56  4.668     2013 04 20 16 59 31.607     206.9
88
 2013 04 20 18 32 50.918     2013 04 20 18 35 56.248     185.3
89
 2013 04 20 21 51  4.874     2013 04 20 21 54 35.037     210.2
90
 2013 04 20 02 03 59.792     2013 04 20 02 04 14.737      14.9
 2013 04 20 12 05 28.880     2013 04 20 12 08 42.390     193.5
91
 2013 04 20 05 38 56.850     2013 04 20 05 40 30.502      93.7
 2013 04 20 22 41 47.899     2013 04 20 22 45 33.991     226.1
92
93
 2013 04 20 07 40 19.248     2013 04 20 07 43  9.284     170.0
 2013 04 20 15 55  4.344     2013 04 20 15 57 39.807     155.5
94
 2013 04 20 20 41 50.448     2013 04 20 20 44 37.890     167.4
95
 2013 04 20 13 57 57.872     2013 04 20 14 00 40.484     162.6
 2013 04 20 22 13 10.483     2013 04 20 22 15 43.182     152.7
96
 2013 04 20 17 31 57.422     2013 04 20 17 34 44.435     167.0
97
 2013 04 20 11 27 53.695     2013 04 20 11 31 18.626     204.9
98
 2013 04 20 12 28 21.692     2013 04 20 12 31  3.488     161.8
 2013 04 20 17 22 46.835     2013 04 20 17 26  8.637     201.8
 2013 04 20 19 00 13.198     2013 04 20 19 00 47.104      33.9
99
 2013 04 20 21 47 50.351     2013 04 20 21 50 28.719     158.4
