s10
0
1
 2013 04 20 08 21 36.386     2013 04 20 08 24 25.064     168.7
 2013 04 20 21 55 44.349     2013 04 20 21 59 22.708     218.4
2
 2013 04 20 13 47 31.489     2013 04 20 13 50 23.060     171.6
3
 2013 04 20 23 26 41.202     2013 04 20 23 29  8.783     147.6
4
5
 2013 04 20 12 28 15.004     2013 04 20 12 31 31.322     196.3
 2013 04 20 22 32 13.370     2013 04 20 22 35 35.550     202.2
6
7
 2013 04 20 14 40 22.665     2013 04 20 14 40 23.470        .8
8
 2013 04 20 06 42  4.829     2013 04 20 06 42 42.524      37.7
 2013 04 20 22 00 48.012     2013 04 20 22 04 30.469     222.5
9
 2013 04 20 06 02 33.916     2013 04 20 06 05 15.171     161.3
10
 2013 04 20 07 51  8.672     2013 04 20 07 51 27.212      18.5
 2013 04 20 16 06 18.530     2013 04 20 16 08 54.198     155.7
11
12
 2013 04 20 01 53 21.303     2013 04 20 01 53 35.540      14.2
 2013 04 20 18 55 19.812     2013 04 20 18 58 52.984     213.2
13
 2013 04 20 04 17 42.969     2013 04 20 04 20 21.754     158.8
 2013 04 20 19 40 22.590     2013 04 20 19 43 31.764     189.2
14
 2013 04 20 10 45 50.880     2013 04 20 10 48 34.640     163.8
15
 2013 04 20 06 20 38.240     2013 04 20 06 23 33.455     175.2
 2013 04 20 12 55 36.317     2013 04 20 12 58 13.889     157.6
16
 2013 04 20 18 49 13.777     2013 04 20 18 49 20.107       6.3
17
 2013 04 20 22 28 43.257     2013 04 20 22 31 30.124     166.9
18
19
 2013 04 20 11 42 20.487     2013 04 20 11 44 55.827     155.3
 2013 04 20 21 43 48.286     2013 04 20 21 46 36.575     168.3
20
21
 2013 04 20 10 14 18.599     2013 04 20 10 14 56.297      37.7
22
 2013 04 20 03 44 48.878     2013 04 20 03 48 21.954     213.1
 2013 04 20 15 29 47.435     2013 04 20 15 33 18.704     211.3
23
 2013 04 20 21 05 39.078     2013 04 20 21 08 14.088     155.0
24
 2013 04 20 06 55 59.012     2013 04 20 06 58 33.424     154.4
25
 2013 04 20 15 46 14.901     2013 04 20 15 47  9.149      54.2
 2013 04 20 17 24  3.674     2013 04 20 17 24  4.438        .8
 2013 04 20 22 20 38.314     2013 04 20 22 23 55.795     197.5
26
27
 2013 04 20 15 34 53.293     2013 04 20 15 37 27.307     154.0
28
 2013 04 20 23 20 54.326     2013 04 20 23 24  8.526     194.2
29
 2013 04 20 04 19 50.690     2013 04 20 04 19 55.650       5.0
30
 2013 04 20 10 46 50.857     2013 04 20 10 49 53.029     182.2
 2013 04 20 22 39  1.580     2013 04 20 22 42 26.445     204.9
31
 2013 04 20 04 47  7.374     2013 04 20 04 50  6.154     178.8
 2013 04 20 09 46 26.049     2013 04 20 09 46 38.339      12.3
 2013 04 20 11 20 39.655     2013 04 20 11 24 26.072     226.4
32
 2013 04 20 08 27  7.504     2013 04 20 08 30 16.616     189.1
 2013 04 20 20 15  2.398     2013 04 20 20 17 35.250     152.9
33
 2013 04 20 03 50  3.253     2013 04 20 03 53 20.193     196.9
 2013 04 20 13 51 30.183     2013 04 20 13 54 28.390     178.2
34
 2013 04 20 03 07  6.169     2013 04 20 03 09 48.716     162.5
 2013 04 20 11 24 19.241     2013 04 20 11 27 14.235     175.0
35
 2013 04 20 07 26 25.826     2013 04 20 07 29 51.503     205.7
 2013 04 20 22 48 36.402     2013 04 20 22 51 59.760     203.4
36
 2013 04 20 02 35 19.260     2013 04 20 02 36  2.898      43.6
 2013 04 20 04 13 47.385     2013 04 20 04 16 53.819     186.4
 2013 04 20 21 19  6.618     2013 04 20 21 22 31.900     205.3
 2013 04 20 22 56 53.908     2013 04 20 23 00 40.523     226.6
37
 2013 04 20 11 01 32.725     2013 04 20 11 04 34.382     181.7
 2013 04 20 19 16 50.916     2013 04 20 19 20 27.103     216.2
38
 2013 04 20 10 04  4.387     2013 04 20 10 06 51.677     167.3
39
 2013 04 20 00 01 15.272     2013 04 20 00 04 53.562     218.3
 2013 04 20 01 39   .957     2013 04 20 01 39 23.362      22.4
 2013 04 20 06 35 26.925     2013 04 20 06 38  9.671     162.7
 2013 04 20 23 39 39.132     2013 04 20 23 43 25.114     226.0
40
 2013 04 20 09 14 10.355     2013 04 20 09 17 36.653     206.3
 2013 04 20 21 03 51.068     2013 04 20 21 06 57.840     186.8
41
 2013 04 20 02 15 52.448     2013 04 20 02 19  1.518     189.1
 2013 04 20 12 15 17.186     2013 04 20 12 17 55.256     158.1
42
 2013 04 20 05 29  3.154     2013 04 20 05 32 13.853     190.7
 2013 04 20 13 44 57.678     2013 04 20 13 47 47.341     169.7
43
44
 2013 04 20 05 21 59.722     2013 04 20 05 22 32.557      32.8
 2013 04 20 17 04 47.543     2013 04 20 17 07 30.630     163.1
45
 2013 04 20 14 47 22.947     2013 04 20 14 47 24.525       1.6
46
 2013 04 20 13 00 22.458     2013 04 20 13 02 59.825     157.4
47
 2013 04 20 02 44 20.751     2013 04 20 02 48 10.431     229.7
 2013 04 20 18 06 42.053     2013 04 20 18 10 24.592     222.5
48
 2013 04 20 10 11  6.893     2013 04 20 10 13 53.008     166.1
49
 2013 04 20 01 31 19.998     2013 04 20 01 34 17.793     177.8
50
 2013 04 20 01 27 32.408     2013 04 20 01 27 44.669      12.3
 2013 04 20 11 27 42.169     2013 04 20 11 30 33.144     171.0
51
 2013 04 20 12 39 49.871     2013 04 20 12 42 25.798     155.9
 2013 04 20 17 38 34.695     2013 04 20 17 38 46.006      11.3
 2013 04 20 19 12 59.888     2013 04 20 19 16 24.152     204.3
52
 2013 04 20 10 37 21.809     2013 04 20 10 37 31.348       9.5
53
 2013 04 20 01 36 39.914     2013 04 20 01 40 21.786     221.9
 2013 04 20 03 14 38.901     2013 04 20 03 18 12.166     213.3
 2013 04 20 06 35 23.424     2013 04 20 06 35 27.770       4.3
 2013 04 20 08 10  1.310     2013 04 20 08 12 52.168     170.9
54
 2013 04 20 07 36 39.988     2013 04 20 07 40   .188     200.2
55
 2013 04 20 02 41 18.765     2013 04 20 02 44 22.046     183.3
 2013 04 20 19 44 41.521     2013 04 20 19 48 13.391     211.9
56
 2013 04 20 20 07 28.961     2013 04 20 20 10 59.483     210.5
57
 2013 04 20 21 00 20.335     2013 04 20 21 02 54.391     154.1
58
 2013 04 20 08 33 19.712     2013 04 20 08 33 35.516      15.8
 2013 04 20 18 35 36.070     2013 04 20 18 38 52.161     196.1
59
60
 2013 04 20 01 22 11.450     2013 04 20 01 25 11.560     180.1
 2013 04 20 13 09 12.137     2013 04 20 13 11 56.629     164.5
61
62
 2013 04 20 00 19 43.654     2013 04 20 00 23 15.425     211.8
63
 2013 04 20 22 28 14.475     2013 04 20 22 31 36.828     202.4
64
 2013 04 20 01 10 15.244     2013 04 20 01 10 21.864       6.6
65
 2013 04 20 04 01   .362     2013 04 20 04 03 45.885     165.5
 2013 04 20 08 56  8.496     2013 04 20 08 58 53.220     164.7
66
 2013 04 20 09 31  7.367     2013 04 20 09 34  3.107     175.7
 2013 04 20 14 26 29.547     2013 04 20 14 30 11.968     222.4
67
 2013 04 20 01 07 16.023     2013 04 20 01 09 53.029     157.0
 2013 04 20 18 09  1.813     2013 04 20 18 09 18.064      16.3
68
 2013 04 20 00 27 35.203     2013 04 20 00 31  9.152     213.9
 2013 04 20 14 04 49.157     2013 04 20 14 08 27.644     218.5
69
 2013 04 20 03 38 19.489     2013 04 20 03 41 11.508     172.0
70
 2013 04 20 06 10 25.210     2013 04 20 06 13 34.637     189.4
 2013 04 20 16 14 57.574     2013 04 20 16 15 45.020      47.4
71
 2013 04 20 06 55 41.829     2013 04 20 06 59  8.156     206.3
72
 2013 04 20 05 52 26.481     2013 04 20 05 55  4.029     157.5
 2013 04 20 21 15 25.465     2013 04 20 21 18 20.440     175.0
73
 2013 04 20 11 05  6.094     2013 04 20 11 08 11.137     185.0
 2013 04 20 17 39 11.473     2013 04 20 17 42 34.657     203.2
74
 2013 04 20 02 00 53.490     2013 04 20 02 04 12.226     198.7
 2013 04 20 15 38 10.818     2013 04 20 15 41 22.493     191.7
75
 2013 04 20 23 22 51.812     2013 04 20 23 26  5.588     193.8
76
 2013 04 20 09 12 13.999     2013 04 20 09 14 10.501     116.5
 2013 04 20 21 05  5.263     2013 04 20 21 07 53.012     167.7
77
 2013 04 20 12 40   .752     2013 04 20 12 43  3.030     182.3
 2013 04 20 17 39  2.199     2013 04 20 17 39 31.642      29.4
 2013 04 20 19 13 30.977     2013 04 20 19 15  7.189      96.2
78
 2013 04 20 03 40   .771     2013 04 20 03 43 41.928     221.2
79
 2013 04 20 01 58 23.541     2013 04 20 02 01 23.934     180.4
80
 2013 04 20 16 10 54.235     2013 04 20 16 13 52.883     178.6
81
 2013 04 20 07 07  2.202     2013 04 20 07 07 19.733      17.5
 2013 04 20 13 43 42.901     2013 04 20 13 46 21.322     158.4
82
 2013 04 20 16 56 16.519     2013 04 20 16 59 26.564     190.0
83
 2013 04 20 02 48 21.811     2013 04 20 02 51 42.952     201.1
 2013 04 20 16 27 32.319     2013 04 20 16 30  7.786     155.5
84
 2013 04 20 00 47  6.340     2013 04 20 00 49 50.568     164.2
 2013 04 20 09 01 44.994     2013 04 20 09 05 26.891     221.9
85
 2013 04 20 07 05 26.720     2013 04 20 07 09  4.606     217.9
86
 2013 04 20 06 16 33.207     2013 04 20 06 19 12.125     158.9
 2013 04 20 14 32 48.748     2013 04 20 14 35 35.565     166.8
87
 2013 04 20 04 29  4.961     2013 04 20 04 30 32.440      87.5
88
 2013 04 20 06 01 58.427     2013 04 20 06 03 17.333      78.9
 2013 04 20 17 58 45.289     2013 04 20 17 59 53.642      68.4
89
 2013 04 20 05 52 42.925     2013 04 20 05 55 18.959     156.0
 2013 04 20 21 15 15.428     2013 04 20 21 17 59.701     164.3
90
 2013 04 20 01 27  3.261     2013 04 20 01 29 54.528     171.3
 2013 04 20 11 28 26.388     2013 04 20 11 31 59.850     213.5
91
 2013 04 20 05 02 27.185     2013 04 20 05 05  3.379     156.2
 2013 04 20 22 06 13.890     2013 04 20 22 08 52.350     158.5
92
 2013 04 20 01 22 46.711     2013 04 20 01 25 32.964     166.3
 2013 04 20 13 09 27.221     2013 04 20 13 09 58.017      30.8
93
 2013 04 20 15 17 55.572     2013 04 20 15 21 36.338     220.8
94
 2013 04 20 11 45  3.987     2013 04 20 11 48 23.746     199.8
95
 2013 04 20 21 39 49.488     2013 04 20 21 40 17.806      28.3
96
 2013 04 20 08 36 34.232     2013 04 20 08 39 10.037     155.8
97
 2013 04 20 22 33 26.943     2013 04 20 22 36 14.947     168.0
98
 2013 04 20 11 51  4.088     2013 04 20 11 51 42.154      38.1
 2013 04 20 13 29 11.829     2013 04 20 13 32 39.595     207.8
 2013 04 20 18 24 37.700     2013 04 20 18 27 22.773     165.1
99
 2013 04 20 07 30  5.282     2013 04 20 07 32 55.463     170.2
