s9
0
1
 2013 04 20 08 35  5.974     2013 04 20 08 37 47.134     161.2
2
 2013 04 20 14 01  2.367     2013 04 20 14 04 44.473     222.1
3
4
 2013 04 20 06 13 34.955     2013 04 20 06 13 54.407      19.5
 2013 04 20 19 48 10.900     2013 04 20 19 51 22.805     191.9
5
 2013 04 20 22 47 34.389     2013 04 20 22 50 14.296     159.9
6
 2013 04 20 14 52 13.429     2013 04 20 14 53  1.500      48.1
7
 2013 04 20 03 15 26.647     2013 04 20 03 15 31.210       4.6
8
 2013 04 20 06 52 15.864     2013 04 20 06 55 35.236     199.4
 2013 04 20 22 16   .977     2013 04 20 22 18 55.774     174.8
9
 2013 04 20 06 15 12.904     2013 04 20 06 18 50.012     217.1
 2013 04 20 18 09 51.323     2013 04 20 18 13 13.541     202.2
10
 2013 04 20 08 04 45.457     2013 04 20 08 07 56.100     190.6
 2013 04 20 16 20 22.463     2013 04 20 16 23 17.360     174.9
11
12
 2013 04 20 02 06 21.970     2013 04 20 02 09 43.687     201.7
13
 2013 04 20 04 30 36.760     2013 04 20 04 33 17.631     160.9
 2013 04 20 19 55 14.854     2013 04 20 19 57 55.182     160.3
14
 2013 04 20 10 59 30.404     2013 04 20 11 02 11.732     161.3
15
 2013 04 20 06 33 30.953     2013 04 20 06 36 58.988     208.0
 2013 04 20 13 09 16.022     2013 04 20 13 12 17.531     181.5
16
 2013 04 20 19 00 14.018     2013 04 20 19 03 14.423     180.4
17
 2013 04 20 12 47   .665     2013 04 20 12 47 44.669      44.0
 2013 04 20 22 43 42.916     2013 04 20 22 46 26.183     163.3
18
 2013 04 20 05 24 51.793     2013 04 20 05 25 48.451      56.7
 2013 04 20 19 04  8.038     2013 04 20 19 04 45.980      37.9
19
 2013 04 20 11 55 57.324     2013 04 20 11 58 55.478     178.2
 2013 04 20 21 58 43.582     2013 04 20 22 01 22.490     158.9
20
 2013 04 20 03 07 32.657     2013 04 20 03 08 36.245      63.6
21
22
 2013 04 20 03 58  9.016     2013 04 20 04 00 53.182     164.2
23
 2013 04 20 21 20  4.181     2013 04 20 21 23 30.432     206.3
24
 2013 04 20 07 08 56.871     2013 04 20 07 12  9.926     193.1
25
 2013 04 20 16 00 40.086     2013 04 20 16 03 54.324     194.2
 2013 04 20 22 35 44.974     2013 04 20 22 38 41.330     176.4
26
27
 2013 04 20 15 48 50.879     2013 04 20 15 51 49.733     178.9
28
29
 2013 04 20 04 29  1.871     2013 04 20 04 32 30.026     208.2
30
 2013 04 20 22 54 25.300     2013 04 20 22 57  3.802     158.5
31
 2013 04 20 04 59 51.505     2013 04 20 05 03 19.819     208.3
 2013 04 20 09 56 15.452     2013 04 20 10 00   .054     224.6
32
 2013 04 20 08 40 50.305     2013 04 20 08 43 27.706     157.4
 2013 04 20 20 29 24.975     2013 04 20 20 32 34.329     189.4
33
 2013 04 20 14 04 53.845     2013 04 20 14 05 23.713      29.9
34
 2013 04 20 03 19 34.409     2013 04 20 03 22 55.968     201.6
 2013 04 20 11 38 11.055     2013 04 20 11 40 51.520     160.5
35
 2013 04 20 07 40  1.742     2013 04 20 07 42 50.308     168.6
 2013 04 20 23 03 54.482     2013 04 20 23 06 38.629     164.1
36
 2013 04 20 02 48 15.949     2013 04 20 02 51 56.245     220.3
 2013 04 20 04 26 24.853     2013 04 20 04 30   .180     215.3
 2013 04 20 21 34  7.285     2013 04 20 21 37  3.761     176.5
 2013 04 20 23 11 44.587     2013 04 20 23 12  3.892      19.3
37
 2013 04 20 11 14 49.308     2013 04 20 11 18 38.966     229.7
38
 2013 04 20 10 17 44.608     2013 04 20 10 20 26.448     161.8
39
 2013 04 20 00 13 52.750     2013 04 20 00 17  2.842     190.1
 2013 04 20 06 48 38.086     2013 04 20 06 51 20.136     162.1
40
41
 2013 04 20 02 28 52.316     2013 04 20 02 31 31.169     158.9
 2013 04 20 12 28 43.040     2013 04 20 12 32  3.314     200.3
42
 2013 04 20 05 42 21.900     2013 04 20 05 45  4.087     162.2
 2013 04 20 13 59  2.106     2013 04 20 14 01 38.358     156.3
43
 2013 04 20 00 00   .000     2013 04 20 00 01 32.460      92.5
 2013 04 20 11 47 59.733     2013 04 20 11 51 10.217     190.5
 2013 04 20 23 38 55.088     2013 04 20 23 42 35.221     220.1
44
 2013 04 20 05 32  6.878     2013 04 20 05 35  6.512     179.6
 2013 04 20 17 18 34.684     2013 04 20 17 20 45.417     130.7
45
 2013 04 20 03 07 31.086     2013 04 20 03 10 41.129     190.0
 2013 04 20 14 57 53.996     2013 04 20 15 00 56.979     183.0
46
 2013 04 20 13 14 10.839     2013 04 20 13 17   .787     169.9
47
48
 2013 04 20 10 24 46.878     2013 04 20 10 27 26.688     159.8
49
 2013 04 20 01 44  4.853     2013 04 20 01 46 43.713     158.9
 2013 04 20 10 01 59.828     2013 04 20 10 05 54.744     234.9
50
 2013 04 20 01 40 33.720     2013 04 20 01 43 31.562     177.8
 2013 04 20 11 41 33.124     2013 04 20 11 44 13.543     160.4
51
 2013 04 20 12 53 32.760     2013 04 20 12 56 21.019     168.3
 2013 04 20 17 49 13.994     2013 04 20 17 53   .475     226.5
 2013 04 20 19 27  6.757     2013 04 20 19 27 48.310      41.6
52
53
 2013 04 20 01 49 26.671     2013 04 20 01 52 42.049     195.4
 2013 04 20 03 27 16.238     2013 04 20 03 31 14.506     238.3
 2013 04 20 06 44 36.922     2013 04 20 06 48 33.501     236.6
 2013 04 20 08 23  5.882     2013 04 20 08 26 25.502     199.6
54
 2013 04 20 07 50 19.536     2013 04 20 07 52 56.373     156.8
55
 2013 04 20 02 53 42.967     2013 04 20 02 57 22.084     219.1
 2013 04 20 19 59  3.272     2013 04 20 19 59 23.670      20.4
56
 2013 04 20 10 21  5.599     2013 04 20 10 24 16.720     191.1
 2013 04 20 20 22 34.720     2013 04 20 20 25 15.697     161.0
57
 2013 04 20 21 14 46.175     2013 04 20 21 18  7.008     200.8
58
59
60
 2013 04 20 01 35   .098     2013 04 20 01 37 35.217     155.1
 2013 04 20 13 22 36.730     2013 04 20 13 26 27.777     231.0
61
 2013 04 20 09 37  7.301     2013 04 20 09 40 30.668     203.4
62
 2013 04 20 00 31 46.505     2013 04 20 00 31 57.478      11.0
 2013 04 20 15 59 20.888     2013 04 20 16 02 57.549     216.7
63
 2013 04 20 12 45 27.957     2013 04 20 12 48 55.818     207.9
64
65
 2013 04 20 04 13 48.383     2013 04 20 04 16 48.977     180.6
 2013 04 20 09 09 37.700     2013 04 20 09 12 15.471     157.8
66
 2013 04 20 09 44 23.119     2013 04 20 09 47 47.313     204.2
 2013 04 20 14 40 45.349     2013 04 20 14 44  5.485     200.1
67
 2013 04 20 01 19 46.220     2013 04 20 01 22 30.039     163.8
 2013 04 20 16 49 14.394     2013 04 20 16 49 32.034      17.6
68
69
 2013 04 20 03 50 41.525     2013 04 20 03 52 32.519     111.0
70
 2013 04 20 06 23 48.143     2013 04 20 06 26 25.487     157.3
 2013 04 20 16 26 33.477     2013 04 20 16 29 33.228     179.8
71
 2013 04 20 17 19  6.220     2013 04 20 17 20   .740      54.5
72
 2013 04 20 06 05 19.385     2013 04 20 06 08 19.958     180.6
 2013 04 20 21 30 22.505     2013 04 20 21 33   .606     158.1
73
 2013 04 20 11 18 29.876     2013 04 20 11 22  8.859     219.0
 2013 04 20 16 15   .405     2013 04 20 16 15 19.842      19.4
 2013 04 20 17 53  7.007     2013 04 20 17 53 41.403      34.4
74
 2013 04 20 02 13 55.451     2013 04 20 02 16 38.639     163.2
 2013 04 20 15 52 37.254     2013 04 20 15 55 14.374     157.1
75
 2013 04 20 11 49 23.919     2013 04 20 11 53 11.291     227.4
 2013 04 20 23 38 13.267     2013 04 20 23 40 47.830     154.6
76
 2013 04 20 21 19 57.240     2013 04 20 21 22 41.600     164.4
77
 2013 04 20 12 53 35.766     2013 04 20 12 57 10.133     214.4
 2013 04 20 17 50  6.067     2013 04 20 17 53 44.469     218.4
78
 2013 04 20 15 48 43.478     2013 04 20 15 51 45.134     181.7
79
 2013 04 20 02 11 16.484     2013 04 20 02 13 56.952     160.5
80
 2013 04 20 06 24 34.655     2013 04 20 06 28  3.785     209.1
 2013 04 20 16 25 20.638     2013 04 20 16 28   .253     159.6
81
 2013 04 20 05 46 21.215     2013 04 20 05 46 22.616       1.4
 2013 04 20 13 57 37.996     2013 04 20 14 00 19.736     161.7
82
 2013 04 20 17 10  2.523     2013 04 20 17 10 17.715      15.2
83
 2013 04 20 16 41 34.578     2013 04 20 16 44 44.829     190.3
84
 2013 04 20 00 59 27.102     2013 04 20 01 02 40.952     193.8
85
86
 2013 04 20 06 29 38.268     2013 04 20 06 32 21.306     163.0
 2013 04 20 14 46 56.096     2013 04 20 14 49 37.611     161.5
87
 2013 04 20 04 40  9.003     2013 04 20 04 42 59.763     170.8
88
 2013 04 20 18 10 59.860     2013 04 20 18 13 50.500     170.6
89
 2013 04 20 06 05 41.355     2013 04 20 06 08 30.328     169.0
 2013 04 20 21 30  6.322     2013 04 20 21 32 47.161     160.8
90
 2013 04 20 01 39 46.318     2013 04 20 01 42 23.440     157.1
 2013 04 20 11 42 36.559     2013 04 20 11 45 23.426     166.9
91
 2013 04 20 05 15 18.619     2013 04 20 05 18 11.976     173.4
 2013 04 20 22 20 53.452     2013 04 20 22 23 56.834     183.4
92
 2013 04 20 01 34 53.445     2013 04 20 01 38 39.580     226.1
93
 2013 04 20 07 19 55.540     2013 04 20 07 20  4.541       9.0
 2013 04 20 15 32 26.069     2013 04 20 15 35 25.158     179.1
94
95
 2013 04 20 13 34 38.686     2013 04 20 13 35  9.316      30.6
 2013 04 20 21 51 28.610     2013 04 20 21 54 43.987     195.4
96
 2013 04 20 08 49 48.583     2013 04 20 08 52 50.459     181.9
97
 2013 04 20 22 47 49.414     2013 04 20 22 49  8.292      78.9
98
 2013 04 20 12 05  5.361     2013 04 20 12 08 26.784     201.4
 2013 04 20 13 43   .023     2013 04 20 13 46 50.553     230.5
 2013 04 20 17 00 14.360     2013 04 20 17 00 54.134      39.8
 2013 04 20 18 38 53.076     2013 04 20 18 41 59.162     186.1
99
 2013 04 20 07 42 55.599     2013 04 20 07 46 35.148     219.5
 2013 04 20 21 25 52.065     2013 04 20 21 26 41.464      49.4
