s8
0
 2013 04 20 04 49 18.459     2013 04 20 04 52 43.942     205.5
1
 2013 04 20 08 44 43.603     2013 04 20 08 47 51.276     187.7
2
 2013 04 20 04 17 52.705     2013 04 20 04 17 58.943       6.2
3
4
 2013 04 20 06 19 59.942     2013 04 20 06 23 20.725     200.8
 2013 04 20 19 58 16.431     2013 04 20 20 00 55.974     159.5
5
 2013 04 20 22 57 22.709     2013 04 20 23 00  7.785     165.1
6
 2013 04 20 14 59  8.910     2013 04 20 15 02 29.738     200.8
7
 2013 04 20 03 21 30.679     2013 04 20 03 24 55.108     204.4
8
 2013 04 20 07 02 21.994     2013 04 20 07 05 13.087     171.1
 2013 04 20 22 25 57.857     2013 04 20 22 28 39.133     161.3
9
 2013 04 20 18 20  1.440     2013 04 20 18 22 44.066     162.6
10
 2013 04 20 08 14 45.711     2013 04 20 08 17 35.372     169.7
 2013 04 20 16 29 59.768     2013 04 20 16 33 19.054     199.3
11
12
 2013 04 20 02 16 27.147     2013 04 20 02 19 22.730     175.6
13
 2013 04 20 04 40 13.436     2013 04 20 04 43 16.269     182.8
 2013 04 20 20 05  3.869     2013 04 20 20 07 42.370     158.5
14
 2013 04 20 11 09  1.487     2013 04 20 11 12 21.453     200.0
 2013 04 20 23 03 16.055     2013 04 20 23 06 46.628     210.6
15
 2013 04 20 06 43 10.490     2013 04 20 06 47  4.848     234.4
 2013 04 20 13 18 53.478     2013 04 20 13 22 18.374     204.9
16
 2013 04 20 05 36   .592     2013 04 20 05 36 47.886      47.3
 2013 04 20 19 10 15.322     2013 04 20 19 12 54.463     159.1
17
 2013 04 20 12 53 51.570     2013 04 20 12 57 11.723     200.2
 2013 04 20 22 53 21.622     2013 04 20 22 56 28.101     186.5
18
 2013 04 20 05 31 59.513     2013 04 20 05 35 15.871     196.4
 2013 04 20 19 10 53.994     2013 04 20 19 14 11.752     197.8
19
 2013 04 20 12 05 27.707     2013 04 20 12 09  6.230     218.5
 2013 04 20 22 08 16.952     2013 04 20 22 11 27.412     190.5
20
 2013 04 20 03 14 54.671     2013 04 20 03 18  2.357     187.7
21
 2013 04 20 17 16 13.932     2013 04 20 17 19 59.763     225.8
22
 2013 04 20 04 08  2.947     2013 04 20 04 10 40.354     157.4
23
24
 2013 04 20 07 18 22.725     2013 04 20 07 19  3.925      41.2
 2013 04 20 17 27 46.367     2013 04 20 17 29   .525      74.2
25
 2013 04 20 16 10 38.709     2013 04 20 16 13 34.031     175.3
 2013 04 20 22 45 42.082     2013 04 20 22 48 26.213     164.1
26
 2013 04 20 03 21 33.505     2013 04 20 03 25 11.499     218.0
27
 2013 04 20 15 58 17.162     2013 04 20 16 02  6.639     229.5
28
 2013 04 20 12 04 31.996     2013 04 20 12 05 45.824      73.8
29
 2013 04 20 04 39  5.407     2013 04 20 04 42  5.742     180.3
 2013 04 20 20 03 23.996     2013 04 20 20 07  3.415     219.4
30
 2013 04 20 23 04 12.296     2013 04 20 23 06 57.692     165.4
31
 2013 04 20 05 09 32.964     2013 04 20 05 13 23.671     230.7
 2013 04 20 10 06 18.868     2013 04 20 10 09 41.567     202.7
32
 2013 04 20 08 50 34.399     2013 04 20 08 53 25.220     170.8
 2013 04 20 20 38 47.515     2013 04 20 20 39 33.901      46.4
33
34
 2013 04 20 03 29  7.016     2013 04 20 03 30 41.083      94.1
 2013 04 20 11 47 57.883     2013 04 20 11 50 45.918     168.0
35
 2013 04 20 07 49 55.870     2013 04 20 07 52 33.840     158.0
 2013 04 20 23 13 46.303     2013 04 20 23 16 22.937     156.6
36
 2013 04 20 02 58 12.802     2013 04 20 03 01 38.059     205.3
 2013 04 20 04 35 55.654     2013 04 20 04 36 41.961      46.3
 2013 04 20 21 44   .117     2013 04 20 21 46 43.469     163.4
37
38
 2013 04 20 10 27 19.897     2013 04 20 10 30 32.534     192.6
39
 2013 04 20 00 23 50.555     2013 04 20 00 26 43.973     173.4
 2013 04 20 06 58 26.680     2013 04 20 07 01 11.954     165.3
40
41
 2013 04 20 02 38 40.474     2013 04 20 02 41 22.115     161.6
 2013 04 20 12 38  5.675     2013 04 20 12 38 28.862      23.2
42
 2013 04 20 05 52 12.701     2013 04 20 05 54 49.815     157.1
 2013 04 20 14 08 43.762     2013 04 20 14 11 32.456     168.7
43
 2013 04 20 00 08  5.758     2013 04 20 00 11  1.278     175.5
 2013 04 20 11 58  7.164     2013 04 20 12 00 44.923     157.8
44
 2013 04 20 05 42  9.727     2013 04 20 05 44 44.797     155.1
45
 2013 04 20 03 17 36.833     2013 04 20 03 20 17.331     160.5
 2013 04 20 15 07 58.492     2013 04 20 15 10 34.344     155.9
46
 2013 04 20 13 23 46.721     2013 04 20 13 27  5.153     198.4
47
48
 2013 04 20 10 34 27.195     2013 04 20 10 37 25.114     177.9
 2013 04 20 18 53 21.637     2013 04 20 18 57  3.137     221.5
49
 2013 04 20 01 53 52.107     2013 04 20 01 56 38.901     166.8
 2013 04 20 10 12 12.288     2013 04 20 10 15 27.507     195.2
50
 2013 04 20 01 50 33.548     2013 04 20 01 53 13.416     159.9
 2013 04 20 11 51 14.153     2013 04 20 11 54 13.907     179.8
51
 2013 04 20 13 03 17.416     2013 04 20 13 06 18.939     181.5
 2013 04 20 17 59 16.328     2013 04 20 18 02 42.908     206.6
52
 2013 04 20 01 09 20.489     2013 04 20 01 09 32.046      11.6
53
 2013 04 20 01 59 24.171     2013 04 20 02 02 22.860     178.7
 2013 04 20 03 37  1.659     2013 04 20 03 37 33.887      32.2
 2013 04 20 06 54 37.765     2013 04 20 06 58 18.241     220.5
 2013 04 20 08 32 42.906     2013 04 20 08 36 25.490     222.6
54
 2013 04 20 08 00  6.064     2013 04 20 08 02 51.078     165.0
 2013 04 20 19 53  5.744     2013 04 20 19 56 42.773     217.0
55
 2013 04 20 03 03 10.421     2013 04 20 03 03 17.865       7.4
 2013 04 20 18 30 50.415     2013 04 20 18 32  1.496      71.1
56
 2013 04 20 10 31 10.244     2013 04 20 10 33 50.252     160.0
 2013 04 20 20 32 25.158     2013 04 20 20 35  3.974     158.8
57
 2013 04 20 09 38 41.402     2013 04 20 09 42  5.388     204.0
 2013 04 20 21 24  9.782     2013 04 20 21 24 21.782      12.0
58
59
 2013 04 20 03 14 35.688     2013 04 20 03 18 14.519     218.8
60
 2013 04 20 01 44 40.503     2013 04 20 01 47 37.327     176.8
61
 2013 04 20 09 47 11.804     2013 04 20 09 50  5.924     174.1
 2013 04 20 18 04 44.217     2013 04 20 18 08 38.989     234.8
62
 2013 04 20 16 09 23.318     2013 04 20 16 12 32.897     189.6
 2013 04 20 22 44 40.979     2013 04 20 22 45 44.155      63.2
63
 2013 04 20 12 55 34.121     2013 04 20 12 58 29.545     175.4
64
 2013 04 20 15 18   .927     2013 04 20 15 21 49.196     228.3
65
 2013 04 20 04 23 30.544     2013 04 20 04 26 44.222     193.7
 2013 04 20 09 19 23.590     2013 04 20 09 22  3.850     160.3
66
 2013 04 20 08 20  2.467     2013 04 20 08 20  4.921       2.5
 2013 04 20 09 54  5.197     2013 04 20 09 57 50.170     225.0
 2013 04 20 14 50 46.149     2013 04 20 14 53 48.317     182.2
67
 2013 04 20 01 29 22.732     2013 04 20 01 32 28.008     185.3
 2013 04 20 16 55 24.677     2013 04 20 16 58 58.462     213.8
68
69
70
 2013 04 20 06 33 34.240     2013 04 20 06 36 22.031     167.8
 2013 04 20 16 36 36.145     2013 04 20 16 39 13.440     157.3
71
 2013 04 20 17 26 17.139     2013 04 20 17 29 26.672     189.5
72
 2013 04 20 06 14 49.489     2013 04 20 06 18 24.026     214.5
 2013 04 20 21 40  7.533     2013 04 20 21 42 52.219     164.7
73
 2013 04 20 09 54  9.919     2013 04 20 09 54 16.014       6.1
 2013 04 20 11 28 10.418     2013 04 20 11 29 48.063      97.6
 2013 04 20 16 25  5.656     2013 04 20 16 28 50.530     224.9
74
 2013 04 20 02 23 48.222     2013 04 20 02 26 28.482     160.3
 2013 04 20 16 02 22.855     2013 04 20 16 05 11.122     168.3
75
 2013 04 20 00 06 51.600     2013 04 20 00 09 45.629     174.0
 2013 04 20 11 59 40.017     2013 04 20 12 02 36.756     176.7
76
 2013 04 20 21 29 30.640     2013 04 20 21 32 49.482     198.8
77
 2013 04 20 11 28 57.341     2013 04 20 11 29 17.612      20.3
 2013 04 20 13 03 17.059     2013 04 20 13 07 14.189     237.1
 2013 04 20 18 00  8.925     2013 04 20 18 03 26.013     197.1
78
 2013 04 20 15 58 45.767     2013 04 20 16 01 24.450     158.7
79
 2013 04 20 02 21  5.017     2013 04 20 02 23 50.405     165.4
80
 2013 04 20 06 34 42.653     2013 04 20 06 37 36.464     173.8
 2013 04 20 16 35  4.601     2013 04 20 16 37 57.689     173.1
81
 2013 04 20 05 52 10.244     2013 04 20 05 55 48.699     218.5
 2013 04 20 14 07 15.302     2013 04 20 14 10 16.669     181.4
82
83
 2013 04 20 16 51  3.757     2013 04 20 16 52 43.997     100.2
84
 2013 04 20 01 09  1.917     2013 04 20 01 12 46.039     224.1
85
 2013 04 20 14 06 30.187     2013 04 20 14 10 12.083     221.9
86
 2013 04 20 06 39 19.146     2013 04 20 06 42 23.671     184.5
 2013 04 20 14 56 39.985     2013 04 20 14 59 34.303     174.3
87
 2013 04 20 04 50  6.539     2013 04 20 04 52 43.590     157.1
88
 2013 04 20 18 20 57.767     2013 04 20 18 23 33.049     155.3
89
 2013 04 20 06 15 14.119     2013 04 20 06 18 32.470     198.4
 2013 04 20 21 39 47.202     2013 04 20 21 42 43.792     176.6
90
 2013 04 20 01 49 26.417     2013 04 20 01 52 26.635     180.2
 2013 04 20 11 52 32.261     2013 04 20 11 55 10.253     158.0
91
 2013 04 20 05 24 58.631     2013 04 20 05 28 10.935     192.3
 2013 04 20 22 30 34.324     2013 04 20 22 33 59.567     205.2
92
93
 2013 04 20 07 25 56.306     2013 04 20 07 29 29.827     213.5
 2013 04 20 15 42 23.287     2013 04 20 15 45  5.505     162.2
94
 2013 04 20 20 29 36.510     2013 04 20 20 33 13.984     217.5
95
 2013 04 20 13 44 45.601     2013 04 20 13 48  2.576     197.0
 2013 04 20 22 01 29.836     2013 04 20 22 04 20.961     171.1
96
 2013 04 20 08 59 21.030     2013 04 20 09 02 58.332     217.3
 2013 04 20 17 19 10.403     2013 04 20 17 22 46.513     216.1
97
98
 2013 04 20 12 15  1.749     2013 04 20 12 18  2.137     180.4
 2013 04 20 13 52 42.326     2013 04 20 13 53 17.518      35.2
 2013 04 20 17 10 11.377     2013 04 20 17 13 56.666     225.3
 2013 04 20 18 48 27.289     2013 04 20 18 51 56.090     208.8
99
 2013 04 20 21 36  2.120     2013 04 20 21 39 11.612     189.5
