s2
0
 2013 04 20 17 37 39.036     2013 04 20 17 40 32.192     173.2
1
 2013 04 20 21 36 39.119     2013 04 20 21 39 12.946     153.8
2
 2013 04 20 05 09 53.549     2013 04 20 05 13 19.667     206.1
 2013 04 20 13 28  2.443     2013 04 20 13 30 42.661     160.2
3
 2013 04 20 11 16  7.862     2013 04 20 11 19 43.477     215.6
 2013 04 20 23 07 39.593     2013 04 20 23 10 12.948     153.4
4
5
 2013 04 20 12 08 58.297     2013 04 20 12 11 33.237     154.9
6
 2013 04 20 05 54 25.345     2013 04 20 05 57 42.611     197.3
7
 2013 04 20 14 21 34.271     2013 04 20 14 24 18.644     164.4
8
9
 2013 04 20 05 42 45.928     2013 04 20 05 45 48.117     182.2
10
 2013 04 20 15 46 30.373     2013 04 20 15 49 34.759     184.4
11
 2013 04 20 07 21  6.473     2013 04 20 07 23 53.868     167.4
 2013 04 20 19 09 59.892     2013 04 20 19 12 53.327     173.4
12
 2013 04 20 18 36  7.591     2013 04 20 18 38 52.609     165.0
13
 2013 04 20 03 57 45.309     2013 04 20 04 01  6.646     201.3
14
15
 2013 04 20 06 01 12.765     2013 04 20 06 03 49.699     156.9
 2013 04 20 12 35 58.472     2013 04 20 12 38 46.277     167.8
16
17
 2013 04 20 22 11 52.340     2013 04 20 22 12 32.747      40.4
18
19
 2013 04 20 11 22 15.491     2013 04 20 11 25 53.679     218.2
20
 2013 04 20 16 03  2.937     2013 04 20 16 06 15.252     192.3
21
 2013 04 20 09 55 15.327     2013 04 20 09 58 14.709     179.4
 2013 04 20 18 10 48.050     2013 04 20 18 14  9.902     201.9
22
 2013 04 20 15 10 39.871     2013 04 20 15 13 12.679     152.8
23
 2013 04 20 08 53 20.320     2013 04 20 08 56 26.244     185.9
 2013 04 20 20 45 40.371     2013 04 20 20 49  3.410     203.0
24
 2013 04 20 06 35 58.503     2013 04 20 06 39 24.456     206.0
25
 2013 04 20 17 04 48.348     2013 04 20 17 08 16.711     208.4
 2013 04 20 22 00 39.404     2013 04 20 22 00 54.123      14.7
 2013 04 20 23 38 33.898     2013 04 20 23 38 56.296      22.4
26
 2013 04 20 14 21 19.627     2013 04 20 14 24  6.808     167.2
27
 2013 04 20 03 21 57.924     2013 04 20 03 25  6.357     188.4
 2013 04 20 15 14 38.618     2013 04 20 15 14 39.844       1.2
28
 2013 04 20 23 01 37.654     2013 04 20 23 04 12.864     155.2
29
 2013 04 20 20 57 32.086     2013 04 20 21 00 57.322     205.2
30
 2013 04 20 10 27 24.084     2013 04 20 10 30  5.398     161.3
31
 2013 04 20 04 27 42.939     2013 04 20 04 30 21.206     158.3
 2013 04 20 11 01 35.101     2013 04 20 11 04 32.666     177.6
32
 2013 04 20 19 54 51.971     2013 04 20 19 58 30.867     218.9
33
 2013 04 20 03 30 48.912     2013 04 20 03 33 23.686     154.8
 2013 04 20 13 32  2.860     2013 04 20 13 34 43.556     160.7
34
 2013 04 20 02 47 28.500     2013 04 20 02 50 16.186     167.7
 2013 04 20 11 07 42.693     2013 04 20 11 08 13.832      31.1
35
36
 2013 04 20 03 54 29.716     2013 04 20 03 57  9.175     159.5
 2013 04 20 22 37 34.238     2013 04 20 22 40 49.182     194.9
37
 2013 04 20 10 42 10.119     2013 04 20 10 44 46.130     156.0
 2013 04 20 18 57 47.115     2013 04 20 19 00 29.466     162.4
38
 2013 04 20 21 28 59.192     2013 04 20 21 32  1.103     181.9
39
 2013 04 20 01 19 42.918     2013 04 20 01 23  9.557     206.6
 2013 04 20 06 15 37.746     2013 04 20 06 18 50.219     192.5
40
 2013 04 20 08 54 59.247     2013 04 20 08 57 32.667     153.4
 2013 04 20 20 44 29.210     2013 04 20 20 47  9.720     160.5
41
 2013 04 20 11 55 29.161     2013 04 20 11 58 30.459     181.3
42
 2013 04 20 13 24 51.833     2013 04 20 13 28 39.049     227.2
43
44
 2013 04 20 16 45  2.418     2013 04 20 16 48  1.404     179.0
45
46
 2013 04 20 04 21 54.597     2013 04 20 04 25  8.705     194.1
 2013 04 20 12 40 18.882     2013 04 20 12 43 52.640     213.8
47
 2013 04 20 02 25 20.473     2013 04 20 02 28  5.329     164.9
 2013 04 20 17 47 35.635     2013 04 20 17 50 20.353     164.7
48
 2013 04 20 09 54  2.172     2013 04 20 09 54 57.442      55.3
 2013 04 20 19 47 25.967     2013 04 20 19 48 20.786      54.8
49
50
51
 2013 04 20 12 20  9.588     2013 04 20 12 23  2.016     172.4
 2013 04 20 18 53 49.096     2013 04 20 18 56 36.370     167.3
52
 2013 04 20 02 01 51.613     2013 04 20 02 05  7.839     196.2
 2013 04 20 10 18 27.972     2013 04 20 10 21 23.769     175.8
53
 2013 04 20 02 55 16.629     2013 04 20 02 58 21.910     185.3
 2013 04 20 07 50 36.843     2013 04 20 07 53 14.827     158.0
54
55
 2013 04 20 02 22   .004     2013 04 20 02 24 35.922     155.9
 2013 04 20 19 25 27.936     2013 04 20 19 28 17.433     169.5
56
57
 2013 04 20 20 40 18.355     2013 04 20 20 43 45.795     207.4
58
 2013 04 20 08 14 26.293     2013 04 20 08 17 11.063     164.8
 2013 04 20 18 16 21.295     2013 04 20 18 18 55.545     154.3
59
 2013 04 20 16 02 51.464     2013 04 20 16 05 47.708     176.2
60
 2013 04 20 12 49 29.431     2013 04 20 12 52 28.878     179.4
61
 2013 04 20 18 59 11.157     2013 04 20 19 02 42.684     211.5
62
 2013 04 20 00 00 36.121     2013 04 20 00 03 22.309     166.2
 2013 04 20 17 03 41.121     2013 04 20 17 07  6.716     205.6
 2013 04 20 23 39  5.748     2013 04 20 23 41 48.668     162.9
63
 2013 04 20 22 09  5.513     2013 04 20 22 11 41.639     156.1
64
 2013 04 20 00 51 21.632     2013 04 20 00 54 17.128     175.5
 2013 04 20 16 12 41.393     2013 04 20 16 16 14.850     213.5
65
 2013 04 20 03 41 32.185     2013 04 20 03 44  8.945     156.8
 2013 04 20 08 36 22.996     2013 04 20 08 39 29.202     186.2
66
 2013 04 20 09 11 41.940     2013 04 20 09 14 19.854     157.9
 2013 04 20 15 45  8.443     2013 04 20 15 48 25.614     197.2
67
 2013 04 20 00 47 26.757     2013 04 20 00 50 31.270     184.5
 2013 04 20 17 49 55.143     2013 04 20 17 53  7.506     192.4
68
 2013 04 20 00 08 30.742     2013 04 20 00 11  5.797     155.1
 2013 04 20 13 45 43.230     2013 04 20 13 48 18.351     155.1
69
 2013 04 20 03 18 46.553     2013 04 20 03 21 34.544     168.0
 2013 04 20 16 53 25.876     2013 04 20 16 56 45.021     199.1
70
71
 2013 04 20 06 36 32.308     2013 04 20 06 39  6.347     154.0
72
 2013 04 20 05 32 43.396     2013 04 20 05 35 36.946     173.5
 2013 04 20 20 58 43.269     2013 04 20 20 59 24.057      40.8
73
 2013 04 20 10 45 43.943     2013 04 20 10 48 23.487     159.5
 2013 04 20 17 20  1.039     2013 04 20 17 22 45.654     164.6
74
75
76
 2013 04 20 08 53 13.431     2013 04 20 08 55 46.977     153.5
77
 2013 04 20 12 20 37.581     2013 04 20 12 23 16.849     159.3
 2013 04 20 18 54 28.132     2013 04 20 18 57 29.792     181.7
78
 2013 04 20 03 20 59.364     2013 04 20 03 23 33.594     154.2
79
 2013 04 20 16 57 52.436     2013 04 20 17 01  2.012     189.6
80
81
 2013 04 20 06 47 55.185     2013 04 20 06 51  6.988     191.8
 2013 04 20 13 23 50.888     2013 04 20 13 27  2.468     191.6
82
 2013 04 20 08 19 28.496     2013 04 20 08 22 41.335     192.8
 2013 04 20 16 37   .591     2013 04 20 16 39 35.027     154.4
83
 2013 04 20 02 29 10.026     2013 04 20 02 31 43.778     153.8
 2013 04 20 16 07 38.020     2013 04 20 16 10 55.631     197.6
84
 2013 04 20 00 27 33.515     2013 04 20 00 30 17.116     163.6
 2013 04 20 08 42 41.984     2013 04 20 08 45 25.602     163.6
85
 2013 04 20 06 46 18.025     2013 04 20 06 49  2.356     164.3
 2013 04 20 15 01 22.116     2013 04 20 15 04 44.841     202.7
86
 2013 04 20 05 56 32.268     2013 04 20 06 00  7.052     214.8
 2013 04 20 14 12 42.720     2013 04 20 14 16 30.221     227.5
87
 2013 04 20 17 37 51.790     2013 04 20 17 38 28.136      36.3
88
 2013 04 20 05 43   .110     2013 04 20 05 45 34.797     154.7
89
 2013 04 20 05 32 50.734     2013 04 20 05 35 59.390     188.7
 2013 04 20 20 55 15.923     2013 04 20 20 58 58.128     222.2
90
91
 2013 04 20 04 42 45.943     2013 04 20 04 45 38.169     172.2
 2013 04 20 21 46 37.925     2013 04 20 21 49 22.698     164.8
92
 2013 04 20 01 03  4.356     2013 04 20 01 05 59.953     175.6
 2013 04 20 12 50 35.170     2013 04 20 12 53 13.273     158.1
93
 2013 04 20 08 21 21.723     2013 04 20 08 24 51.661     209.9
94
 2013 04 20 11 25 51.543     2013 04 20 11 28 26.096     154.6
95
 2013 04 20 14 39 13.599     2013 04 20 14 43  3.646     230.0
96
 2013 04 20 08 16 42.657     2013 04 20 08 19 55.974     193.3
 2013 04 20 18 13 15.459     2013 04 20 18 13 24.375       8.9
97
 2013 04 20 12 09 22.631     2013 04 20 12 11  1.745      99.1
 2013 04 20 22 13 50.093     2013 04 20 22 16 42.669     172.6
98
 2013 04 20 13 09 51.762     2013 04 20 13 12 49.814     178.1
 2013 04 20 18 05  9.951     2013 04 20 18 07 46.638     156.7
99
 2013 04 20 07 10 33.880     2013 04 20 07 13 16.207     162.3
