s7
0
 2013 04 20 04 56 17.483     2013 04 20 04 59 10.267     172.8
1
 2013 04 20 08 50 41.707     2013 04 20 08 54 17.578     215.9
2
 2013 04 20 04 20 42.291     2013 04 20 04 24 23.792     221.5
3
4
 2013 04 20 06 26 46.805     2013 04 20 06 29 39.376     172.6
 2013 04 20 20 03 18.255     2013 04 20 20 05 52.336     154.1
5
 2013 04 20 23 01 55.568     2013 04 20 23 04 53.074     177.5
6
 2013 04 20 15 04 53.191     2013 04 20 15 07 49.286     176.1
7
 2013 04 20 03 28 38.331     2013 04 20 03 31 30.076     171.7
8
 2013 04 20 07 08 52.728     2013 04 20 07 11 29.638     156.9
 2013 04 20 22 30 46.066     2013 04 20 22 33 21.408     155.3
9
 2013 04 20 18 25 15.748     2013 04 20 18 27 49.323     153.6
10
 2013 04 20 08 21  9.641     2013 04 20 08 23 46.579     156.9
 2013 04 20 16 35 12.459     2013 04 20 16 38 47.115     214.7
11
12
 2013 04 20 02 23 30.096     2013 04 20 02 26  9.697     159.6
13
 2013 04 20 04 46 44.540     2013 04 20 04 50  8.185     203.6
 2013 04 20 20 09 59.699     2013 04 20 20 12 44.257     164.6
14
 2013 04 20 11 14 46.961     2013 04 20 11 16 19.384      92.4
 2013 04 20 23 08  7.234     2013 04 20 23 11 12.836     185.6
15
 2013 04 20 06 49 32.986     2013 04 20 06 49 55.987      23.0
 2013 04 20 13 24 27.234     2013 04 20 13 28  6.639     219.4
16
 2013 04 20 05 39 36.852     2013 04 20 05 43  2.843     206.0
 2013 04 20 19 15 25.118     2013 04 20 19 18   .159     155.0
17
 2013 04 20 12 59 52.399     2013 04 20 13 02 46.698     174.3
 2013 04 20 22 57 52.545     2013 04 20 23 01 15.273     202.7
18
 2013 04 20 05 38 47.170     2013 04 20 05 41 36.075     168.9
 2013 04 20 19 16 13.346     2013 04 20 19 19  6.736     173.4
19
 2013 04 20 12 11  3.992     2013 04 20 12 11 21.105      17.1
 2013 04 20 22 12 54.794     2013 04 20 22 16 26.055     211.3
20
 2013 04 20 03 22   .908     2013 04 20 03 24 41.986     161.1
21
 2013 04 20 09 05 46.178     2013 04 20 09 05 50.703       4.5
 2013 04 20 17 21 44.784     2013 04 20 17 25 10.103     205.3
22
 2013 04 20 04 14 38.186     2013 04 20 04 17 31.561     173.4
23
24
 2013 04 20 17 30 37.850     2013 04 20 17 34  4.386     206.5
25
 2013 04 20 16 16 10.176     2013 04 20 16 18 52.554     162.4
 2013 04 20 22 50 26.392     2013 04 20 22 53  2.834     156.4
26
 2013 04 20 03 28 42.829     2013 04 20 03 31 44.590     181.8
27
28
 2013 04 20 12 07 57.795     2013 04 20 12 11 20.004     202.2
29
 2013 04 20 04 45 56.110     2013 04 20 04 48 40.865     164.8
 2013 04 20 20 08 31.471     2013 04 20 20 11 51.677     200.2
30
 2013 04 20 23 08 43.679     2013 04 20 23 11 44.010     180.3
31
 2013 04 20 03 38  9.972     2013 04 20 03 38 13.593       3.6
 2013 04 20 05 16  6.779     2013 04 20 05 16 55.652      48.9
 2013 04 20 10 12 31.550     2013 04 20 10 15 37.290     185.7
32
 2013 04 20 08 56 34.383     2013 04 20 08 59 49.787     195.4
33
34
 2013 04 20 11 53 43.804     2013 04 20 11 56 43.357     179.6
35
 2013 04 20 07 56 17.251     2013 04 20 07 58 55.741     158.5
 2013 04 20 23 18 22.618     2013 04 20 23 21  2.825     160.2
36
 2013 04 20 03 05 12.016     2013 04 20 03 08 25.828     193.8
 2013 04 20 21 48 49.583     2013 04 20 21 51 29.511     159.9
37
38
 2013 04 20 10 33  6.735     2013 04 20 10 36 49.727     223.0
39
 2013 04 20 00 31  5.384     2013 04 20 00 33 45.321     159.9
 2013 04 20 07 04 48.321     2013 04 20 07 07 36.604     168.3
40
41
 2013 04 20 02 45 24.937     2013 04 20 02 48 24.310     179.4
42
 2013 04 20 05 58 41.215     2013 04 20 06 01 25.346     164.1
 2013 04 20 14 14 17.153     2013 04 20 14 17 18.656     181.5
43
 2013 04 20 00 15 29.297     2013 04 20 00 18  4.132     154.8
 2013 04 20 12 04   .555     2013 04 20 12 06 34.607     154.1
44
 2013 04 20 05 48 40.711     2013 04 20 05 51 19.401     158.7
45
 2013 04 20 03 24 31.970     2013 04 20 03 27  7.123     155.2
 2013 04 20 15 13 29.257     2013 04 20 15 16  5.122     155.9
46
 2013 04 20 03 36  4.078     2013 04 20 03 36 33.282      29.2
 2013 04 20 13 29 16.786     2013 04 20 13 32 57.057     220.3
47
48
 2013 04 20 10 40 18.871     2013 04 20 10 43 36.672     197.8
 2013 04 20 18 58 43.212     2013 04 20 19 02  1.870     198.7
49
 2013 04 20 02 00 47.179     2013 04 20 02 03 44.730     177.6
 2013 04 20 10 18 26.904     2013 04 20 10 21 19.430     172.5
50
 2013 04 20 01 57 35.712     2013 04 20 02 00 13.381     157.7
 2013 04 20 11 56 55.197     2013 04 20 12 00 15.826     200.6
51
 2013 04 20 13 09  1.887     2013 04 20 13 12  6.930     185.0
 2013 04 20 18 04 36.316     2013 04 20 18 07 48.099     191.8
52
 2013 04 20 01 12 37.402     2013 04 20 01 16 17.637     220.2
 2013 04 20 09 32  5.790     2013 04 20 09 32 52.844      47.1
53
 2013 04 20 02 06 28.603     2013 04 20 02 09 13.028     164.4
 2013 04 20 07 01 11.009     2013 04 20 07 04 36.151     205.1
 2013 04 20 08 38 47.629     2013 04 20 08 39 51.511      63.9
54
 2013 04 20 08 06 18.109     2013 04 20 08 09 22.101     184.0
 2013 04 20 19 58 19.185     2013 04 20 20 01 28.385     189.2
55
 2013 04 20 01 32 12.141     2013 04 20 01 32 27.451      15.3
 2013 04 20 18 36  6.990     2013 04 20 18 39 42.073     215.1
56
 2013 04 20 10 37 14.138     2013 04 20 10 39 48.590     154.5
 2013 04 20 20 37 20.398     2013 04 20 20 40  6.396     166.0
57
 2013 04 20 09 45  7.257     2013 04 20 09 48   .382     173.1
58
59
 2013 04 20 03 21 47.290     2013 04 20 03 24 49.079     181.8
60
 2013 04 20 01 51 29.185     2013 04 20 01 54 54.087     204.9
61
 2013 04 20 09 53 27.794     2013 04 20 09 56  5.826     158.0
 2013 04 20 18 10  8.799     2013 04 20 18 13 38.386     209.6
62
 2013 04 20 16 14 57.095     2013 04 20 16 17 49.445     172.4
 2013 04 20 22 49 31.674     2013 04 20 22 53 14.823     223.1
63
 2013 04 20 13 01 30.153     2013 04 20 13 04  8.755     158.6
64
 2013 04 20 00 05 20.543     2013 04 20 00 05 48.577      28.0
 2013 04 20 15 23 41.683     2013 04 20 15 27  6.372     204.7
65
 2013 04 20 02 55 16.855     2013 04 20 02 55 59.966      43.1
 2013 04 20 04 30  8.475     2013 04 20 04 33 32.161     203.7
 2013 04 20 09 25 32.265     2013 04 20 09 28 16.460     164.2
66
 2013 04 20 08 22  9.804     2013 04 20 08 22 23.008      13.2
 2013 04 20 10 00  8.836     2013 04 20 10 04  1.448     232.6
 2013 04 20 14 56 25.553     2013 04 20 14 59 14.479     168.9
67
 2013 04 20 01 36 14.483     2013 04 20 01 39 40.127     205.6
 2013 04 20 17 00 51.881     2013 04 20 17 04  7.997     196.1
68
69
70
 2013 04 20 06 39 56.757     2013 04 20 06 43   .853     184.1
 2013 04 20 16 41 57.629     2013 04 20 16 44 33.512     155.9
71
 2013 04 20 17 31 48.414     2013 04 20 17 34 34.989     166.6
72
 2013 04 20 06 21  7.201     2013 04 20 06 21 59.898      52.7
 2013 04 20 21 44 51.625     2013 04 20 21 47 45.423     173.8
73
 2013 04 20 09 56 12.502     2013 04 20 09 56 33.247      20.7
 2013 04 20 11 34  3.096     2013 04 20 11 34  4.543       1.4
 2013 04 20 16 30 37.507     2013 04 20 16 34  4.802     207.3
74
 2013 04 20 02 30 34.775     2013 04 20 02 33 29.492     174.7
 2013 04 20 16 07 45.000     2013 04 20 16 10 45.699     180.7
75
 2013 04 20 00 13 50.616     2013 04 20 00 17 13.265     202.6
 2013 04 20 12 05 40.863     2013 04 20 12 08 18.656     157.8
76
 2013 04 20 21 34  7.435     2013 04 20 21 37 51.457     224.0
77
 2013 04 20 11 31  7.860     2013 04 20 11 31 59.594      51.7
 2013 04 20 13 08 59.952     2013 04 20 13 09 27.671      27.7
 2013 04 20 18 05 28.710     2013 04 20 18 08 30.859     182.1
78
 2013 04 20 16 04 16.371     2013 04 20 16 06 51.748     155.4
79
 2013 04 20 02 27 51.000     2013 04 20 02 30 51.824     180.8
80
 2013 04 20 06 41 21.120     2013 04 20 06 43 57.352     156.2
 2013 04 20 16 40 17.212     2013 04 20 16 43 26.096     188.9
81
 2013 04 20 05 58 51.762     2013 04 20 06 02  8.303     196.5
 2013 04 20 14 12 47.178     2013 04 20 14 16  3.723     196.5
82
 2013 04 20 07 30  6.154     2013 04 20 07 30 29.528      23.4
83
84
 2013 04 20 01 15 53.671     2013 04 20 01 16 15.107      21.4
 2013 04 20 07 56 36.386     2013 04 20 07 57  3.009      26.6
85
 2013 04 20 14 12 21.837     2013 04 20 14 15 43.042     201.2
86
 2013 04 20 06 45 41.103     2013 04 20 06 49   .310     199.2
 2013 04 20 15 02  4.878     2013 04 20 15 05 11.307     186.4
87
 2013 04 20 04 56 45.394     2013 04 20 04 59 29.401     164.0
 2013 04 20 16 52 29.039     2013 04 20 16 52 47.669      18.6
88
 2013 04 20 18 26  4.432     2013 04 20 18 28 46.020     161.6
89
 2013 04 20 06 21 33.045     2013 04 20 06 25 15.620     222.6
 2013 04 20 21 44 29.605     2013 04 20 21 47 39.127     189.5
90
 2013 04 20 01 56 15.987     2013 04 20 01 59 40.906     204.9
 2013 04 20 11 58 19.931     2013 04 20 12 01  6.023     166.1
91
 2013 04 20 05 31 24.081     2013 04 20 05 34 50.921     206.8
 2013 04 20 22 35 15.948     2013 04 20 22 38 47.321     211.4
92
93
 2013 04 20 07 32 27.947     2013 04 20 07 35 39.129     191.2
 2013 04 20 15 47 56.104     2013 04 20 15 50 32.819     156.7
94
 2013 04 20 20 34 47.933     2013 04 20 20 38  1.961     194.0
95
 2013 04 20 13 50 33.907     2013 04 20 13 53 33.033     179.1
 2013 04 20 22 06 23.559     2013 04 20 22 09  4.948     161.4
96
 2013 04 20 09 05 19.551     2013 04 20 09 05 52.957      33.4
 2013 04 20 17 24 42.557     2013 04 20 17 27 55.310     192.8
97
 2013 04 20 11 24  3.116     2013 04 20 11 24 16.575      13.5
98
 2013 04 20 12 20 55.609     2013 04 20 12 23 47.026     171.4
 2013 04 20 13 58 19.629     2013 04 20 13 58 23.751       4.1
 2013 04 20 17 15 36.576     2013 04 20 17 19 12.430     215.9
 2013 04 20 18 53 28.413     2013 04 20 18 57 10.743     222.3
99
 2013 04 20 21 40 58.450     2013 04 20 21 43 51.446     173.0
