s4
0
 2013 04 20 05 28 26.236     2013 04 20 05 30 10.870     104.6
 2013 04 20 17 22 32.295     2013 04 20 17 25 12.753     160.5
1
 2013 04 20 21 21 40.624     2013 04 20 21 24 46.825     186.2
2
 2013 04 20 04 53 40.997     2013 04 20 04 56 24.085     163.1
 2013 04 20 13 11 59.795     2013 04 20 13 15 30.578     210.8
3
 2013 04 20 11 00 43.078     2013 04 20 11 03 19.835     156.8
 2013 04 20 22 52 49.092     2013 04 20 22 55 57.004     187.9
4
 2013 04 20 06 59  8.515     2013 04 20 07 02 53.765     225.3
5
 2013 04 20 11 52 46.244     2013 04 20 11 56 17.888     211.6
6
 2013 04 20 05 38 20.194     2013 04 20 05 40 57.861     157.7
 2013 04 20 15 38 18.736     2013 04 20 15 41 48.836     210.1
7
 2013 04 20 04 00 41.799     2013 04 20 04 04 28.643     226.8
 2013 04 20 14 05 59.837     2013 04 20 14 08 46.251     166.4
8
 2013 04 20 07 41  6.591     2013 04 20 07 44 50.715     224.1
 2013 04 20 23 04 32.469     2013 04 20 23 04 51.917      19.4
9
10
 2013 04 20 08 53 43.769     2013 04 20 08 57 12.798     209.0
 2013 04 20 15 30 43.480     2013 04 20 15 34 34.461     231.0
11
 2013 04 20 07 04 49.912     2013 04 20 07 07 38.457     168.5
 2013 04 20 18 55  3.722     2013 04 20 18 57 43.647     159.9
12
 2013 04 20 02 55 25.721     2013 04 20 02 58 46.786     201.1
 2013 04 20 18 21  9.762     2013 04 20 18 23 49.183     159.4
13
14
 2013 04 20 00 01 24.179     2013 04 20 00 05  8.738     224.6
 2013 04 20 23 42 25.626     2013 04 20 23 46  9.974     224.3
15
 2013 04 20 05 44 43.896     2013 04 20 05 47 36.747     172.9
 2013 04 20 12 20   .354     2013 04 20 12 23 18.697     198.3
16
 2013 04 20 06 12 30.612     2013 04 20 06 15 35.245     184.6
17
 2013 04 20 13 33  7.081     2013 04 20 13 36 35.108     208.0
18
 2013 04 20 06 11  1.531     2013 04 20 06 14 44.081     222.6
 2013 04 20 19 50  1.829     2013 04 20 19 53 45.415     223.6
19
20
 2013 04 20 03 53 41.709     2013 04 20 03 53 52.350      10.6
 2013 04 20 15 47 57.840     2013 04 20 15 50 33.320     155.5
21
 2013 04 20 09 39 23.388     2013 04 20 09 42  2.666     159.3
 2013 04 20 17 56  2.294     2013 04 20 17 58 48.949     166.7
22
 2013 04 20 14 54 49.794     2013 04 20 14 58 11.504     201.7
23
 2013 04 20 08 37 27.877     2013 04 20 08 40  6.795     158.9
24
 2013 04 20 18 04 44.279     2013 04 20 18 08  2.338     198.1
25
 2013 04 20 16 49 50.808     2013 04 20 16 52 49.880     179.1
 2013 04 20 23 24 31.290     2013 04 20 23 27 53.029     201.7
26
 2013 04 20 04 00 58.456     2013 04 20 04 04 30.125     211.7
 2013 04 20 14 05 48.102     2013 04 20 14 08 31.717     163.6
27
 2013 04 20 03 05 28.673     2013 04 20 03 08  4.960     156.3
28
 2013 04 20 12 41 26.142     2013 04 20 12 44 41.406     195.3
 2013 04 20 22 46 35.446     2013 04 20 22 50  5.364     209.9
29
 2013 04 20 05 18 10.337     2013 04 20 05 21 32.486     202.1
 2013 04 20 20 42 58.872     2013 04 20 20 45 48.388     169.5
30
 2013 04 20 10 13 20.892     2013 04 20 10 14 47.316      86.4
31
 2013 04 20 04 11  8.353     2013 04 20 04 13 53.199     164.8
 2013 04 20 10 45 54.914     2013 04 20 10 48 33.094     158.2
32
33
 2013 04 20 03 13 38.800     2013 04 20 03 17  6.600     207.8
 2013 04 20 13 15 52.995     2013 04 20 13 19 39.212     226.2
34
 2013 04 20 02 30 16.253     2013 04 20 02 34  4.933     228.7
35
36
 2013 04 20 03 37 50.686     2013 04 20 03 40 34.406     163.7
 2013 04 20 22 23  2.992     2013 04 20 22 26  2.191     179.2
37
 2013 04 20 10 26  5.553     2013 04 20 10 29  8.865     183.3
 2013 04 20 18 42 46.992     2013 04 20 18 45 28.101     161.1
38
 2013 04 20 21 14 26.965     2013 04 20 21 17  5.452     158.5
39
 2013 04 20 01 03  2.988     2013 04 20 01 06   .326     177.3
 2013 04 20 05 58 56.480     2013 04 20 06 02 42.161     225.7
 2013 04 20 07 36 47.602     2013 04 20 07 36 56.146       8.5
40
 2013 04 20 08 38 23.648     2013 04 20 08 41 56.144     212.5
 2013 04 20 20 29  3.203     2013 04 20 20 32 50.054     226.9
41
 2013 04 20 11 43  5.022     2013 04 20 11 43 20.929      15.9
42
43
44
45
46
 2013 04 20 04 05 37.880     2013 04 20 04 08 16.087     158.2
47
 2013 04 20 02 08 33.292     2013 04 20 02 11 18.309     165.0
 2013 04 20 17 32 26.801     2013 04 20 17 35  8.509     161.7
48
 2013 04 20 19 33  1.436     2013 04 20 19 36  1.691     180.3
49
 2013 04 20 10 51 25.237     2013 04 20 10 54 41.239     196.0
50
51
 2013 04 20 12 04 14.050     2013 04 20 12 07 41.060     207.0
 2013 04 20 13 42  3.277     2013 04 20 13 42 22.182      18.9
 2013 04 20 18 38 54.927     2013 04 20 18 41 32.368     157.4
52
 2013 04 20 01 45 15.082     2013 04 20 01 47 56.414     161.3
 2013 04 20 10 02 40.123     2013 04 20 10 05 20.844     160.7
53
 2013 04 20 02 38 42.724     2013 04 20 02 41 29.210     166.5
 2013 04 20 07 34 22.116     2013 04 20 07 37  6.528     164.4
54
 2013 04 20 20 32 21.352     2013 04 20 20 36   .310     219.0
55
 2013 04 20 02 05  3.514     2013 04 20 02 07 56.676     173.2
 2013 04 20 19 10 33.196     2013 04 20 19 13 13.651     160.5
56
57
 2013 04 20 10 17 49.120     2013 04 20 10 19 39.650     110.5
58
 2013 04 20 07 58 11.374     2013 04 20 08 00 58.641     167.3
 2013 04 20 18 00 50.467     2013 04 20 18 04 14.814     204.3
59
 2013 04 20 03 53 57.475     2013 04 20 03 57 38.774     221.3
 2013 04 20 15 47 36.579     2013 04 20 15 50 15.804     159.2
60
61
 2013 04 20 10 26  7.107     2013 04 20 10 29 49.253     222.1
 2013 04 20 18 44 35.096     2013 04 20 18 47 19.237     164.1
62
 2013 04 20 16 48 44.893     2013 04 20 16 51 38.558     173.7
 2013 04 20 23 24 38.665     2013 04 20 23 27 17.280     158.6
63
 2013 04 20 13 34 26.987     2013 04 20 13 38 16.791     229.8
 2013 04 20 21 54 13.884     2013 04 20 21 57 10.254     176.4
64
 2013 04 20 00 34 31.813     2013 04 20 00 37 13.091     161.3
 2013 04 20 15 57 40.687     2013 04 20 16 00 30.889     170.2
65
 2013 04 20 03 24 44.455     2013 04 20 03 27 38.439     174.0
 2013 04 20 05 02 18.737     2013 04 20 05 02 33.275      14.5
 2013 04 20 08 19 58.116     2013 04 20 08 23 34.723     216.6
 2013 04 20 09 57 56.152     2013 04 20 10 01 47.017     230.9
66
 2013 04 20 08 55 37.982     2013 04 20 08 58 22.805     164.8
 2013 04 20 15 30  5.146     2013 04 20 15 32 52.077     166.9
67
 2013 04 20 00 29 58.662     2013 04 20 00 33 57.573     238.9
 2013 04 20 17 34 57.561     2013 04 20 17 37 43.601     166.0
68
 2013 04 20 13 29 56.557     2013 04 20 13 32 59.182     182.6
 2013 04 20 23 32  7.643     2013 04 20 23 35 19.574     191.9
69
 2013 04 20 03 04 57.517     2013 04 20 03 05 27.368      29.9
 2013 04 20 16 38 32.902     2013 04 20 16 41 10.314     157.4
70
71
 2013 04 20 06 19 40.502     2013 04 20 06 23  9.401     208.9
 2013 04 20 18 05  7.138     2013 04 20 18 05 34.581      27.4
72
 2013 04 20 05 15 46.226     2013 04 20 05 19 35.123     228.9
73
 2013 04 20 10 29 51.995     2013 04 20 10 32 34.036     162.0
 2013 04 20 17 04 54.628     2013 04 20 17 07 32.544     157.9
74
75
76
 2013 04 20 08 36 47.244     2013 04 20 08 40   .405     193.2
77
 2013 04 20 12 04 55.823     2013 04 20 12 07 37.838     162.0
 2013 04 20 18 39 40.418     2013 04 20 18 42 20.296     159.9
78
 2013 04 20 03 03 52.780     2013 04 20 03 07  8.617     195.8
79
 2013 04 20 16 42 55.608     2013 04 20 16 45 33.421     157.8
80
 2013 04 20 07 13 26.730     2013 04 20 07 13 59.930      33.2
81
 2013 04 20 06 31 46.490     2013 04 20 06 34 30.857     164.4
 2013 04 20 13 07 45.750     2013 04 20 13 08 27.982      42.2
82
 2013 04 20 08 03 31.782     2013 04 20 08 06 11.897     160.1
 2013 04 20 16 21 28.610     2013 04 20 16 24 34.821     186.2
83
 2013 04 20 02 11 58.584     2013 04 20 02 15 18.431     199.8
84
 2013 04 20 00 10  7.437     2013 04 20 00 13 41.939     214.5
 2013 04 20 08 26 35.606     2013 04 20 08 29 19.738     164.1
85
 2013 04 20 06 29 57.257     2013 04 20 06 32 39.744     162.5
 2013 04 20 14 46 16.187     2013 04 20 14 49  3.256     167.1
86
87
 2013 04 20 17 23 14.743     2013 04 20 17 26  4.489     169.7
88
 2013 04 20 05 26 15.815     2013 04 20 05 29 25.050     189.2
89
 2013 04 20 05 19 22.275     2013 04 20 05 20  1.285      39.0
90
91
 2013 04 20 04 25 54.631     2013 04 20 04 29 20.846     206.2
 2013 04 20 21 31 44.590     2013 04 20 21 35   .531     195.9
92
 2013 04 20 12 34 41.174     2013 04 20 12 37 39.149     178.0
93
 2013 04 20 08 05 28.280     2013 04 20 08 08 18.911     170.6
 2013 04 20 16 20 59.848     2013 04 20 16 24 55.002     235.2
94
 2013 04 20 11 09 41.942     2013 04 20 11 12 52.343     190.4
 2013 04 20 21 09  8.850     2013 04 20 21 12 20.699     191.8
95
 2013 04 20 14 24  4.220     2013 04 20 14 27  7.464     183.2
 2013 04 20 22 40 20.912     2013 04 20 22 43 58.366     217.5
96
 2013 04 20 17 58 44.148     2013 04 20 18 01 51.107     187.0
97
 2013 04 20 11 54  9.688     2013 04 20 11 56 55.210     165.5
 2013 04 20 22 01 56.454     2013 04 20 22 02 35.193      38.7
98
 2013 04 20 12 54 17.705     2013 04 20 12 57  4.074     166.4
 2013 04 20 17 49 55.826     2013 04 20 17 52 48.884     173.1
99
 2013 04 20 06 53 45.589     2013 04 20 06 57 27.428     221.8
 2013 04 20 22 15  6.317     2013 04 20 22 18 35.335     209.0
