0 -6.6723 -173.7038 10 25 9
1 15.7803 -50.9425 10 19 9
2 -34.3469 38.1726 1 22 8
3 3.9967 -81.0068 8 21 9
4 -20.0112 155.0260 1 16 5
5 15.4928 91.5661 5 27 5
6 26.1437 -161.0605 1 24 7
7 16.1562 -138.1099 4 22 9
8 37.3269 -47.9658 2 27 8
9 -8.7380 172.6040 9 19 5
10 42.3760 171.3333 7 19 5
11 0.6811 158.6541 7 24 6
12 41.8191 18.6508 4 16 9
13 -39.9235 172.4660 4 28 7
14 -8.3377 97.4882 2 23 9
15 47.1121 -145.4544 3 20 5
16 17.6706 -13.6269 1 25 7
17 28.6955 85.3925 2 22 9
18 22.4414 -14.2934 9 16 7
19 -21.1648 -77.7405 3 29 6
20 -6.5196 -148.6995 8 27 5
21 -39.3288 -30.6776 2 22 9
22 -9.4906 31.4612 7 22 6
23 -7.1685 131.9670 7 22 8
24 -12.0668 -10.0947 6 28 7
25 48.8709 58.6995 5 15 7
26 17.0023 -138.3201 10 29 7
27 8.4543 35.2606 6 25 6
28 -15.2716 -92.1177 10 24 6
29 -39.8222 164.3004 5 25 9
30 -7.0217 103.1131 9 18 9
31 49.4527 -116.6738 4 19 7
32 -3.6126 -42.1775 3 28 9
33 -21.7631 47.1143 1 16 9
34 35.4492 -113.2282 1 16 8
35 -37.9433 121.8082 3 23 5
36 -52.5064 162.5277 3 17 8
37 39.6412 133.2139 6 16 5
38 -10.1917 -61.4421 6 16 5
39 50.1473 -58.9845 6 25 6
40 -0.6948 131.4416 2 28 9
41 -26.6823 66.0849 10 22 8
42 -39.4130 27.5005 3 16 6
43 1.5321 -95.8809 3 16 7
44 -7.9872 5.4670 2 15 6
45 0.5405 -142.9533 7 29 6
46 32.4244 -132.3885 3 19 5
47 -38.2086 -153.2685 8 19 9
48 -32.8171 -47.6373 3 22 9
49 34.7109 -95.6385 5 26 9
50 25.3789 -104.9468 1 19 5
51 50.6955 119.9184 8 24 5
52 -37.5905 88.6415 5 19 7
53 52.5680 -79.6130 5 15 7
54 -6.3389 144.2102 1 19 5
55 -46.9606 -165.4930 10 17 8
56 -24.2993 -58.4720 9 29 6
57 10.3253 122.9052 5 16 6
58 -20.5179 -22.9779 9 17 6
59 -5.9171 -149.9276 2 15 7
60 5.1525 -113.1440 5 18 9
61 35.9170 140.6498 6 17 6
62 46.4240 53.6552 7 27 6
63 32.6262 89.9260 2 16 9
64 -36.6207 -126.8206 9 25 8
65 -52.5732 79.4807 8 29 5
66 50.1847 172.5334 6 26 6
67 -43.9846 -143.4077 3 17 8
68 21.9118 72.6596 7 28 8
69 16.6836 25.2552 9 27 5
70 20.6047 -177.5077 4 17 8
71 -10.5059 -6.9006 4 22 5
72 -40.4856 150.2955 6 16 8
73 48.6225 146.6967 7 23 5
74 21.8518 39.3163 2 21 6
75 -5.0149 -94.3826 2 15 9
76 -7.0094 129.2010 2 27 8
77 49.4508 124.0381 9 16 9
78 11.0472 30.7899 9 15 5
79 30.6581 34.1794 6 17 5
80 26.4896 -178.1808 10 27 5
81 -43.9717 24.2434 7 27 7
82 -35.7155 -9.3390 9 25 9
83 -25.5281 -146.0453 2 20 9
84 -40.8998 108.1548 8 23 5
85 -40.2141 16.5067 6 20 8
86 37.9211 -162.6554 4 29 9
87 -7.5451 -169.8593 4 26 5
88 -10.6875 175.4951 8 23 5
89 -39.2030 150.3372 8 16 9
90 20.6603 -104.4247 3 19 6
91 47.6440 -27.2697 8 25 7
92 4.1679 -108.6037 5 16 6
93 -40.8225 -2.4515 1 25 7
94 -28.5140 -67.7900 8 19 5
95 -39.5734 -98.4411 4 21 7
96 -31.4801 -22.1471 4 21 7
97 15.6684 97.9833 7 24 5
98 -52.5157 -56.6109 5 18 8
99 -31.7097 135.8803 2 20 5